1772811731912 0.0 1
1772811741055 0.0 2
1772811750844 0.0 3
1772811760339 0.0 4
1772811776933 0.0 5
1772811786238 0.0 6
1772811796070 0.0 7
1772811805842 0.0 8
1772811815614 0.0 9
1772811828885 0.0 10
1772811838097 0.0 11
1772811847113 0.0 12
1772811856692 0.0 13
1772811866137 0.0 14
1772811878985 0.0 15
1772811888329 0.0 16
1772811898181 0.0 17
1772811907670 0.0 18
1772811917793 0.0 19
1772811931238 0.0 20
1772811955022 0.0 21
1772811966104 0.0 22
1772811976278 0.0 23
1772811986258 0.0 24
1772812001741 0.0 25
1772812012054 0.0 26
1772812022319 0.0 27
1772812032501 0.0 28
1772812042734 0.0 29
