1772811731914 1.0 1
1772811741056 2.0 2
1772811750846 3.0 3
1772811760341 4.0 4
1772811776935 5.0 5
1772811786241 6.0 6
1772811796073 7.0 7
1772811805844 8.0 8
1772811815616 9.0 9
1772811828887 10.0 10
1772811838100 11.0 11
1772811847115 12.0 12
1772811856695 13.0 13
1772811866139 14.0 14
1772811878987 15.0 15
1772811888332 16.0 16
1772811898183 17.0 17
1772811907672 18.0 18
1772811917796 19.0 19
1772811931240 20.0 20
1772811955024 1.0 21
1772811966106 2.0 22
1772811976280 3.0 23
1772811986260 4.0 24
1772812001743 5.0 25
1772812012056 6.0 26
1772812022321 7.0 27
1772812032503 8.0 28
1772812042737 9.0 29
