1772811731911 4000.0 1
1772811741054 8000.0 2
1772811750843 12000.0 3
1772811760338 16000.0 4
1772811776933 20000.0 5
1772811786238 24000.0 6
1772811796070 28000.0 7
1772811805842 32000.0 8
1772811815614 36000.0 9
1772811828884 40000.0 10
1772811838097 44000.0 11
1772811847112 48000.0 12
1772811856692 52000.0 13
1772811866136 56000.0 14
1772811878984 60000.0 15
1772811888329 64000.0 16
1772811898180 68000.0 17
1772811907670 72000.0 18
1772811917793 76000.0 19
1772811931238 80000.0 20
1772811955022 84000.0 21
1772811966103 88000.0 22
1772811976278 92000.0 23
1772811986257 96000.0 24
1772812001741 100000.0 25
1772812012053 104000.0 26
1772812022319 108000.0 27
1772812032500 112000.0 28
1772812042734 116000.0 29
