1772811731911 1.0 1
1772811741054 1.0 2
1772811750843 1.0 3
1772811760338 1.0 4
1772811776932 1.0 5
1772811786237 1.0 6
1772811796070 1.0 7
1772811805841 1.0 8
1772811815614 1.0 9
1772811828884 1.0 10
1772811838096 1.0 11
1772811847112 1.0 12
1772811856691 1.0 13
1772811866136 1.0 14
1772811878984 1.0 15
1772811888328 1.0 16
1772811898180 1.0 17
1772811907669 1.0 18
1772811917792 1.0 19
1772811931237 1.0 20
1772811955022 1.0 21
1772811966103 1.0 22
1772811976278 1.0 23
1772811986257 1.0 24
1772812001740 1.0 25
1772812012052 1.0 26
1772812022319 1.0 27
1772812032500 1.0 28
1772812042733 1.0 29
