1772811731913 31595.0 1
1772811741056 31595.0 2
1772811750846 31595.0 3
1772811760340 31595.0 4
1772811776934 31595.0 5
1772811786240 31595.0 6
1772811796072 31595.0 7
1772811805844 31595.0 8
1772811815616 31595.0 9
1772811828886 31595.0 10
1772811838099 31595.0 11
1772811847114 31595.0 12
1772811856694 31595.0 13
1772811866138 31595.0 14
1772811878986 31595.0 15
1772811888331 31595.0 16
1772811898182 31595.0 17
1772811907672 31595.0 18
1772811917795 31595.0 19
1772811931239 31595.0 20
1772811955024 32423.0 21
1772811966105 32423.0 22
1772811976280 32423.0 23
1772811986259 32423.0 24
1772812001742 32423.0 25
1772812012055 32423.0 26
1772812022321 32423.0 27
1772812032502 32423.0 28
1772812042736 32423.0 29
