1772811731913 9.292643070220947 1
1772811741056 18.24601411819458 2
1772811750845 27.871992111206055 3
1772811760340 37.2032630443573 4
1772811776934 47.02261519432068 5
1772811786240 56.178521156311035 6
1772811796072 65.84223008155823 7
1772811805843 75.40707802772522 8
1772811815615 84.99126267433167 9
1772811828886 94.53194379806519 10
1772811838099 103.58339977264404 11
1772811847114 112.44116711616516 12
1772811856694 121.8657693862915 13
1772811866138 131.15348148345947 14
1772811878986 140.28052854537964 15
1772811888331 149.46975564956665 16
1772811898182 159.13672161102295 17
1772811907671 168.45392870903015 18
1772811917794 178.40656399726868 19
1772811931239 187.91908431053162 20
1772811955023 197.3777015209198 21
1772811966105 208.29139137268066 22
1772811976280 218.2703573703766 23
1772811986259 228.08547353744507 24
1772812001742 237.39901733398438 25
1772812012055 247.5317087173462 26
1772812022320 257.6223955154419 27
1772812032502 267.63429260253906 28
1772812042736 277.7003767490387 29
