1772811731914 9.292643070220947 1
1772811741056 18.24601411819458 2
1772811750846 27.871992111206055 3
1772811760341 37.2032630443573 4
1772811776935 47.02261519432068 5
1772811786240 56.178521156311035 6
1772811796072 65.84223008155823 7
1772811805844 75.40707802772522 8
1772811815616 84.99126267433167 9
1772811828887 94.53194379806519 10
1772811838099 103.58339977264404 11
1772811847115 112.44116711616516 12
1772811856694 121.8657693862915 13
1772811866139 131.15348148345947 14
1772811878986 140.28052854537964 15
1772811888331 149.46975564956665 16
1772811898182 159.13672161102295 17
1772811907672 168.45392870903015 18
1772811917795 178.40656399726868 19
1772811931240 187.91908431053162 20
1772811955024 9.458617210388184 21
1772811966106 20.372307062149048 22
1772811976280 30.35127305984497 23
1772811986259 40.16638922691345 24
1772812001743 49.47993302345276 25
1772812012056 59.612624406814575 26
1772812022321 69.70331120491028 27
1772812032502 79.71520829200745 28
1772812042736 89.78129243850708 29
