1772811731913 9.292643070220947 1
1772811741055 8.953371047973633 2
1772811750845 9.625977993011475 3
1772811760340 9.331270933151245 4
1772811776934 9.819352149963379 5
1772811786239 9.155905961990356 6
1772811796071 9.663708925247192 7
1772811805843 9.564847946166992 8
1772811815615 9.584184646606445 9
1772811828886 9.54068112373352 10
1772811838098 9.051455974578857 11
1772811847114 8.857767343521118 12
1772811856693 9.424602270126343 13
1772811866138 9.287712097167969 14
1772811878986 9.127047061920166 15
1772811888330 9.189227104187012 16
1772811898181 9.666965961456299 17
1772811907671 9.317207098007202 18
