1772811731912 1772811731.0 1
1772811741055 1772811740.0 2
1772811750845 1772811750.0 3
1772811760339 1772811760.0 4
1772811776933 1772811770.0 5
1772811786239 1772811786.0 6
1772811796071 1772811796.0 7
1772811805843 1772811805.0 8
1772811815615 1772811815.0 9
1772811828885 1772811825.0 10
1772811838098 1772811838.0 11
1772811847113 1772811847.0 12
1772811856693 1772811856.0 13
1772811866137 1772811866.0 14
1772811878985 1772811875.0 15
1772811888330 1772811888.0 16
1772811898181 1772811898.0 17
1772811907671 1772811907.0 18
