1772811731912 1.0 1
1772811741055 2.0 2
1772811750844 3.0 3
1772811760339 4.0 4
1772811776933 5.0 5
1772811786239 6.0 6
1772811796071 7.0 7
1772811805843 8.0 8
1772811815615 9.0 9
1772811828885 10.0 10
1772811838098 11.0 11
1772811847113 12.0 12
1772811856693 13.0 13
1772811866137 14.0 14
1772811878985 15.0 15
1772811888330 16.0 16
1772811898181 17.0 17
1772811907670 18.0 18
1772811917793 19.0 19
1772811931238 20.0 20
1772811955023 21.0 21
1772811966104 22.0 22
1772811976279 23.0 23
1772811986258 24.0 24
1772812001741 25.0 25
1772812012054 26.0 26
1772812022319 27.0 27
1772812032501 28.0 28
1772812042734 29.0 29
