1772811731997 4000.0 1
1772811741127 4000.0 2
1772811750931 4000.0 3
1772811760411 4000.0 4
1772811777009 4000.0 5
1772811786312 4000.0 6
1772811796142 4000.0 7
1772811805919 4000.0 8
1772811815686 4000.0 9
1772811828972 4000.0 10
1772811838173 4000.0 11
1772811847188 4000.0 12
1772811856774 4000.0 13
1772811866208 4000.0 14
1772811879059 4000.0 15
1772811888404 4000.0 16
1772811898263 4000.0 17
1772811907757 4000.0 18
1772811917872 4000.0 19
1772811931312 4000.0 20
1772811955081 4000.0 21
1772811966182 4000.0 22
1772811976343 4000.0 23
1772811986320 4000.0 24
1772812001798 4000.0 25
1772812012115 4000.0 26
1772812022383 4000.0 27
1772812032562 4000.0 28
1772812042793 4000.0 29
