1772811731995 4000.0 1
1772811741125 4000.0 2
1772811750929 4000.0 3
1772811760410 4000.0 4
1772811777008 4000.0 5
1772811786310 4000.0 6
1772811796141 4000.0 7
1772811805917 4000.0 8
1772811815684 4000.0 9
1772811828970 4000.0 10
1772811838172 4000.0 11
1772811847187 4000.0 12
1772811856773 4000.0 13
1772811866207 4000.0 14
1772811879057 4000.0 15
1772811888403 4000.0 16
1772811898262 4000.0 17
1772811907755 4000.0 18
1772811917871 4000.0 19
1772811931310 4000.0 20
1772811955082 4000.0 21
1772811966183 4000.0 22
1772811976343 4000.0 23
1772811986320 4000.0 24
1772812001798 4000.0 25
1772812012115 4000.0 26
1772812022383 4000.0 27
1772812032562 4000.0 28
1772812042793 4000.0 29
