1772811731996 3764000.0 1
1772811741126 3768000.0 2
1772811750930 3768000.0 3
1772811760411 3768000.0 4
1772811777009 3768000.0 5
1772811786311 3768000.0 6
1772811796141 3768000.0 7
1772811805918 3768000.0 8
1772811815685 3768000.0 9
1772811828971 3768000.0 10
1772811838173 3768000.0 11
1772811847188 3768000.0 12
1772811856774 3764000.0 13
1772811866208 3768000.0 14
1772811879058 3768000.0 15
1772811888404 3768000.0 16
1772811898263 3768000.0 17
1772811907756 3768000.0 18
1772811917872 3768000.0 19
1772811931311 3768000.0 20
1772811955082 3764000.0 21
1772811966183 3768000.0 22
1772811976343 3768000.0 23
1772811986320 3768000.0 24
1772812001798 3768000.0 25
1772812012116 3768000.0 26
1772812022383 3768000.0 27
1772812032562 3768000.0 28
1772812042793 3768000.0 29
