1772811731996 3764000.0 1
1772811741127 7532000.0 2
1772811750930 11300000.0 3
1772811760411 15068000.0 4
1772811777009 18836000.0 5
1772811786311 22604000.0 6
1772811796142 26372000.0 7
1772811805919 30140000.0 8
1772811815685 33908000.0 9
1772811828971 37676000.0 10
1772811838173 41444000.0 11
1772811847188 45212000.0 12
1772811856774 48976000.0 13
1772811866208 52744000.0 14
1772811879058 56512000.0 15
1772811888404 60280000.0 16
1772811898263 64048000.0 17
1772811907756 67816000.0 18
1772811917872 71584000.0 19
1772811931312 75352000.0 20
1772811955082 79116000.0 21
1772811966183 82884000.0 22
1772811976344 86652000.0 23
1772811986321 90420000.0 24
1772812001799 94188000.0 25
1772812012116 97956000.0 26
1772812022384 101724000.0 27
1772812032562 105492000.0 28
1772812042794 109260000.0 29
