1772811731997 0.0 1
1772811741127 nan 2
1772811750931 nan 3
1772811760411 nan 4
1772811777009 nan 5
1772811786312 nan 6
1772811796142 nan 7
1772811805920 nan 8
1772811815686 nan 9
1772811828972 nan 10
1772811838174 nan 11
1772811847188 nan 12
1772811856774 nan 13
1772811866209 nan 14
1772811879059 nan 15
1772811888405 nan 16
1772811898263 nan 17
1772811907757 nan 18
1772811917873 nan 19
1772811931312 nan 20
1772811955083 nan 21
1772811966184 nan 22
1772811976344 nan 23
1772811986323 nan 24
1772812001799 nan 25
1772812012117 nan 26
1772812022385 nan 27
1772812032563 nan 28
1772812042795 nan 29
