1772811731997 247767.78467425902 1
1772811741127 408558.45940429374 2
1772811750931 384544.88950729865 3
1772811760412 396021.08988521114 4
1772811777010 378366.75999901036 5
1772811786312 236504.43122992356 6
1772811796143 384112.8900438565 7
1772811805921 387705.2072958066 8
1772811815686 384022.6956735151 9
1772811828972 388130.4246475561 10
1772811838174 294488.00017656735 11
1772811847189 418320.2413128346 12
1772811856775 392892.49579717044 13
1772811866209 398763.8619982077 14
1772811879059 406486.143792024 15
1772811888405 291797.0490528029 16
1772811898264 383803.9959439527 17
1772811907757 396081.9388339817 18
1772811917873 371936.7671340431 19
1772811931313 389171.6248812396 20
1772811955084 397352.4160645273 21
1772811966185 340407.2495682361 22
1772811976345 369869.20741036854 23
1772811986323 377570.0730426009 24
1772812001800 397395.02184420405 25
1772812012117 231477.6028451568 26
1772812022385 365932.0158193711 27
1772812032564 370157.3171759606 28
1772812042795 368111.34371679823 29
