1772811731998 31714.236251800117 1
1772811741128 52295.44098502722 2
1772811750932 49221.70001888053 3
1772811760412 50690.64888733324 4
1772811777010 48430.903533921184 5
1772811786312 30272.550018610928 6
1772811796143 49166.40440112777 7
1772811805921 49626.20398245887 8
1772811815686 49154.872482993895 9
1772811828973 49680.65107139926 10
1772811838174 37694.44143847707 11
1772811847189 53544.95398435581 12
1772811856775 50290.163340860585 13
1772811866209 51041.73382303985 14
1772811879060 52030.18664355365 15
1772811888405 37349.99841632255 16
1772811898264 49126.83996864419 17
1772811907758 50698.44797747268 18
1772811917873 47607.86507402437 19
1772811931313 49813.9285435835 20
1772811955084 50861.013732470594 21
1772811966185 43572.05102408825 22
1772811976345 47343.20800509513 23
1772811986324 48328.915066903275 24
1772812001800 50866.52837083477 25
1772812012118 29629.10229737911 26
1772812022386 46839.25063966498 27
1772812032564 47380.095094476426 28
1772812042795 47118.214401648445 29
