1772811731995 481792.0 1
1772811741126 964096.0 2
1772811750930 1446400.0 3
1772811760410 1928704.0 4
1772811777008 2411008.0 5
1772811786311 2893312.0 6
1772811796141 3375616.0 7
1772811805918 3857920.0 8
1772811815685 4340224.0 9
1772811828971 4822528.0 10
1772811838173 5304832.0 11
1772811847187 5787136.0 12
1772811856773 6268928.0 13
1772811866208 6751232.0 14
1772811879058 7233536.0 15
1772811888404 7715840.0 16
1772811898262 8198144.0 17
1772811907756 8680448.0 18
1772811917871 9162752.0 19
1772811931311 9645056.0 20
1772811955083 10126848.0 21
1772811966184 10609152.0 22
1772811976344 11091456.0 23
1772811986322 11573760.0 24
1772812001799 12056064.0 25
1772812012116 12538368.0 26
1772812022384 13020672.0 27
1772812032563 13502976.0 28
1772812042794 13985280.0 29
