1772811731995 572428.0 1
1772811741126 nan 2
1772811750929 nan 3
1772811760410 nan 4
1772811777008 nan 5
1772811786311 nan 6
1772811796141 nan 7
1772811805918 nan 8
1772811815685 nan 9
1772811828970 nan 10
1772811838172 nan 11
1772811847187 nan 12
1772811856773 nan 13
1772811866207 nan 14
1772811879058 nan 15
1772811888403 nan 16
1772811898262 nan 17
1772811907755 nan 18
1772811917871 nan 19
1772811931311 nan 20
1772811955083 nan 21
1772811966184 nan 22
1772811976345 nan 23
1772811986323 nan 24
1772812001800 nan 25
1772812012117 nan 26
1772812022385 nan 27
1772812032564 nan 28
1772812042795 nan 29
