1772811731994 481792.0 1
1772811741125 482304.0 2
1772811750928 482304.0 3
1772811760409 482304.0 4
1772811777007 482304.0 5
1772811786310 482304.0 6
1772811796140 482304.0 7
1772811805917 482304.0 8
1772811815684 482304.0 9
1772811828970 482304.0 10
1772811838172 482304.0 11
1772811847186 482304.0 12
1772811856772 481792.0 13
1772811866207 482304.0 14
1772811879057 482304.0 15
1772811888403 482304.0 16
1772811898261 482304.0 17
1772811907755 482304.0 18
1772811917870 482304.0 19
1772811931310 482304.0 20
1772811955083 481792.0 21
1772811966183 482304.0 22
1772811976344 482304.0 23
1772811986321 482304.0 24
1772812001799 482304.0 25
1772812012116 482304.0 26
1772812022384 482304.0 27
1772812032563 482304.0 28
1772812042794 482304.0 29
