1772811732010 1.0 1
1772811741138 1.0 2
1772811750943 1.0 3
1772811760422 1.0 4
1772811777020 1.0 5
1772811786322 1.0 6
1772811796154 1.0 7
1772811805943 1.0 8
1772811815697 1.0 9
1772811828984 1.0 10
1772811838184 1.0 11
1772811847199 1.0 12
1772811856785 1.0 13
1772811866219 1.0 14
1772811879069 1.0 15
1772811888415 1.0 16
1772811898277 1.0 17
1772811907770 1.0 18
1772811917884 1.0 19
1772811931324 1.0 20
1772811955105 1.0 21
1772811966214 1.0 22
1772811976366 1.0 23
1772811986349 1.0 24
1772812001821 1.0 25
1772812012146 1.0 26
1772812022407 1.0 27
1772812032590 1.0 28
1772812042816 1.0 29
