1772811732009 2.0 1
1772811741137 2.0 2
1772811750942 2.0 3
1772811760421 2.0 4
1772811777019 2.0 5
1772811786321 2.0 6
1772811796153 2.0 7
1772811805942 2.0 8
1772811815696 2.0 9
1772811828983 2.0 10
1772811838183 2.0 11
1772811847198 2.0 12
1772811856784 2.0 13
1772811866218 2.0 14
1772811879069 2.0 15
1772811888414 2.0 16
1772811898276 2.0 17
1772811907769 2.0 18
1772811917883 2.0 19
1772811931323 2.0 20
1772811955104 2.0 21
1772811966213 2.0 22
1772811976366 2.0 23
1772811986348 2.0 24
1772812001820 2.0 25
1772812012146 2.0 26
1772812022405 2.0 27
1772812032589 2.0 28
1772812042815 2.0 29
