1772811732009 0.0 1
1772811741137 0.0 2
1772811750943 0.0 3
1772811760422 0.0 4
1772811777020 0.0 5
1772811786322 0.0 6
1772811796153 0.0 7
1772811805943 0.0 8
1772811815697 0.0 9
1772811828983 0.0 10
1772811838184 0.0 11
1772811847199 0.0 12
1772811856785 0.0 13
1772811866219 0.0 14
1772811879069 0.0 15
1772811888415 0.0 16
1772811898277 0.0 17
1772811907769 0.0 18
1772811917883 0.0 19
1772811931323 0.0 20
1772811955104 0.0 21
1772811966214 0.0 22
1772811976366 0.0 23
1772811986348 0.0 24
1772812001820 0.0 25
1772812012146 0.0 26
1772812022406 0.0 27
1772812032590 0.0 28
1772812042815 0.0 29
