1772811731888 0.34314816701225936 1
1772811741017 0.39731608299189247 2
1772811750806 0.3480438749829773 3
1772811760297 0.33778870801324956 4
1772811776883 0.3595185829908587 5
1772811786195 0.38117495900951326 6
1772811796032 0.3548582080111373 7
1772811805784 0.36713241698453203 8
1772811815525 0.4024199590203352 9
1772811828838 0.40383749999455176 10
1772811837933 0.24610779198701493 11
1772811847070 0.2462385419930797 12
1772811856646 0.3440027500037104 13
1772811866093 0.37377233401639387 14
1772811878944 0.3444298340182286 15
1772811888283 0.3507781660009641 16
1772811898111 0.3582260829862207 17
1772811907588 0.383227167010773 18
1772811917564 0.25395091698737815 19
1772811931120 0.2625439160037786 20
1772811948631 0.32835166598670185 11
1772811958772 0.34704945801058784 12
1772811969772 0.34718054099357687 13
1772811979664 0.37091433300520293 14
1772811995444 0.33436945799621753 15
1772812005153 0.348259833001066 16
1772812015675 0.2457508749794215 17
1772812025880 0.26534229100798257 18
1772812036141 0.42185787501512095 19
