1772812359848 4000.0 1
1772812369892 4000.0 2
1772812379445 4000.0 3
1772812388915 4000.0 4
1772812404602 4000.0 5
1772812414057 4000.0 6
1772812423622 4000.0 7
1772812433018 4000.0 8
1772812442503 4000.0 9
1772812455500 4000.0 10
1772812464953 4000.0 11
1772812474275 4000.0 12
1772812483629 4000.0 13
1772812493037 4000.0 14
1772812505997 4000.0 15
1772812515392 4000.0 16
1772812524789 4000.0 17
1772812534203 4000.0 18
1772812543541 4000.0 19
1772812556290 4000.0 20
1772812579178 4000.0 21
1772812589598 4000.0 22
1772812600161 4000.0 23
1772812610088 4000.0 24
1772812626175 4000.0 25
1772812636107 4000.0 26
1772812646099 4000.0 27
1772812656036 4000.0 28
1772812665911 4000.0 29
1772812679718 4000.0 30
1772812696730 4000.0 21
1772812706716 4000.0 22
1772812716630 4000.0 23
1772812726435 4000.0 24
1772812742237 4000.0 25
1772812752154 4000.0 26
1772812762133 4000.0 27
1772812772123 4000.0 28
1772812781989 4000.0 29
1772812795537 4000.0 30
1772812812378 4000.0 31
1772812822236 4000.0 32
1772812832070 4000.0 33
1772812841962 4000.0 34
1772812857736 4000.0 35
1772812867650 4000.0 36
1772812877520 4000.0 37
1772812887747 4000.0 38
1772812897963 4000.0 39
1772812911769 4000.0 40
1772812929396 4000.0 41
1772812939470 4000.0 42
1772812949612 4000.0 43
1772812959865 4000.0 44
1772812976085 4000.0 45
1772812986318 4000.0 46
1772812996568 4000.0 47
1772813006828 4000.0 48
1772813017064 4000.0 49
1772813030832 4000.0 50
1772813048103 4000.0 51
1772813058198 4000.0 52
1772813068360 4000.0 53
1772813078585 4000.0 54
1772813094522 4000.0 55
1772813104454 4000.0 56
1772813114591 4000.0 57
1772813124658 4000.0 58
1772813134619 4000.0 59
1772813148131 4000.0 60
1772813158065 4000.0 61
1772813167976 4000.0 62
1772813177872 4000.0 63
1772813187838 4000.0 64
1772813201295 4000.0 65
1772813211232 4000.0 66
1772813221323 4000.0 67
1772813231311 4000.0 68
1772813241286 4000.0 69
1772813254860 4000.0 70
1772813271197 4000.0 71
1772813281198 4000.0 72
1772813291088 4000.0 73
1772813300945 4000.0 74
1772813316698 4000.0 75
1772813326609 4000.0 76
1772813336590 4000.0 77
1772813346523 4000.0 78
1772813356422 4000.0 79
1772813369939 4000.0 80
1772813386432 4000.0 81
1772813396374 4000.0 82
1772813406279 4000.0 83
1772813416150 4000.0 84
1772813431860 4000.0 85
1772813441848 4000.0 86
1772813451771 4000.0 87
1772813461814 4000.0 88
1772813471736 4000.0 89
1772813485197 4000.0 90
1772813495172 4000.0 91
1772813505060 4000.0 92
1772813514995 4000.0 93
1772813524963 4000.0 94
1772813537827 4000.0 95
1772813547136 4000.0 96
1772813556551 4000.0 97
1772813565834 4000.0 98
1772813575385 4000.0 99
1772813588403 4000.0 100
