1772812359848 481792.0 1
1772812369893 964096.0 2
1772812379446 1446400.0 3
1772812388916 1928704.0 4
1772812404602 2411008.0 5
1772812414058 2893312.0 6
1772812423623 3375616.0 7
1772812433019 3857920.0 8
1772812442504 4340224.0 9
1772812455501 4822528.0 10
1772812464954 5304832.0 11
1772812474276 5787136.0 12
1772812483630 6268928.0 13
1772812493037 6751232.0 14
1772812505998 7233536.0 15
1772812515392 7715840.0 16
1772812524790 8198144.0 17
1772812534204 8680448.0 18
1772812543541 9162752.0 19
1772812556291 9645056.0 20
1772812579179 10126848.0 21
1772812589599 10609152.0 22
1772812600162 11091456.0 23
1772812610089 11573760.0 24
1772812626177 12056064.0 25
1772812636108 12538368.0 26
1772812646100 13020672.0 27
1772812656037 13502976.0 28
1772812665912 13985280.0 29
1772812679719 14467584.0 30
1772812696731 10126848.0 21
1772812706717 10609152.0 22
1772812716631 11091456.0 23
1772812726436 11573760.0 24
1772812742238 12056064.0 25
1772812752156 12538368.0 26
1772812762134 13020672.0 27
1772812772124 13502976.0 28
1772812781990 13985280.0 29
1772812795538 14467584.0 30
1772812812379 14949376.0 31
1772812822238 15431680.0 32
1772812832071 15913984.0 33
1772812841964 16396288.0 34
1772812857738 16878592.0 35
1772812867651 17360896.0 36
1772812877521 17843200.0 37
1772812887748 18325504.0 38
1772812897965 18807808.0 39
1772812911770 19290112.0 40
1772812929397 19771904.0 41
1772812939472 20254208.0 42
1772812949613 20736512.0 43
1772812959866 21218816.0 44
1772812976087 21701120.0 45
1772812986319 22183424.0 46
1772812996570 22665728.0 47
1772813006829 23148032.0 48
1772813017065 23630336.0 49
1772813030833 24112640.0 50
1772813048105 24594432.0 51
1772813058199 25076736.0 52
1772813068362 25559040.0 53
1772813078586 26041344.0 54
1772813094523 26523648.0 55
1772813104456 27005952.0 56
1772813114592 27488256.0 57
1772813124659 27970560.0 58
1772813134620 28452864.0 59
1772813148133 28935168.0 60
1772813158066 29417472.0 61
1772813167977 29899776.0 62
1772813177873 30381568.0 63
1772813187839 30863872.0 64
1772813201297 31346176.0 65
1772813211233 31828480.0 66
1772813221324 32310784.0 67
1772813231313 32793088.0 68
1772813241287 33275392.0 69
1772813254861 33757696.0 70
1772813271198 34240000.0 71
1772813281199 34722304.0 72
1772813291089 35204608.0 73
1772813300947 35686912.0 74
1772813316700 36169216.0 75
1772813326611 36651520.0 76
1772813336591 37133824.0 77
1772813346525 37616128.0 78
1772813356423 38098432.0 79
1772813369941 38580736.0 80
1772813386434 39062528.0 81
1772813396376 39544832.0 82
1772813406280 40027136.0 83
1772813416151 40509440.0 84
1772813431861 40991744.0 85
1772813441849 41474048.0 86
1772813451772 41956352.0 87
1772813461815 42438656.0 88
1772813471737 42920960.0 89
1772813485198 43403264.0 90
1772813495173 43885568.0 91
1772813505061 44367872.0 92
1772813514996 44849664.0 93
1772813524964 45331968.0 94
1772813537828 45814272.0 95
1772813547137 46296576.0 96
1772813556553 46778880.0 97
1772813565835 47261184.0 98
1772813575387 47743488.0 99
1772813588404 48225792.0 100
