1772812359848 3764000.0 1
1772812369893 7532000.0 2
1772812379445 11300000.0 3
1772812388916 15068000.0 4
1772812404602 18836000.0 5
1772812414058 22604000.0 6
1772812423623 26372000.0 7
1772812433019 30140000.0 8
1772812442503 33908000.0 9
1772812455501 37676000.0 10
1772812464953 41444000.0 11
1772812474276 45212000.0 12
1772812483630 48976000.0 13
1772812493037 52744000.0 14
1772812505998 56512000.0 15
1772812515392 60280000.0 16
1772812524789 64048000.0 17
1772812534204 67816000.0 18
1772812543541 71584000.0 19
1772812556291 75352000.0 20
1772812579178 79116000.0 21
1772812589599 82884000.0 22
1772812600162 86652000.0 23
1772812610088 90420000.0 24
1772812626176 94188000.0 25
1772812636108 97956000.0 26
1772812646100 101724000.0 27
1772812656037 105492000.0 28
1772812665912 109260000.0 29
1772812679719 113028000.0 30
1772812696730 79116000.0 21
1772812706717 82884000.0 22
1772812716631 86652000.0 23
1772812726436 90420000.0 24
1772812742237 94188000.0 25
1772812752155 97956000.0 26
1772812762134 101724000.0 27
1772812772123 105492000.0 28
1772812781990 109260000.0 29
1772812795538 113028000.0 30
1772812812379 116792000.0 31
1772812822237 120560000.0 32
1772812832070 124328000.0 33
1772812841963 128096000.0 34
1772812857737 131864000.0 35
1772812867651 135632000.0 36
1772812877521 139400000.0 37
1772812887748 143168000.0 38
1772812897964 146936000.0 39
1772812911769 150704000.0 40
1772812929397 154468000.0 41
1772812939471 158236000.0 42
1772812949612 162004000.0 43
1772812959866 165772000.0 44
1772812976086 169540000.0 45
1772812986318 173308000.0 46
1772812996569 177076000.0 47
1772813006829 180844000.0 48
1772813017065 184612000.0 49
1772813030833 188380000.0 50
1772813048104 192144000.0 51
1772813058199 195912000.0 52
1772813068361 199680000.0 53
1772813078586 203448000.0 54
1772813094523 207216000.0 55
1772813104455 210984000.0 56
1772813114591 214752000.0 57
1772813124659 218520000.0 58
1772813134620 222288000.0 59
1772813148131 226056000.0 60
1772813158065 229824000.0 61
1772813167977 233592000.0 62
1772813177873 237356000.0 63
1772813187839 241124000.0 64
1772813201296 244892000.0 65
1772813211233 248660000.0 66
1772813221324 252428000.0 67
1772813231312 256196000.0 68
1772813241287 259964000.0 69
1772813254861 263732000.0 70
1772813271198 267500000.0 71
1772813281198 271268000.0 72
1772813291089 275036000.0 73
1772813300946 278804000.0 74
1772813316699 282572000.0 75
1772813326610 286340000.0 76
1772813336591 290108000.0 77
1772813346524 293876000.0 78
1772813356423 297644000.0 79
1772813369940 301412000.0 80
1772813386433 305176000.0 81
1772813396375 308944000.0 82
1772813406280 312712000.0 83
1772813416151 316480000.0 84
1772813431861 320248000.0 85
1772813441849 324016000.0 86
1772813451771 327784000.0 87
1772813461815 331552000.0 88
1772813471737 335320000.0 89
1772813485198 339088000.0 90
1772813495173 342856000.0 91
1772813505060 346624000.0 92
1772813514996 350388000.0 93
1772813524963 354156000.0 94
1772813537827 357924000.0 95
1772813547136 361692000.0 96
1772813556552 365460000.0 97
1772813565835 369228000.0 98
1772813575387 372996000.0 99
1772813588403 376764000.0 100
