1772812359849 481792.0 1
1772812369893 482304.0 2
1772812379446 482304.0 3
1772812388916 482304.0 4
1772812404603 482304.0 5
1772812414058 482304.0 6
1772812423623 482304.0 7
1772812433019 482304.0 8
1772812442504 482304.0 9
1772812455501 482304.0 10
1772812464954 482304.0 11
1772812474276 482304.0 12
1772812483630 481792.0 13
1772812493038 482304.0 14
1772812505998 482304.0 15
1772812515393 482304.0 16
1772812524790 482304.0 17
1772812534204 482304.0 18
1772812543542 482304.0 19
1772812556291 482304.0 20
1772812579179 481792.0 21
1772812589599 482304.0 22
1772812600162 482304.0 23
1772812610089 482304.0 24
1772812626176 482304.0 25
1772812636108 482304.0 26
1772812646100 482304.0 27
1772812656037 482304.0 28
1772812665912 482304.0 29
1772812679719 482304.0 30
1772812696731 481792.0 21
1772812706717 482304.0 22
1772812716631 482304.0 23
1772812726436 482304.0 24
1772812742237 482304.0 25
1772812752155 482304.0 26
1772812762134 482304.0 27
1772812772124 482304.0 28
1772812781990 482304.0 29
1772812795538 482304.0 30
1772812812379 481792.0 31
1772812822237 482304.0 32
1772812832071 482304.0 33
1772812841963 482304.0 34
1772812857738 482304.0 35
1772812867651 482304.0 36
1772812877521 482304.0 37
1772812887748 482304.0 38
1772812897964 482304.0 39
1772812911770 482304.0 40
1772812929397 481792.0 41
1772812939471 482304.0 42
1772812949612 482304.0 43
1772812959866 482304.0 44
1772812976086 482304.0 45
1772812986319 482304.0 46
1772812996570 482304.0 47
1772813006829 482304.0 48
1772813017065 482304.0 49
1772813030833 482304.0 50
1772813048104 481792.0 51
1772813058199 482304.0 52
1772813068361 482304.0 53
1772813078586 482304.0 54
1772813094523 482304.0 55
1772813104455 482304.0 56
1772813114592 482304.0 57
1772813124659 482304.0 58
1772813134620 482304.0 59
1772813148132 482304.0 60
1772813158066 482304.0 61
1772813167977 482304.0 62
1772813177873 481792.0 63
1772813187839 482304.0 64
1772813201296 482304.0 65
1772813211233 482304.0 66
1772813221324 482304.0 67
1772813231312 482304.0 68
1772813241287 482304.0 69
1772813254861 482304.0 70
1772813271198 481792.0 71
1772813281199 482304.0 72
1772813291089 482304.0 73
1772813300946 482304.0 74
1772813316699 482304.0 75
1772813326610 482304.0 76
1772813336591 482304.0 77
1772813346524 482304.0 78
1772813356423 482304.0 79
1772813369940 482304.0 80
1772813386433 481792.0 81
1772813396375 482304.0 82
1772813406280 482304.0 83
1772813416151 482304.0 84
1772813431861 482304.0 85
1772813441849 482304.0 86
1772813451772 482304.0 87
1772813461815 482304.0 88
1772813471737 482304.0 89
1772813485198 482304.0 90
1772813495173 482304.0 91
1772813505061 482304.0 92
1772813514996 481792.0 93
1772813524964 482304.0 94
1772813537828 482304.0 95
1772813547137 482304.0 96
1772813556552 482304.0 97
1772813565835 482304.0 98
1772813575387 482304.0 99
1772813588404 482304.0 100
