1772812359847 0.0 1
1772812369892 nan 2
1772812379445 nan 3
1772812388915 nan 4
1772812404601 nan 5
1772812414057 nan 6
1772812423622 nan 7
1772812433018 nan 8
1772812442503 nan 9
1772812455500 nan 10
1772812464953 nan 11
1772812474275 nan 12
1772812483629 nan 13
1772812493036 nan 14
1772812505997 nan 15
1772812515391 nan 16
1772812524789 nan 17
1772812534203 nan 18
1772812543540 nan 19
1772812556290 nan 20
1772812579179 nan 21
1772812589599 nan 22
1772812600163 nan 23
1772812610089 nan 24
1772812626177 nan 25
1772812636109 nan 26
1772812646100 nan 27
1772812656037 nan 28
1772812665912 nan 29
1772812679720 nan 30
1772812696731 nan 21
1772812706718 nan 22
1772812716631 nan 23
1772812726437 nan 24
1772812742238 nan 25
1772812752156 nan 26
1772812762134 nan 27
1772812772124 nan 28
1772812781991 nan 29
1772812795538 nan 30
1772812812379 nan 31
1772812822238 nan 32
1772812832071 nan 33
1772812841964 nan 34
1772812857738 nan 35
1772812867651 nan 36
1772812877522 nan 37
1772812887749 nan 38
1772812897965 nan 39
1772812911770 nan 40
1772812929398 nan 41
1772812939472 nan 42
1772812949613 nan 43
1772812959867 nan 44
1772812976087 nan 45
1772812986319 nan 46
1772812996570 nan 47
1772813006830 nan 48
1772813017065 nan 49
1772813030833 nan 50
1772813048105 nan 51
1772813058200 nan 52
1772813068362 nan 53
1772813078587 nan 54
1772813094523 nan 55
1772813104456 nan 56
1772813114592 nan 57
1772813124660 nan 58
1772813134620 nan 59
1772813148133 nan 60
1772813158066 nan 61
1772813167978 nan 62
1772813177874 nan 63
1772813187840 nan 64
1772813201297 nan 65
1772813211233 nan 66
1772813221325 nan 67
1772813231313 nan 68
1772813241287 nan 69
1772813254861 nan 70
1772813271198 nan 71
1772813281199 nan 72
1772813291090 nan 73
1772813300947 nan 74
1772813316700 nan 75
1772813326611 nan 76
1772813336592 nan 77
1772813346525 nan 78
1772813356423 nan 79
1772813369941 nan 80
1772813386434 nan 81
1772813396376 nan 82
1772813406281 nan 83
1772813416151 nan 84
1772813431862 nan 85
1772813441850 nan 86
1772813451772 nan 87
1772813461815 nan 88
1772813471737 nan 89
1772813485198 nan 90
1772813495173 nan 91
1772813505061 nan 92
1772813514997 nan 93
1772813524964 nan 94
1772813537828 nan 95
1772813547137 nan 96
1772813556553 nan 97
1772813565836 nan 98
1772813575388 nan 99
1772813588404 nan 100
