1772812359847 3764000.0 1
1772812369888 3768000.0 2
1772812379444 3768000.0 3
1772812388914 3768000.0 4
1772812404601 3768000.0 5
1772812414057 3768000.0 6
1772812423621 3768000.0 7
1772812433017 3768000.0 8
1772812442502 3768000.0 9
1772812455500 3768000.0 10
1772812464952 3768000.0 11
1772812474275 3768000.0 12
1772812483629 3764000.0 13
1772812493036 3768000.0 14
1772812505997 3768000.0 15
1772812515391 3768000.0 16
1772812524788 3768000.0 17
1772812534202 3768000.0 18
1772812543540 3768000.0 19
1772812556289 3768000.0 20
1772812579178 3764000.0 21
1772812589598 3768000.0 22
1772812600162 3768000.0 23
1772812610088 3768000.0 24
1772812626176 3768000.0 25
1772812636108 3768000.0 26
1772812646099 3768000.0 27
1772812656036 3768000.0 28
1772812665911 3768000.0 29
1772812679719 3768000.0 30
1772812696730 3764000.0 21
1772812706717 3768000.0 22
1772812716630 3768000.0 23
1772812726436 3768000.0 24
1772812742237 3768000.0 25
1772812752155 3768000.0 26
1772812762133 3768000.0 27
1772812772123 3768000.0 28
1772812781990 3768000.0 29
1772812795537 3768000.0 30
1772812812378 3764000.0 31
1772812822237 3768000.0 32
1772812832070 3768000.0 33
1772812841963 3768000.0 34
1772812857737 3768000.0 35
1772812867650 3768000.0 36
1772812877521 3768000.0 37
1772812887747 3768000.0 38
1772812897964 3768000.0 39
1772812911769 3768000.0 40
1772812929397 3764000.0 41
1772812939471 3768000.0 42
1772812949612 3768000.0 43
1772812959866 3768000.0 44
1772812976086 3768000.0 45
1772812986318 3768000.0 46
1772812996569 3768000.0 47
1772813006829 3768000.0 48
1772813017064 3768000.0 49
1772813030832 3768000.0 50
1772813048104 3764000.0 51
1772813058199 3768000.0 52
1772813068361 3768000.0 53
1772813078586 3768000.0 54
1772813094522 3768000.0 55
1772813104455 3768000.0 56
1772813114591 3768000.0 57
1772813124659 3768000.0 58
1772813134619 3768000.0 59
1772813148131 3768000.0 60
1772813158065 3768000.0 61
1772813167977 3768000.0 62
1772813177873 3764000.0 63
1772813187839 3768000.0 64
1772813201296 3768000.0 65
1772813211232 3768000.0 66
1772813221324 3768000.0 67
1772813231312 3768000.0 68
1772813241286 3768000.0 69
1772813254860 3768000.0 70
1772813271197 3764000.0 71
1772813281198 3768000.0 72
1772813291088 3768000.0 73
1772813300946 3768000.0 74
1772813316699 3768000.0 75
1772813326610 3768000.0 76
1772813336591 3768000.0 77
1772813346524 3768000.0 78
1772813356422 3768000.0 79
1772813369940 3768000.0 80
1772813386433 3764000.0 81
1772813396375 3768000.0 82
1772813406279 3768000.0 83
1772813416151 3768000.0 84
1772813431861 3768000.0 85
1772813441849 3768000.0 86
1772813451771 3768000.0 87
1772813461814 3768000.0 88
1772813471736 3768000.0 89
1772813485197 3768000.0 90
1772813495172 3768000.0 91
1772813505060 3768000.0 92
1772813514996 3764000.0 93
1772813524963 3768000.0 94
1772813537827 3768000.0 95
1772813547136 3768000.0 96
1772813556552 3768000.0 97
1772813565835 3768000.0 98
1772813575386 3768000.0 99
1772813588403 3768000.0 100
