1772812359849 247465.89008181888 1
1772812369894 375935.6065598352 2
1772812379446 393840.73198367987 3
1772812388917 398157.775328664 4
1772812404603 403410.11088895035 5
1772812414059 238815.85428131462 6
1772812423623 393423.81168888154 7
1772812433019 401193.0898162731 8
1772812442504 400007.43113512 9
1772812455502 395968.89024707035 10
1772812464954 290062.2939654304 11
1772812474277 403763.11764821113 12
1772812483631 402318.11766053166 13
1772812493038 401712.37362097966 14
1772812505999 398849.59552894876 15
1772812515393 291540.0491872694 16
1772812524790 400974.9786205455 17
1772812534204 400062.6955999983 18
1772812543542 403658.58080204634 19
1772812556291 407635.63494483323 20
1772812579180 370496.8748491843 21
1772812589600 362098.34984714957 22
1772812600163 355927.79214621393 23
1772812610090 379589.5131795314 24
1772812626177 383894.19191352336 25
1772812636109 232702.0337810322 26
1772812646101 377135.9228488098 27
1772812656038 379222.5590328851 28
1772812665913 381171.4890458164 29
1772812679720 371091.5847276712 30
1772812696732 389405.6405306561 21
1772812706718 377713.4795777915 22
1772812716632 379376.5373085617 23
1772812726437 384335.0765391562 24
1772812742238 379568.42818344734 25
1772812752156 238740.031751835 26
1772812762135 377442.5014977689 27
1772812772125 377367.2080834651 28
1772812781991 381929.84778317815 29
1772812795539 378558.9298905102 30
1772812812380 390273.3980885251 31
1772812822238 382412.42494004883 32
1772812832072 382924.78136049793 33
1772812841964 380785.51862803544 34
1772812857739 382678.54031418136 35
1772812867652 237943.7079052051 36
1772812877522 381729.8984900557 37
1772812887749 370387.3965913497 38
1772812897966 367519.3717184728 39
1772812911771 370361.7137447642 40
1772812929398 377162.9219909948 41
1772812939472 374091.38199579745 42
1772812949613 371783.20391889964 43
1772812959867 367456.0071266967 44
1772812976087 368860.1740944857 45
1772812986320 232230.93830587142 46
1772812996571 367768.8803987541 47
1772813006830 367310.4831623239 48
1772813017066 367997.7439100421 49
1772813030834 370336.57137116336 50
1772813048105 381617.26455674286 51
1772813058200 373311.8410174818 52
1772813068362 370868.5478880055 53
1772813078587 368239.36007968266 54
1772813094524 373798.33396301646 55
1772813104456 238997.7747508528 56
1772813114593 375203.8095288587 57
1772813124660 370926.041505273 58
1772813134621 377932.0719006492 59
1772813148134 381100.9272424185 60
1772813158067 278080.82679740386 61
1772813167978 379823.1772445687 62
1772813177874 380442.81679432053 63
1772813187840 378118.4596688726 64
1772813201297 381828.4757928619 65
1772813211234 279033.91257610125 66
1772813221325 373234.5802653143 67
1772813231313 379146.81768238306 68
1772813241288 375733.10584590613 69
1772813254862 376976.73766447225 70
1772813271199 392188.92644349404 71
1772813281200 376680.95940000017 72
1772813291090 380928.9812986141 73
1772813300947 382096.58301966067 74
1772813316700 378373.31567396515 75
1772813326611 239921.00244932555 76
1772813336592 377608.60949007253 77
1772813346525 379414.1540352638 78
1772813356424 380669.33088703844 79
1772813369942 378617.23810164654 80
1772813386434 389658.66705635947 81
1772813396376 379031.3735005954 82
1772813406281 380333.7105902388 83
1772813416152 381796.602335123 84
1772813431862 380945.52377825265 85
1772813441850 238315.78037899212 86
1772813451773 379823.3032853272 87
1772813461816 375440.56410748744 88
1772813471738 379586.4396669771 89
1772813485199 382626.5639665021 90
1772813495174 277485.78268100455 91
1772813505062 380773.985780535 92
1772813514997 379220.0190841394 93
1772813524965 377965.3664415294 94
1772813537829 395350.0776809265 95
1772813547138 297914.26510907686 96
1772813556553 400243.236991853 97
1772813565836 405938.0141703254 98
1772813575388 395469.4226544585 99
1772813588405 388466.50873945886 100
