1772812359849 31675.59722590567 1
1772812369894 48119.716831838225 2
1772812379446 50411.56802623055 3
1772812388917 50964.14655357083 4
1772812404603 51636.449508431564 5
1772812414059 30568.408762870888 6
1772812423624 50358.21065381359 7
1772812433020 51352.66788375028 8
1772812442504 51200.91245779259 9
1772812455502 50683.96669206078 10
1772812464955 37127.95552416833 11
1772812474277 51681.64490611411 12
1772812483631 51496.68350843639 13
1772812493038 51419.01525623269 14
1772812505999 51052.71647899106 15
1772812515393 37317.10379796227 16
1772812524790 51324.75356386615 17
1772812534205 51207.98584176852 18
1772812543542 51668.25982913758 19
1772812556292 52177.31705775919 20
1772812579180 47423.51692797902 21
1772812589600 46348.531247896055 22
1772812600163 45558.71991972604 23
1772812610090 48587.41383524528 24
1772812626178 49138.40692207576 25
1772812636109 29785.83740573067 26
1772812646101 48273.34940234819 27
1772812656038 48540.43483447433 28
1772812665913 48789.89897641485 29
1772812679721 47499.67197170599 30
1772812696732 49843.86934927012 21
1772812706718 48347.27409601083 22
1772812716632 48560.14788818906 23
1772812726437 49194.854466225916 24
1772812742239 48584.71048233948 25
1772812752157 30558.707765351843 26
1772812762135 48312.59744451068 27
1772812772125 48302.95667787086 28
1772812781991 48886.97860480643 29
1772812795539 48455.49799536088 30
1772812812380 49954.93086265306 31
1772812822238 48948.7539637021 32
1772812832072 49014.33714628691 33
1772812841965 48740.49158219021 34
1772812857739 48982.8023785141 35
1772812867652 30456.776340535238 36
1772812877522 48861.38348571559 37
1772812887750 47409.52365428535 38
1772812897966 47042.449948105546 39
1772812911771 47406.25936572693 40
1772812929399 48276.79617319507 41
1772812939473 47883.66321856732 42
1772812949614 47588.211561373806 43
1772812959868 47034.31731078435 44
1772812976088 47214.05047693447 45
1772812986320 29725.542163679744 46
1772812996571 47074.34260765746 47
1772813006830 47015.69830479588 48
1772813017066 47103.669624266935 49
1772813030834 47403.04638873728 50
1772813048106 48846.94775022242 51
1772813058200 47783.86772168459 52
1772813068363 47471.11689292868 53
1772813078587 47134.5739879586 54
1772813094524 47846.138494512976 55
1772813104457 30591.69883785482 56
1772813114593 48026.03342248366 57
1772813124660 47478.497473634874 58
1772813134621 48375.27467898022 59
1772813148134 48780.88003606035 60
1772813158067 35594.324486701444 61
1772813167978 48617.32891252398 62
1772813177874 48696.633584351555 63
1772813187840 48399.12722234352 64
1772813201297 48874.01064422761 65
1772813211234 35716.315683028595 66
1772813221325 47773.98486254908 67
1772813231313 48530.75685422795 68
1772813241288 48093.80178146849 69
1772813254862 48252.96208143812 70
1772813271199 50200.12744913705 71
1772813281200 48215.12183326257 72
1772813291090 48758.861954463755 73
1772813300948 48908.31675524054 74
1772813316701 48431.74448251341 75
1772813326612 30709.868595250093 76
1772813336592 48333.86387012029 77
1772813346526 48564.96485387825 78
1772813356424 48725.628199241226 79
1772813369942 48462.956562954125 80
1772813386435 49876.23645147234 81
1772813396377 48515.96822508877 82
1772813406282 48682.67482840043 83
1772813416152 48869.92322144972 84
1772813431862 48760.97651392854 85
1772813441850 30504.40332913024 86
1772813451773 48617.33279377717 87
1772813461816 48056.34372430636 88
1772813471738 48587.02165500058 89
1772813485199 48976.15521865756 90
1772813495174 35518.15762313446 91
1772813505062 48739.02933926083 92
1772813514997 48540.105592129024 93
1772813524965 48379.52686794052 94
1772813537829 50604.771666254055 95
1772813547138 38133.00169073482 96
1772813556554 51231.08943981423 97
1772813565836 51960.02965746813 98
1772813575389 50620.0305382542 99
1772813588405 49723.67253356635 100
