1772812359873 247465.6582376487 1
1772812369923 375935.2924371789 2
1772812379469 393840.4043490139 3
1772812388939 398157.4370226317 4
1772812404625 403409.7977609556 5
1772812414081 238815.7085961744 6
1772812423646 393423.55326803133 7
1772812433043 401192.76235129504 8
1772812442528 400007.1604250185 9
1772812455524 395968.5244430652 10
1772812464977 290062.16648836003 11
1772812474300 403762.87427895144 12
1772812483654 402317.8560355443 13
1772812493061 401711.2458558849 14
1772812506022 398849.3528125256 15
1772812515415 291539.88659557997 16
1772812524813 400974.67459648853 17
1772812534227 400062.4159798456 18
1772812543566 403658.30153685395 19
1772812556314 407635.31892811373 20
1772812579211 370496.2700542584 21
1772812589637 362097.9265075428 22
1772812600193 355927.5315812809 23
1772812610123 379589.2120410699 24
1772812626209 383893.8594610376 25
1772812636144 232701.87509575093 26
1772812646132 377135.56896850833 27
1772812656073 379222.1980578845 28
1772812665945 381171.14201140933 29
1772812679752 371091.21776009956 30
1772812696763 389405.2679254452 21
1772812706752 377713.091483638 22
1772812716664 379376.1808161361 23
1772812726468 384334.8331331345 24
1772812742270 379568.10161191854 25
1772812752187 238739.91325066317 26
1772812762166 377442.21952238923 27
1772812772155 377366.87580397 28
1772812782022 381929.5574362905 29
1772812795570 378558.61296362174 30
1772812812411 390272.96648059046 31
1772812822270 382412.1419713525 32
1772812832105 382924.52677864325 33
1772812841994 380785.1642548259 34
1772812857770 382678.1500340187 35
1772812867683 237943.57955485472 36
1772812877553 381729.5971548123 37
1772812887781 370386.9490598261 38
1772812897998 367519.1506512908 39
1772812911800 370361.44526931434 40
1772812929429 377162.5078575296 41
1772812939502 374091.12509738345 42
1772812949644 371782.93183910404 43
1772812959898 367455.6562374342 44
1772812976116 368859.7979502748 45
1772812986349 232230.80352114007 46
1772812996600 367768.33601042023 47
1772813006861 367310.18031511677 48
1772813017099 367997.4309067924 49
1772813030865 370336.32266009273 50
1772813048135 381616.8260373374 51
1772813058234 373311.50200819434 52
1772813068393 370868.191946936 53
1772813078621 368238.9237337496 54
1772813094554 373798.01261071 55
1772813104492 238997.66042014427 56
1772813114623 375203.428143914 57
1772813124691 370925.78586893954 58
1772813134651 377931.8444596305 59
1772813148165 381100.6622071612 60
1772813158097 278080.68313976994 61
1772813168009 379822.906057539 62
1772813177905 380442.49955905526 63
1772813187870 378118.2241119983 64
1772813201328 381828.2323409336 65
1772813211270 279033.7455532977 66
1772813221356 373234.29064049374 67
1772813231343 379146.5633702809 68
1772813241318 375732.8576279943 69
1772813254892 376976.3149511807 70
1772813271229 392188.5416674657 71
1772813281230 376680.6487364687 72
1772813291122 380928.6362859668 73
1772813300979 382096.2682012103 74
1772813316731 378373.0354200618 75
1772813326646 239920.86622820058 76
1772813336623 377608.34304538433 77
1772813346558 379413.81657457224 78
1772813356456 380669.0039954323 79
1772813369978 378616.89254592423 80
1772813386465 389658.1762591406 81
1772813396407 379030.9985926549 82
1772813406312 380333.41149211855 83
1772813416183 381796.3138537544 84
1772813431893 380945.1691452775 85
1772813441880 238315.66357954498 86
1772813451803 379822.92680912185 87
1772813461847 375440.2165448345 88
1772813471769 379586.13535937364 89
1772813485231 382626.25476382446 90
1772813495208 277485.6225943232 91
1772813505093 380773.6939944732 92
1772813515031 379219.594040556 93
1772813524995 377965.0757584791 94
1772813537862 395349.8201640456 95
1772813547168 297914.09923940524 96
1772813556584 400242.9163491443 97
1772813565866 405937.7444701845 98
1772813575420 395469.02315647417 99
1772813588434 388466.21005100367 100
