1772812359873 247465.6521364548 1
1772812369924 298481.8870181662 2
1772812379470 324687.1313215363 3
1772812388939 340385.1834019273 4
1772812404625 351359.466343164 5
1772812414082 325763.3023842733 6
1772812423647 333965.0870504989 7
1772812433043 341106.8292616833 8
1772812442528 346777.3181667715 9
1772812455525 351136.3477752786 10
1772812464977 344537.7084606025 11
1772812474301 348798.8774662113 12
1772812483655 352398.9462680604 13
1772812493062 355514.0571450556 14
1772812506022 358103.6817612288 15
1772812515415 353062.6593312918 16
1772812524814 355559.96423654864 17
1772812534227 357769.1879854126 18
1772812543566 359921.0291007031 19
1772812556314 362038.22572257725 20
1772812579212 370496.25791002385 21
1772812589638 366226.01634732145 22
1772812600193 362704.07215895527 23
1772812610123 366775.3014249225 24
1772812626209 370069.27382970916 25
1772812636144 336910.3960706705 26
1772812646132 342119.3815461041 27
1772812656073 346351.7283735957 28
1772812665945 349899.79131468385 29
1772812679752 351906.1315146029 30
1772812696764 389405.2561209512 21
1772812706752 383446.02129845525 22
1772812716665 382063.8071885908 23
1772812726468 382619.2549869549 24
1772812742270 381997.4636734713 25
1772812752188 347256.2426497404 26
1772812762166 351265.47247891064 27
1772812772156 354325.1106864479 28
1772812782023 357190.1674663204 29
1772812795570 359214.30751196214 30
1772812812412 390272.9513058287 31
1772812822270 386278.9225722628 32
1772812832105 385140.0478067914 33
1772812841994 384031.9369432498 34
1772812857770 383751.44543822866 35
1772812867683 348179.1706709286 36
1772812877553 352602.1793821024 37
1772812887781 354727.1582763418 38
1772812897998 356097.9039969766 39
1772812911800 357471.0811969909 40
1772812929430 377162.49527234776 41
1772812939502 375598.9466448507 42
1772812949644 374305.1706660521 43
1772812959898 372559.40964857227 44
1772812976117 371805.73974444694 45
1772812986350 337941.9661041045 46
1772812996601 341899.01570416737 47
1772813006861 344876.8714775866 48
1772813017099 347297.8077582511 49
1772813030865 349467.5521983805 50
1772813048135 381616.8115282542 51
1772813058234 377396.25184018735 52
1772813068393 375180.2675777827 53
1772813078621 373409.41895484464 54
1772813094554 373479.1064156251 55
1772813104492 341446.25003914675 56
1772813114623 345888.11534615856 57
1772813124692 348827.2743716772 58
1772813134652 351834.5981974938 59
1772813148165 354554.2808990358 60
1772813158098 345902.6719212481 61
1772813168009 348493.6881198371 62
1772813177905 350754.8056753529 63
1772813187871 352575.13913443795 64
1772813201329 354383.17180426785 65
1772813211270 348498.54808984644 66
1772813221357 349860.59954954486 67
1772813231344 351366.7419280243 68
1772813241319 352568.452627415 69
1772813254892 353711.9893414688 70
1772813271230 392188.5263445632 71
1772813281230 384253.9390142666 72
1772813291122 383125.49253784935 73
1772813300979 382857.75289240835 74
1772813316731 381944.2771120108 75
1772813326646 347634.65092291724 76
1772813336623 351617.7449524337 77
1772813346559 354863.7438523783 78
1772813356456 357553.4105262317 79
1772813369979 359550.40996408364 80
1772813386466 389658.1527415725 81
1772813396408 384247.0494262495 82
1772813406312 382918.1738906956 83
1772813416183 382627.24274598254 84
1772813431894 382281.86601929145 85
1772813441881 347299.36975506373 86
1772813451804 351595.83972326416 87
1772813461847 354405.27860997006 88
1772813471769 357033.4096857604 89
1772813485231 359434.44131661707 90
1772813495208 350032.78428937827 91
1772813505093 352401.1650743503 92
1772813515031 354324.0915581188 93
1772813524996 355911.9771759607 94
1772813537862 358292.9023966675 95
1772813547168 353808.55587925034 96
1772813556585 356238.0552764525 97
1772813565867 358676.04782856035 98
1772813575420 360439.39893581916 99
1772813588434 361742.68885055854 100
