1772812359828 0.00010929987190083472 1
1772812369869 0.00011837015587259691 2
1772812379426 0.00011202165729560994 3
1772812388891 0.00010592986965895625 4
1772812404584 0.00010283424118769896 5
1772812414039 9.926791322385606e-05 6
1772812423604 9.732275279460821e-05 7
1772812433000 9.746215614667546e-05 8
1772812442485 9.824891289696326e-05 9
1772812455480 9.932772425132325e-05 10
1772812464935 9.720717513547102e-05 11
1772812474258 9.859744868660007e-05 12
1772812483612 9.604054135453036e-05 13
1772812493019 9.825202072872612e-05 14
1772812505979 9.952235873648494e-05 15
1772812515374 9.76644916838795e-05 16
1772812524771 9.615766101282097e-05 17
1772812534186 0.00010015368970488924 18
1772812543523 9.826014066362564e-05 19
1772812556273 9.876270142472233e-05 20
1772812579171 0.00010033593802451483 21
1772812589589 0.00010436580540333999 22
1772812600155 0.00010391387542721118 23
1772812610082 0.00010067095615752536 24
1772812626169 0.00010185518861955238 25
1772812636101 9.963218477588312e-05 26
1772812646093 9.927945847249507e-05 27
1772812656029 0.00010064083407938588 28
1772812665905 9.879579284220518e-05 29
1772812679712 9.939624731676588e-05 30
1772812696723 0.0001001947364823549 21
1772812706710 9.818789374796469e-05 22
1772812716624 0.00010062817380956804 23
1772812726429 9.971437888935166e-05 24
1772812742230 0.00010292634026034712 25
1772812752148 9.956144048341746e-05 26
1772812762127 9.911573651763992e-05 27
1772812772117 0.00010067251178922046 28
1772812781983 0.00010109177507248098 29
1772812795531 0.00010090667984546864 30
1772812812372 9.971847556819439e-05 31
1772812822230 9.904140058472982e-05 32
1772812832063 0.0001008985901607107 33
1772812841956 0.00010674639762946485 34
1772812857730 0.00010253397786382548 35
1772812867644 9.921994270769552e-05 36
1772812877514 9.901333485819462e-05 37
1772812887741 9.92716234628293e-05 38
1772812897957 0.00010090014611417562 39
1772812911762 9.979174025055788e-05 40
1772812929390 9.963217309666582e-05 41
1772812939464 0.00010308110150620241 42
1772812949606 9.970685465552506e-05 43
1772812959859 0.0001017949265859243 44
1772812976079 0.00010355483083406027 45
1772812986311 0.00010105897249748722 46
1772812996562 0.00010118203478867407 47
1772813006822 0.00010195587829137841 48
1772813017058 0.00010111234100560666 49
1772813030825 0.00010394423135970388 50
1772813048097 0.00010080598579266571 51
1772813058192 0.00010118196132985777 52
1772813068353 0.0001016774758997604 53
1772813078579 0.00010272345225430792 54
1772813094516 0.00010039403387934361 55
1772813104448 9.930768814781162e-05 56
1772813114585 9.68038380808588e-05 57
1772813124652 9.615538636583543e-05 58
1772813134612 9.696158882396144e-05 59
1772813148111 9.661181213756166e-05 60
1772813158058 0.0001021762667801695 61
1772813167970 9.54152961792375e-05 62
1772813177866 9.621198817839799e-05 63
1772813187832 9.697919392155073e-05 64
1772813201289 9.859283421514826e-05 65
1772813211226 9.994230851563071e-05 66
1772813221317 9.950509021652674e-05 67
1772813231305 9.80509214863041e-05 68
1772813241279 9.809140733556524e-05 69
1772813254853 9.971677605809042e-05 70
1772813271191 9.792781533171612e-05 71
1772813281191 0.00010101832053479638 72
1772813291082 9.833052967875099e-05 73
1772813300939 9.974271436939335e-05 74
1772813316692 0.0001002318750853092 75
1772813326603 0.00010268578846851973 76
1772813336584 0.0001034232797805239 77
1772813346517 0.00010593325203305022 78
1772813356416 0.00010438261293025115 79
1772813369933 0.00010299165980174712 80
1772813386426 9.917465671913713e-05 81
1772813396368 9.91618134699112e-05 82
1772813406272 0.00010098222158245267 83
1772813416144 9.893080662312321e-05 84
1772813431854 9.950782817513971e-05 85
1772813441842 9.996902106567507e-05 86
1772813451764 9.879391959070143e-05 87
1772813461808 0.00010230539820663347 88
1772813471730 9.881898447640283e-05 89
1772813485191 9.990164885625844e-05 90
1772813495166 0.0001014260775847713 91
1772813505054 9.840194946888964e-05 92
1772813514989 9.999993966303334e-05 93
1772813524956 0.00010142185345967468 94
1772813537821 0.00010063708777342467 95
1772813547130 9.274057999603445e-05 96
1772813556545 9.651777772794691e-05 97
1772813565829 9.536766724947809e-05 98
1772813575378 9.554024614940928e-05 99
1772813588397 0.00010044426975016786 100
