1772811732025 247767.520999157 1
1772811741152 308492.8771054188 2
1772811750961 330263.71035176463 3
1772811760436 344562.80420241633 4
1772811777034 350825.79074928863 5
1772811786335 324660.0669581424 6
1772811796167 331997.67225851363 7
1772811805959 338066.5212086361 8
1772811815710 342584.9470556414 9
1772811828996 346649.44230399554 10
1772811838197 341152.5741638317 11
1772811847213 346476.36682215007 12
1772811856799 349648.51472368033 13
1772811866231 352749.454168111 14
1772811879083 355884.1871598689 15
1772811888428 351062.4573860357 16
1772811898292 352831.2562268277 17
1772811907785 354982.6928303709 18
