1772811732025 247767.52711524494 1
1772811741151 408558.12715936033 2
1772811750961 384544.5591843323 3
1772811760435 396020.7378027966 4
1772811777033 378366.4544503931 5
1772811786334 236504.30753047502 6
1772811796166 384112.5637515603 7
1772811805958 387704.7551538914 8
1772811815710 384022.4689836786 9
1772811828996 388130.1214374264 10
1772811838196 294487.8429097205 11
1772811847213 418319.95880936354 12
1772811856799 392891.93185868935 13
1772811866231 398763.5736416855 14
1772811879082 406485.85327896365 15
1772811888428 291796.88052438415 16
1772811898292 383803.46978065366 17
1772811907785 396081.6595051552 18
1772811917898 371936.4780143652 19
1772811931336 389171.32844265696 20
1772811955115 397351.72221903 21
1772811966228 340406.6716904937 22
1772811976377 369868.82466707664 23
1772811986361 377569.7278056706 24
1772812001832 397394.77909326466 25
1772812012160 231477.3759181843 26
1772812022420 365931.70191425306 27
1772812032602 370157.030815065 28
1772812042827 368111.0739987089 29
