1772811731795 0.00031097901228349656 1
1772811740923 nan 2
1772811750703 nan 3
1772811760205 nan 4
1772811776802 nan 5
1772811786106 nan 6
1772811795944 nan 7
1772811805674 nan 8
1772811815434 nan 9
1772811828756 nan 10
1772811837842 nan 11
1772811846984 nan 12
1772811856556 nan 13
1772811866003 nan 14
1772811878861 nan 15
1772811888193 nan 16
1772811898020 nan 17
1772811907494 nan 18
1772811917456 nan 19
1772811931027 nan 20
1772811948539 0.00031664549896959215 11
1772811958671 nan 12
1772811969683 nan 13
1772811979572 nan 14
1772811995355 nan 15
1772812005061 nan 16
1772812015583 nan 17
1772812025783 nan 18
1772812036047 nan 19
