1772811731798 187.74234404133796 1
1772811740925 170.13655584869906 2
1772811750707 153.93357541737979 3
1772811760207 139.4982140859732 4
1772811776804 127.29015528643087 5
1772811786108 117.88862679010548 6
1772811795946 112.02348916578359 7
1772811805676 110.61440903895375 8
1772811815436 114.82021966929487 9
1772811828758 126.10111813966205 10
1772811837844 146.29703741967836 11
1772811846986 177.72639970896003 12
1772811856559 198.2018426237852 13
1772811866005 179.93537722257554 14
1772811878863 162.8999047813996 15
1772811888195 147.41555525937937 16
1772811898022 133.88571053154237 17
1772811907496 122.8186551438074 18
1772811917459 114.85485708845219 19
1772811931029 110.80134316262385 20
1772811948540 187.74234404133796 11
1772811958672 170.13655584869906 12
1772811969685 153.93357541737979 13
1772811979573 139.4982140859732 14
1772811995356 127.29015528643087 15
1772812005062 117.88862679010548 16
1772812015585 112.02348916578359 17
1772812025784 110.61440903895375 18
1772812036048 114.82021966929487 19
