1772811731796 2.6057985930875493e-05 1
1772811740923 2.4531041998674605e-05 2
1772811750704 3.739228395763135e-05 3
1772811760205 2.9988755183682727e-05 4
1772811776802 3.6665053634687704e-05 5
1772811786107 2.6883776974975322e-05 6
1772811795945 2.363281300683018e-05 7
1772811805674 2.8655997801808625e-05 8
1772811815434 3.310480856884019e-05 9
1772811828756 4.052175183376541e-05 10
1772811837843 2.252110483751268e-05 11
1772811846984 2.2655336864700006e-05 12
1772811856557 2.2722925133978787e-05 13
1772811866004 2.320213060678774e-05 14
1772811878862 2.3949877679781548e-05 15
1772811888194 2.3233507080867346e-05 16
1772811898021 2.718010410110517e-05 17
1772811907494 2.7060732505807924e-05 18
1772811917457 2.7212914444318813e-05 19
1772811931027 3.015720252548371e-05 20
1772811948540 2.7050578458273198e-05 11
1772811958671 2.180212492216632e-05 12
1772811969684 2.5167405426615946e-05 13
1772811979572 2.2078878903695212e-05 14
1772811995356 2.3598422131849807e-05 15
1772812005062 2.0928201969393047e-05 16
1772812015584 2.4635354364644118e-05 17
1772812025784 2.4026163549414805e-05 18
1772812036047 2.4218780087755928e-05 19
