1772811731797 -3.1789143880208305e-07 1
1772811740924 1.2942722865513393e-06 2
1772811750706 3.5762786865234375e-06 3
1772811760206 2.895082746233259e-06 4
1772811776803 -3.882816859654018e-06 5
1772811786108 -1.1920928955078125e-06 6
1772811795946 -4.598072596958705e-06 7
1772811805675 -1.8732888357979912e-06 8
1772811815435 -9.5367431640625e-07 9
1772811828757 1.6008104596819195e-06 10
1772811837843 2.282006399972098e-06 11
1772811846985 -6.02858407156808e-06 12
1772811856558 -2.9404958089192706e-06 13
1772811866005 -4.325594220842634e-06 14
1772811878863 -1.430511474609375e-06 15
1772811888194 -2.350125994001116e-06 16
1772811898022 3.814697265625e-06 17
1772811907495 4.291534423828125e-06 18
