1772811731792 0.20403795825162283 1
1772811740920 0.19159666378358714 2
1772811750694 0.21302799992970123 3
1772811760202 0.21432540757814422 4
1772811776799 0.22700162507577 5
1772811786104 0.20053890478240127 6
1772811795937 0.21071683021520066 7
1772811805671 0.192622520711406 8
1772811815431 0.22063843757080445 9
1772811828753 0.21653297614622197 10
1772811837839 0.19221761900033535 11
1772811846976 0.1877951191376529 12
1772811856553 0.18769379509224868 13
1772811866000 0.19829312785753117 14
1772811878859 0.19166154757424791 15
1772811888190 0.19156011907242437 16
1772811898012 0.20631943750361514 17
1772811907491 0.19893529771486232 18
1772811917453 0.21846188100296005 19
1772811931024 0.22375318450212944 20
1772811948540 0.19168726400190886 11
1772811958672 0.18587691086161484 12
1772811969685 0.20444158021252537 13
1772811979573 0.18544278871351189 14
1772811995357 0.192104562503768 15
1772812005063 0.18453358335786366 16
1772812015585 0.20952680050478584 17
1772812025785 0.19629158928624485 18
1772812036048 0.20095546150280696 19
