1772811731797 -3.24249267578125e-05 1
1772811740925 -1.4781951904296875e-05 2
1772811750706 -1.1444091796875e-05 3
1772811760207 -1.52587890625e-05 4
1772811776803 -2.002716064453125e-05 5
1772811786108 -2.6702880859375e-05 6
1772811795946 -1.7642974853515625e-05 7
1772811805676 -2.3365020751953125e-05 8
1772811815435 -1.71661376953125e-05 9
1772811828757 -1.621246337890625e-05 10
1772811837844 -1.430511474609375e-05 11
1772811846986 -2.4318695068359375e-05 12
1772811856558 -1.52587890625e-05 13
1772811866005 -1.52587890625e-05 14
1772811878863 -2.86102294921875e-05 15
1772811888195 -3.528594970703125e-05 16
1772811898022 -1.049041748046875e-05 17
1772811907496 -1.430511474609375e-05 18
