1772811731797 2.193450927734375e-05 1
1772811740924 3.910064697265625e-05 2
1772811750706 2.09808349609375e-05 3
1772811760207 2.0503997802734375e-05 4
1772811776803 1.5735626220703125e-05 5
1772811786108 1.1920928955078125e-05 6
1772811795946 7.152557373046875e-06 7
1772811805676 1.239776611328125e-05 8
1772811815435 1.3828277587890625e-05 9
1772811828757 1.6689300537109375e-05 10
1772811837844 2.6702880859375e-05 11
1772811846985 1.0013580322265625e-05 12
1772811856558 1.0013580322265625e-05 13
1772811866005 1.239776611328125e-05 14
1772811878863 2.47955322265625e-05 15
1772811888195 2.6702880859375e-05 16
1772811898022 3.4332275390625e-05 17
1772811907496 2.4318695068359375e-05 18
1772811917458 3.0040740966796875e-05 19
1772811931028 2.384185791015625e-05 20
1772811948541 1.0967254638671875e-05 11
1772811958673 1.8596649169921875e-05 12
1772811969686 2.5272369384765625e-05 13
1772811979575 1.2874603271484375e-05 14
1772811995358 1.0967254638671875e-05 15
1772812005064 1.9073486328125e-05 16
1772812015586 1.1444091796875e-05 17
1772812025786 1.7642974853515625e-05 18
1772812036049 1.33514404296875e-05 19
