1772811731793 4000.0 1
1772811740921 4000.0 2
1772811750696 4000.0 3
1772811760203 4000.0 4
1772811776800 4000.0 5
1772811786105 4000.0 6
1772811795938 4000.0 7
1772811805672 4000.0 8
1772811815432 4000.0 9
1772811828754 4000.0 10
1772811837840 4000.0 11
1772811846977 4000.0 12
1772811856554 4000.0 13
1772811866001 4000.0 14
1772811878860 4000.0 15
1772811888191 4000.0 16
1772811898013 4000.0 17
1772811907492 4000.0 18
1772811917454 4000.0 19
1772811931025 4000.0 20
1772811948542 4000.0 11
1772811958674 4000.0 12
1772811969687 4000.0 13
1772811979576 4000.0 14
1772811995359 4000.0 15
1772812005065 4000.0 16
1772812015588 4000.0 17
1772812025787 4000.0 18
1772812036050 4000.0 19
