1772811731793 12.0 1
1772811740921 14.0 2
1772811750696 14.0 3
1772811760203 14.0 4
1772811776800 14.0 5
1772811786105 14.0 6
1772811795942 14.0 7
1772811805672 14.0 8
1772811815432 14.0 9
1772811828754 14.0 10
1772811837841 14.0 11
1772811846981 14.0 12
1772811856555 12.0 13
1772811866002 14.0 14
1772811878860 14.0 15
1772811888191 14.0 16
1772811898018 14.0 17
1772811907492 14.0 18
1772811917454 14.0 19
1772811931025 14.0 20
1772811948543 12.0 11
1772811958675 14.0 12
1772811969688 14.0 13
1772811979576 14.0 14
1772811995359 14.0 15
1772812005065 14.0 16
1772812015588 14.0 17
1772812025787 14.0 18
1772812036051 14.0 19
