1772811731795 0.00013373663900930735 1
1772811740923 0.00013047670446994833 2
1772811750704 0.00017442798373162183 3
1772811760205 0.00014598667759727464 4
1772811776802 0.00017390902436719715 5
1772811786106 0.00013694597771949794 6
1772811795945 0.00012606151067225992 7
1772811805674 0.00013852526634126335 8
1772811815434 0.00015401261544911832 9
1772811828756 0.0001961671008919431 10
1772811837842 0.00012460214443756626 11
1772811846984 0.00012352764386902885 12
1772811856557 0.00012701430431608278 13
1772811866004 0.00012638301516404573 14
1772811878862 0.0001269598368314454 15
1772811888193 0.00012791851503421978 16
1772811898020 0.0001395568831933262 17
1772811907494 0.00013662766768647876 18
1772811917457 0.00013889594504528098 19
1772811931027 0.00014428277651217094 20
1772811948543 0.0001339054784507395 11
1772811958676 0.00012068760854592229 12
1772811969688 0.0001289563464464581 13
1772811979577 0.00012167012647719904 14
1772811995360 0.00012587378525051953 15
1772812005066 0.00011980239337780828 16
1772812015589 0.00012847060966198552 17
1772812025788 0.00012579940178006837 18
1772812036051 0.00012681491516807776 19
