1772811731796 1.4455407920031575 1
1772811740924 1.359976583495154 2
1772811750705 1.560840874997666 3
1772811760206 1.4980622919974849 4
1772811776803 1.6249723124929005 5
1772811786107 1.4079997289954918 6
1772811795945 1.490807958500227 7
1772811805675 1.3797886874963297 8
1772811815435 1.5839213959843619 9
1772811828757 1.545225041481899 10
1772811837843 1.3511977915040916 11
1772811846985 1.3374406039947644 12
1772811856558 1.3386321869911626 13
1772811866004 1.4136887500062585 14
1772811878862 1.3679546250059502 15
1772811888194 1.3653901454963489 16
1772811898021 1.4783505000086734 17
1772811907495 1.4147554994997336 18
1772811917457 1.5582102499902248 19
1772811931028 1.5914840625046054 20
1772811948544 1.3734452500066254 11
1772811958676 1.3098567909910344 12
1772811969689 1.4673138334910618 13
1772811979577 1.3146590215037577 14
1772811995360 1.373740021008416 15
1772812005066 1.3059407500113593 16
1772812015589 1.4984533335082233 17
1772812025788 1.433205124514643 18
1772812036051 1.4293771874945378 19
