1772811740925 7.993828645994654 2
1772811750707 7.770030832994962 3
1772811760208 8.228924916489632 4
1772811776804 7.993915583501803 5
1772811786109 14.957941291489988 6
1772811795947 7.906669812495238 7
1772811805677 8.345003562499187 8
1772811815436 8.371563250009785 9
1772811828758 8.154798166491673 10
1772811837845 11.766567166996538 11
1772811846987 7.743531583502772 12
1772811856559 7.804343499985407 13
1772811866006 8.241629124997417 14
1772811878864 8.0286536670028 15
1772811888196 11.478420604515122 16
1772811898023 7.977814166501048 17
1772811907497 8.35274056250637 18
1772811917459 8.055774187509087 19
1772811931029 8.419796500500524 20
1772811948544 nan 11
1772811958677 8.483122687990544 12
1772811969689 8.831154562503798 13
1772811979578 9.533526041996083 14
1772811995360 8.575067562502227 15
1772812005066 14.40630556299584 16
1772812015589 8.40282714550267 17
1772812025789 9.029247188009322 18
1772812036052 8.767866208479973 19
