1772811731794 0.0 1
1772811740921 1.0 2
1772811750697 2.0 3
1772811760204 3.0 4
1772811776801 4.0 5
1772811786105 5.0 6
1772811795943 6.0 7
1772811805673 7.0 8
1772811815433 8.0 9
1772811828755 9.0 10
1772811837841 10.0 11
1772811846983 11.0 12
1772811856555 12.0 13
1772811866002 13.0 14
1772811878860 14.0 15
1772811888192 15.0 16
1772811898019 16.0 17
1772811907493 17.0 18
1772811917455 18.0 19
1772811931026 19.0 20
1772811948544 10.0 11
1772811958677 11.0 12
1772811969689 12.0 13
1772811979578 13.0 14
1772811995361 14.0 15
1772812005067 15.0 16
1772812015589 16.0 17
1772812025789 17.0 18
1772812036052 18.0 19
