1772811731846 0.0002833293666666132 1
1772811740970 0.00026913064698795976 2
1772811750762 0.00033030699782783934 3
1772811760252 0.00029284023712599955 4
1772811776844 0.0003232725116329334 5
1772811786152 0.0002828589470106615 6
1772811795990 0.00026169463477342553 7
1772811805724 0.00028461694939729116 8
1772811815484 0.0003204843709389007 9
1772811828799 0.00036012154935592363 10
1772811837888 0.0002567277297649733 11
1772811847029 0.00025845990416518375 12
1772811856602 0.00026804640228741646 13
1772811866053 0.00026488828332581156 14
1772811878905 0.000265970001796771 15
1772811888239 0.0002653688282685297 16
1772811898067 0.00029291489309087206 17
1772811907540 0.00028727307079697603 18
1772811917518 0.00028967682992048807 19
1772811931069 0.0003024392872292808 20
1772811948591 0.0002780653975080415 11
1772811958729 0.0002560122508942556 12
1772811969734 0.0002747506188099329 13
1772811979627 0.00025711142868123664 14
1772811995406 0.00026788089836939403 15
1772812005115 0.00024758272125205254 16
1772812015637 0.0002762079938450065 17
1772812025840 0.0002693128701604735 18
1772812036100 0.0002696828949753264 19
