1772811731843 37.535714285714285 1
1772811740967 46.099999999999994 2
1772811750758 52.021428571428565 3
1772811760249 55.03076923076923 4
1772811776842 58.40714285714285 5
1772811786149 40.03913043478261 6
1772811795987 38.307142857142864 7
1772811805720 43.06923076923077 8
1772811815481 42.07142857142857 9
1772811828796 50.607142857142854 10
1772811837885 40.70555555555555 11
1772811847026 37.98461538461538 12
1772811856599 45.94285714285714 13
1772811866050 38.261538461538464 14
1772811878902 36.97692307692308 15
1772811888236 47.28947368421053 16
1772811898064 53.06923076923078 17
1772811907537 50.32142857142857 18
