1772811731843 76.69999999999997 1
1772811740968 75.93846153846152 2
1772811750758 77.17142857142856 3
1772811760249 77.03076923076922 4
1772811776842 77.3 5
1772811786149 77.61739130434783 6
1772811795987 76.04285714285716 7
1772811805721 77.77692307692308 8
1772811815481 78.72142857142858 9
1772811828796 78.44285714285715 10
1772811837885 77.49444444444445 11
1772811847026 76.5076923076923 12
1772811856599 76.70714285714284 13
1772811866050 76.69230769230771 14
1772811878902 76.52307692307691 15
1772811888236 76.82631578947368 16
1772811898064 78.26153846153846 17
1772811907538 77.50714285714285 18
