1772812360020 1.0 1
1772812370051 1.0 2
1772812379595 1.0 3
1772812389065 1.0 4
1772812404475 1.0 5
1772812413933 1.0 6
1772812423452 1.0 7
1772812432834 1.0 8
1772812442250 1.0 9
1772812455255 1.0 10
1772812464578 1.0 11
1772812474025 1.0 12
1772812483374 1.0 13
1772812492742 1.0 14
1772812505721 1.0 15
1772812515109 1.0 16
1772812524494 1.0 17
1772812533902 1.0 18
1772812543135 1.0 19
1772812556029 1.0 20
1772812572485 1.0 11
1772812582971 1.0 12
1772812593550 1.0 13
1772812603908 1.0 14
1772812619719 1.0 15
1772812629963 1.0 16
1772812639920 1.0 17
1772812649876 1.0 18
1772812659773 1.0 19
1772812673475 1.0 20
1772812683598 1.0 21
1772812693570 1.0 22
1772812703534 1.0 23
1772812713494 1.0 24
1772812726925 1.0 25
1772812736874 1.0 26
1772812746747 1.0 27
1772812756684 1.0 28
1772812766654 1.0 29
1772812780122 1.0 30
1772812790046 1.0 31
1772812799964 1.0 32
1772812809901 1.0 33
1772812819658 1.0 34
1772812833187 1.0 35
1772812843121 1.0 36
1772812852935 1.0 37
1772812862855 1.0 38
1772812872736 1.0 39
1772812886384 1.0 40
1772812896673 1.0 41
1772812906863 1.0 42
1772812917006 1.0 43
1772812927372 1.0 44
1772812941130 1.0 45
1772812951344 1.0 46
1772812961609 1.0 47
1772812971736 1.0 48
1772812981869 1.0 49
1772812995754 1.0 50
1772813006035 1.0 51
1772813016267 1.0 52
1772813026422 1.0 53
1772813036510 1.0 54
1772813050348 1.0 55
1772813060515 1.0 56
1772813070740 1.0 57
1772813080798 1.0 58
1772813090774 1.0 59
1772813104312 1.0 60
1772813114464 1.0 61
1772813124486 1.0 62
1772813134452 1.0 63
1772813144357 1.0 64
1772813157839 1.0 65
1772813167644 1.0 66
1772813177557 1.0 67
1772813187522 1.0 68
1772813197497 1.0 69
1772813210985 1.0 70
1772813221054 1.0 71
1772813230975 1.0 72
1772813240911 1.0 73
1772813250789 1.0 74
1772813264183 1.0 75
1772813274156 1.0 76
1772813284243 1.0 77
1772813294128 1.0 78
1772813304061 1.0 79
1772813317474 1.0 80
1772813327351 1.0 81
1772813337229 1.0 82
1772813347138 1.0 83
1772813357042 1.0 84
1772813370550 1.0 85
1772813380489 1.0 86
1772813390382 1.0 87
1772813400350 1.0 88
1772813410253 1.0 89
1772813423602 1.0 90
1772813433526 1.0 91
1772813443520 1.0 92
1772813453615 1.0 93
1772813463600 1.0 94
1772813477040 1.0 95
1772813487013 1.0 96
1772813496962 1.0 97
1772813506733 1.0 98
1772813516701 1.0 99
1772813530184 1.0 100
