1772812360019 2.0 1
1772812370050 2.0 2
1772812379595 2.0 3
1772812389065 2.0 4
1772812404475 2.0 5
1772812413933 2.0 6
1772812423452 2.0 7
1772812432833 2.0 8
1772812442250 2.0 9
1772812455254 2.0 10
1772812464577 2.0 11
1772812474025 2.0 12
1772812483373 2.0 13
1772812492741 2.0 14
1772812505720 2.0 15
1772812515109 2.0 16
1772812524493 2.0 17
1772812533902 2.0 18
1772812543134 2.0 19
1772812556028 2.0 20
1772812572484 2.0 11
1772812582970 2.0 12
1772812593549 2.0 13
1772812603907 2.0 14
1772812619718 2.0 15
1772812629963 2.0 16
1772812639920 2.0 17
1772812649875 2.0 18
1772812659773 2.0 19
1772812673474 2.0 20
1772812683598 2.0 21
1772812693570 2.0 22
1772812703534 2.0 23
1772812713494 2.0 24
1772812726924 2.0 25
1772812736873 2.0 26
1772812746746 2.0 27
1772812756683 2.0 28
1772812766653 2.0 29
1772812780122 2.0 30
1772812790045 2.0 31
1772812799964 2.0 32
1772812809900 2.0 33
1772812819657 2.0 34
1772812833186 2.0 35
1772812843121 2.0 36
1772812852935 2.0 37
1772812862855 2.0 38
1772812872735 2.0 39
1772812886384 2.0 40
1772812896673 2.0 41
1772812906862 2.0 42
1772812917005 2.0 43
1772812927372 2.0 44
1772812941130 2.0 45
1772812951343 2.0 46
1772812961608 2.0 47
1772812971735 2.0 48
1772812981869 2.0 49
1772812995753 2.0 50
1772813006034 2.0 51
1772813016267 2.0 52
1772813026421 2.0 53
1772813036509 2.0 54
1772813050348 2.0 55
1772813060514 2.0 56
1772813070739 2.0 57
1772813080798 2.0 58
1772813090774 2.0 59
1772813104311 2.0 60
1772813114463 2.0 61
1772813124485 2.0 62
1772813134451 2.0 63
1772813144356 2.0 64
1772813157838 2.0 65
1772813167644 2.0 66
1772813177556 2.0 67
1772813187522 2.0 68
1772813197496 2.0 69
1772813210984 2.0 70
1772813221053 2.0 71
1772813230975 2.0 72
1772813240910 2.0 73
1772813250789 2.0 74
1772813264183 2.0 75
1772813274155 2.0 76
1772813284242 2.0 77
1772813294127 2.0 78
1772813304060 2.0 79
1772813317473 2.0 80
1772813327351 2.0 81
1772813337229 2.0 82
1772813347138 2.0 83
1772813357042 2.0 84
1772813370549 2.0 85
1772813380488 2.0 86
1772813390381 2.0 87
1772813400349 2.0 88
1772813410252 2.0 89
1772813423602 2.0 90
1772813433526 2.0 91
1772813443519 2.0 92
1772813453614 2.0 93
1772813463600 2.0 94
1772813477039 2.0 95
1772813487012 2.0 96
1772813496961 2.0 97
1772813506733 2.0 98
1772813516700 2.0 99
1772813530183 2.0 100
