1772812360019 0.0 1
1772812370050 0.0 2
1772812379595 0.0 3
1772812389065 0.0 4
1772812404475 0.0 5
1772812413933 0.0 6
1772812423452 0.0 7
1772812432833 0.0 8
1772812442250 0.0 9
1772812455255 0.0 10
1772812464577 0.0 11
1772812474025 0.0 12
1772812483373 0.0 13
1772812492741 0.0 14
1772812505720 0.0 15
1772812515109 0.0 16
1772812524493 0.0 17
1772812533902 0.0 18
1772812543135 0.0 19
1772812556029 0.0 20
1772812572485 0.0 11
1772812582970 0.0 12
1772812593550 0.0 13
1772812603907 0.0 14
1772812619718 0.0 15
1772812629963 0.0 16
1772812639920 0.0 17
1772812649875 0.0 18
1772812659773 0.0 19
1772812673475 0.0 20
1772812683598 0.0 21
1772812693570 0.0 22
1772812703534 0.0 23
1772812713494 0.0 24
1772812726925 0.0 25
1772812736873 0.0 26
1772812746746 0.0 27
1772812756683 0.0 28
1772812766654 0.0 29
1772812780122 0.0 30
1772812790045 0.0 31
1772812799964 0.0 32
1772812809900 0.0 33
1772812819657 0.0 34
1772812833187 0.0 35
1772812843121 0.0 36
1772812852935 0.0 37
1772812862855 0.0 38
1772812872736 0.0 39
1772812886384 0.0 40
1772812896673 0.0 41
1772812906862 0.0 42
1772812917005 0.0 43
1772812927372 0.0 44
1772812941130 0.0 45
1772812951344 0.0 46
1772812961608 0.0 47
1772812971735 0.0 48
1772812981869 0.0 49
1772812995754 0.0 50
1772813006034 0.0 51
1772813016267 0.0 52
1772813026421 0.0 53
1772813036510 0.0 54
1772813050348 0.0 55
1772813060514 0.0 56
1772813070739 0.0 57
1772813080798 0.0 58
1772813090774 0.0 59
1772813104312 0.0 60
1772813114463 0.0 61
1772813124485 0.0 62
1772813134452 0.0 63
1772813144357 0.0 64
1772813157839 0.0 65
1772813167644 0.0 66
1772813177557 0.0 67
1772813187522 0.0 68
1772813197496 0.0 69
1772813210985 0.0 70
1772813221053 0.0 71
1772813230975 0.0 72
1772813240910 0.0 73
1772813250789 0.0 74
1772813264183 0.0 75
1772813274155 0.0 76
1772813284243 0.0 77
1772813294128 0.0 78
1772813304061 0.0 79
1772813317473 0.0 80
1772813327351 0.0 81
1772813337229 0.0 82
1772813347138 0.0 83
1772813357042 0.0 84
1772813370550 0.0 85
1772813380489 0.0 86
1772813390382 0.0 87
1772813400350 0.0 88
1772813410253 0.0 89
1772813423602 0.0 90
1772813433526 0.0 91
1772813443519 0.0 92
1772813453615 0.0 93
1772813463600 0.0 94
1772813477040 0.0 95
1772813487013 0.0 96
1772813496962 0.0 97
1772813506733 0.0 98
1772813516701 0.0 99
1772813530183 0.0 100
