1772812360034 247333.37069692597 1
1772812370063 371042.1630752774 2
1772812379608 394184.49545806675 3
1772812389078 397880.75523044664 4
1772812404486 403659.593428557 5
1772812413946 242709.86596491918 6
1772812423464 395797.2903377873 7
1772812432845 401963.89981722704 8
1772812442262 399968.9673763188 9
1772812455266 397164.8755546581 10
1772812464589 293467.8899727126 11
1772812474037 398529.8570338405 12
1772812483385 402816.2463373895 13
1772812492753 402277.2543844267 14
1772812505732 399339.62350966205 15
1772812515121 291527.4468339372 16
1772812524505 401338.9076241181 17
1772812533913 400601.71231933136 18
1772812543146 408032.7329307943 19
1772812556040 403329.79358336725 20
1772812572496 388855.9370442818 11
1772812582982 359488.4145101518 12
1772812593565 357118.24342249567 13
1772812603918 362081.24356505775 14
1772812619729 379390.3970110798 15
1772812629974 233983.78809500538 16
1772812639931 378170.1514147671 17
1772812649886 378575.5540635626 18
1772812659784 380073.7877678952 19
1772812673489 381717.95875107334 20
1772812683608 270745.0060324806 21
1772812693580 377629.4599740746 22
1772812703545 377931.2245625567 23
1772812713505 377611.4492435102 24
1772812726936 382012.22251597734 25
1772812736884 278936.7867974129 26
1772812746757 381727.9922966851 27
1772812756694 379472.45372852474 28
1772812766665 377859.2844458903 29
1772812780133 379716.4836485489 30
1772812790056 279712.13393909537 31
1772812799974 380035.1952678124 32
1772812809911 379499.68963588885 33
1772812819668 385938.5751853193 34
1772812833198 378756.1444740478 35
1772812843132 278588.0029077924 36
1772812852945 383897.51976552844 37
1772812862866 379814.7048513839 38
1772812872746 381597.3802549351 39
1772812886397 380265.0799812739 40
1772812896684 268861.2841738362 41
1772812906873 369773.2603736623 42
1772812917018 374250.19598943234 43
1772812927383 361346.97264861694 44
1772812941140 371845.28855310526 45
1772812951355 272170.6994854669 46
1772812961619 366500.5585687417 47
1772812971746 372260.8103468028 48
1772812981880 371892.76646538486 49
1772812995767 370226.75811703317 50
1772813006045 269505.5819720262 51
1772813016278 368188.1932195056 52
1772813026432 371104.42989560036 53
1772813036521 373565.1422372258 54
1772813050358 370116.95998008363 55
1772813060525 272747.7454307555 56
1772813070750 368319.2452553645 57
1772813080808 374172.67639533355 58
1772813090784 377441.0222425461 59
1772813104323 378811.15261675545 60
1772813114473 278195.92075791257 61
1772813124498 369209.1898312519 62
1772813134462 377941.06230706733 63
1772813144367 380340.05948891724 64
1772813157850 380828.2392632811 65
1772813167654 281263.36792492715 66
1772813177569 380950.9719235479 67
1772813187532 377851.93980022223 68
1772813197508 377346.3629301051 69
1772813210996 381317.88611565286 70
1772813221064 275804.0553321606 71
1772813230986 379347.2949701263 72
1772813240921 378983.5132526339 73
1772813250800 381389.4483241239 74
1772813264194 383425.4495947507 75
1772813274166 278736.9549393977 76
1772813284253 373486.90967082884 77
1772813294138 380630.01980493794 78
1772813304071 379389.941783894 79
1772813317485 383178.09195491136 80
1772813327363 280278.09046351974 81
1772813337240 381646.3923954663 82
1772813347149 380007.35069499584 83
1772813357054 380684.4325710015 84
1772813370563 378414.93147066067 85
1772813380499 279070.9493982522 86
1772813390392 380411.6168201411 87
1772813400360 378245.9839386739 88
1772813410263 380483.7005071765 89
1772813423613 385521.6892911785 90
1772813433536 279429.27066516783 91
1772813443530 376353.5474808388 92
1772813453625 378231.7411093168 93
1772813463611 373617.718887237 94
1772813477051 380396.2310858747 95
1772813487024 278846.7600654992 96
1772813496972 378775.1847509981 97
1772813506743 384648.46743352775 98
1772813516711 378262.14554272324 99
1772813530194 378257.69322296913 100
