1772812360034 247333.36460225334 1
1772812370063 296832.0825551374 2
1772812379608 323461.21707706 3
1772812389078 339325.01669321244 4
1772812404486 350493.33007262065 5
1772812413947 326330.9409466296 6
1772812423464 334720.0554103534 7
1772812432845 341865.917550203 8
1772812442262 347471.5097843595 9
1772812455266 351871.2743254133 10
1772812464589 345614.6409694956 11
1772812474037 349478.9918025031 12
1772812483385 353069.2987925006 13
1772812492754 356179.1384659338 14
1772812505732 358761.8554266278 15
1772812515121 353661.21254276426 16
1772812524505 356148.05110876454 17
1772812533914 358355.5526259068 18
1772812543147 360664.99156992184 19
1772812556040 362581.1463567181 20
1772812572496 388855.92033332255 11
1772812582983 373566.3123386884 12
1772812593566 367899.80890102655 13
1772812603919 366417.9586428858 14
1772812619729 368933.53176237666 15
1772812629974 336569.1282394139 16
1772812639931 341939.25552445377 17
1772812649887 346122.5162888781 18
1772812659784 349589.0842759344 19
1772812673489 352553.47578264255 20
1772812683609 343124.2731734589 21
1772812693581 345754.4620960859 22
1772812703545 348029.0542650284 23
1772812713505 349985.28013229393 24
1772812726936 351950.5419384546 25
1772812736884 346282.682249309 26
1772812746757 348182.8480176944 27
1772812756694 349783.59005719685 28
1772812766665 351155.21204354585 29
1772812780133 352479.31658502424 30
1772812790056 348164.21749209514 31
1772812799975 349495.0508637393 32
1772812809911 350699.3729637061 33
1772812819668 352037.45063201705 34
1772812833198 353032.3790670896 35
1772812843132 349443.05092421925 36
1772812852945 350607.4156256619 37
1772812862866 351571.9189768092 38
1772812872747 352527.25980379706 39
1772812886397 353385.4655287723 40
1772812896684 349836.2101674982 41
1772812906874 350425.68691693794 42
1772812917018 351102.06395479204 43
1772812927383 351394.0255039048 44
1772812941140 351946.1392836334 45
1772812951355 349102.57506328664 46
1772812961619 349550.1881361179 47
1772812971746 350110.86989893706 48
1772812981880 350636.582944092 49
1772812995768 351100.2257365566 50
1772813006045 348525.51933970704 51
1772813016278 348968.4719034873 52
1772813026432 349452.4280838886 53
1772813036522 349965.0438434691 54
1772813050359 350388.31687404047 55
1772813060525 348232.4250079259 56
1772813070750 348636.23569194647 57
1772813080809 349132.00904928293 58
1772813090784 349666.5913226241 59
1772813104323 350204.87376610225 60
1772813114474 348437.4394989714 61
1772813124498 348814.2184724605 62
1772813134463 349321.5505133364 63
1772813144368 349849.3584734647 64
1772813157850 350367.0176868164 65
1772813167655 348835.8295287523 66
1772813177569 349352.0057503661 67
1772813187533 349806.4157529457 68
1772813197508 350239.12242177606 69
1772813210996 350715.0014723855 70
1772813221064 349159.65478413954 71
1772813230986 349607.8724592307 72
1772813240922 350037.5870910428 73
1772813250800 350487.27765325236 74
1772813264194 350950.61951107514 75
1772813274166 349577.77948368347 76
1772813284254 349911.60896925867 77
1772813294139 350326.9301642726 78
1772813304072 350715.8607114697 79
1772813317485 351140.39347584423 80
1772813327363 349893.86344471 81
1772813337241 350298.2165019681 82
1772813347149 350673.3552556705 83
1772813357054 351046.9071921611 84
1772813370563 351385.3188985973 85
1772813380500 350192.04053802346 86
1772813390392 350553.3000133994 87
1772813400361 350882.2195181201 88
1772813410263 351227.66911658953 89
1772813423613 351618.23444845714 90
1772813433536 350499.8337676161 91
1772813443530 350793.3233041203 92
1772813453626 351099.83095074224 93
1772813463611 351351.3536480804 94
1772813477051 351666.91238723794 95
1772813487024 350601.80692766665 96
1772813496973 350901.45335200656 97
1772813506744 351250.9335038194 98
1772813516712 351532.6437254068 99
1772813530194 351808.484205797 100
