1772812360031 1.633301144465804e-05 1
1772812370060 nan 2
1772812379605 nan 3
1772812389075 nan 4
1772812404484 nan 5
1772812413944 nan 6
1772812423462 nan 7
1772812432843 nan 8
1772812442260 nan 9
1772812455264 nan 10
1772812464587 nan 11
1772812474034 nan 12
1772812483383 nan 13
1772812492751 nan 14
1772812505730 nan 15
1772812515119 nan 16
1772812524503 nan 17
1772812533911 nan 18
1772812543144 nan 19
1772812556038 nan 20
1772812572494 2.866699651349336e-05 11
1772812582981 nan 12
1772812593564 nan 13
1772812603917 nan 14
1772812619728 nan 15
1772812629972 nan 16
1772812639930 nan 17
1772812649885 nan 18
1772812659783 nan 19
1772812673488 nan 20
1772812683607 nan 21
1772812693579 nan 22
1772812703543 nan 23
1772812713503 nan 24
1772812726934 nan 25
1772812736882 nan 26
1772812746756 nan 27
1772812756693 nan 28
1772812766663 nan 29
1772812780132 nan 30
1772812790055 nan 31
1772812799973 nan 32
1772812809910 nan 33
1772812819667 nan 34
1772812833196 nan 35
1772812843131 nan 36
1772812852944 nan 37
1772812862865 nan 38
1772812872745 nan 39
1772812886395 nan 40
1772812896682 nan 41
1772812906872 nan 42
1772812917017 nan 43
1772812927382 nan 44
1772812941139 nan 45
1772812951353 nan 46
1772812961618 nan 47
1772812971744 nan 48
1772812981879 nan 49
1772812995766 nan 50
1772813006043 nan 51
1772813016276 nan 52
1772813026431 nan 53
1772813036519 nan 54
1772813050357 nan 55
1772813060524 nan 56
1772813070749 nan 57
1772813080807 nan 58
1772813090783 nan 59
1772813104321 nan 60
1772813114472 nan 61
1772813124496 nan 62
1772813134461 nan 63
1772813144366 nan 64
1772813157848 nan 65
1772813167653 nan 66
1772813177567 nan 67
1772813187531 nan 68
1772813197506 nan 69
1772813210994 nan 70
1772813221063 nan 71
1772813230985 nan 72
1772813240920 nan 73
1772813250798 nan 74
1772813264192 nan 75
1772813274165 nan 76
1772813284252 nan 77
1772813294137 nan 78
1772813304070 nan 79
1772813317483 nan 80
1772813327361 nan 81
1772813337239 nan 82
1772813347148 nan 83
1772813357052 nan 84
1772813370561 nan 85
1772813380498 nan 86
1772813390391 nan 87
1772813400359 nan 88
1772813410262 nan 89
1772813423612 nan 90
1772813433535 nan 91
1772813443529 nan 92
1772813453624 nan 93
1772813463610 nan 94
1772813477049 nan 95
1772813487022 nan 96
1772813496971 nan 97
1772813506742 nan 98
1772813516710 nan 99
1772813530193 nan 100
