1772812360031 3.370900230947882e-05 1
1772812370060 nan 2
1772812379605 nan 3
1772812389074 nan 4
1772812404483 nan 5
1772812413944 nan 6
1772812423461 nan 7
1772812432842 nan 8
1772812442260 nan 9
1772812455263 nan 10
1772812464586 nan 11
1772812474034 nan 12
1772812483382 nan 13
1772812492751 nan 14
1772812505729 nan 15
1772812515118 nan 16
1772812524503 nan 17
1772812533911 nan 18
1772812543144 nan 19
1772812556037 nan 20
1772812572495 3.7478996091522276e-05 11
1772812582981 nan 12
1772812593564 nan 13
1772812603918 nan 14
1772812619728 nan 15
1772812629973 nan 16
1772812639930 nan 17
1772812649886 nan 18
1772812659783 nan 19
1772812673488 nan 20
1772812683608 nan 21
1772812693580 nan 22
1772812703544 nan 23
1772812713504 nan 24
1772812726935 nan 25
1772812736883 nan 26
1772812746756 nan 27
1772812756693 nan 28
1772812766664 nan 29
1772812780132 nan 30
1772812790055 nan 31
1772812799974 nan 32
1772812809910 nan 33
1772812819667 nan 34
1772812833197 nan 35
1772812843131 nan 36
1772812852944 nan 37
1772812862865 nan 38
1772812872746 nan 39
1772812886396 nan 40
1772812896683 nan 41
1772812906873 nan 42
1772812917017 nan 43
1772812927382 nan 44
1772812941139 nan 45
1772812951354 nan 46
1772812961618 nan 47
1772812971745 nan 48
1772812981879 nan 49
1772812995766 nan 50
1772813006044 nan 51
1772813016277 nan 52
1772813026431 nan 53
1772813036520 nan 54
1772813050358 nan 55
1772813060524 nan 56
1772813070749 nan 57
1772813080808 nan 58
1772813090783 nan 59
1772813104322 nan 60
1772813114472 nan 61
1772813124497 nan 62
1772813134462 nan 63
1772813144367 nan 64
1772813157849 nan 65
1772813167654 nan 66
1772813177568 nan 67
1772813187532 nan 68
1772813197507 nan 69
1772813210995 nan 70
1772813221063 nan 71
1772813230985 nan 72
1772813240921 nan 73
1772813250799 nan 74
1772813264193 nan 75
1772813274166 nan 76
1772813284253 nan 77
1772813294137 nan 78
1772813304071 nan 79
1772813317484 nan 80
1772813327362 nan 81
1772813337239 nan 82
1772813347148 nan 83
1772813357053 nan 84
1772813370562 nan 85
1772813380498 nan 86
1772813390391 nan 87
1772813400359 nan 88
1772813410262 nan 89
1772813423612 nan 90
1772813433535 nan 91
1772813443529 nan 92
1772813453625 nan 93
1772813463610 nan 94
1772813477050 nan 95
1772813487023 nan 96
1772813496972 nan 97
1772813506743 nan 98
1772813516711 nan 99
1772813530193 nan 100
