1772811731978 0.00028111428353899253 1
1772811741111 0.00025038314039452914 2
1772811750911 0.0002849932311655282 3
1772811760395 0.0002687015512096228 4
1772811776993 0.00027671537555233865 5
1772811786296 0.0002534541012853248 6
1772811796126 0.0002509833187298128 7
1772811805901 0.0002800153558444568 8
1772811815669 0.00028811568405581983 9
1772811828954 0.00032422359411790147 10
1772811838158 0.00024697793839655523 11
1772811847172 0.0002465159470486512 12
1772811856758 0.00024948792109809683 13
1772811866193 0.00024749795313893443 14
1772811879043 0.0002519523151132423 15
1772811888389 0.0002550835363997843 16
1772811898242 0.0002572468527546281 17
1772811907734 0.0002678758600350126 18
1772811917855 0.00027006476770113994 19
1772811931296 0.0002505218634100459 20
1772811955076 0.00026052421763736575 21
1772811966176 0.00028334220071379087 22
1772811976338 0.00028228306855094913 23
1772811986314 0.00025436444228872656 24
1772812001793 0.0002710552841477625 25
1772812012110 0.00027031749727718596 26
1772812022377 0.00026107343098464246 27
1772812032556 0.00026551551844119494 28
1772812042788 0.00025957679179542065 29
