1772812359782 0.0003115625004284084 1
1772812369821 nan 2
1772812379382 nan 3
1772812388849 nan 4
1772812404538 nan 5
1772812413997 nan 6
1772812423559 nan 7
1772812432957 nan 8
1772812442436 nan 9
1772812455406 nan 10
1772812464891 nan 11
1772812474211 nan 12
1772812483570 nan 13
1772812492970 nan 14
1772812505930 nan 15
1772812515329 nan 16
1772812524722 nan 17
1772812534144 nan 18
1772812543476 nan 19
1772812556229 nan 20
1772812579124 0.00029566649754997343 21
1772812589540 nan 22
1772812600107 nan 23
1772812610033 nan 24
1772812626121 nan 25
1772812636054 nan 26
1772812646046 nan 27
1772812655983 nan 28
1772812665858 nan 29
1772812679660 nan 30
1772812696677 0.0002971039939438924 21
1772812706662 nan 22
1772812716576 nan 23
1772812726383 nan 24
1772812742183 nan 25
1772812752098 nan 26
1772812762079 nan 27
1772812772066 nan 28
1772812781937 nan 29
1772812795482 nan 30
1772812812325 0.00029491599707398564 31
1772812822180 nan 32
1772812832017 nan 33
1772812841908 nan 34
1772812857684 nan 35
1772812867593 nan 36
1772812877467 nan 37
1772812887686 nan 38
1772812897907 nan 39
1772812911716 nan 40
1772812929342 0.0002936045057140291 41
1772812939417 nan 42
1772812949556 nan 43
1772812959805 nan 44
1772812976029 nan 45
1772812986263 nan 46
1772812996510 nan 47
1772813006769 nan 48
1772813017005 nan 49
1772813030777 nan 50
1772813048052 0.00032945850398391485 51
1772813058145 nan 52
1772813068306 nan 53
1772813078531 nan 54
1772813094469 nan 55
1772813104394 nan 56
1772813114538 nan 57
1772813124598 nan 58
1772813134564 nan 59
1772813148046 nan 60
1772813158005 nan 61
1772813167919 nan 62
1772813177814 nan 63
1772813187783 nan 64
1772813201243 nan 65
1772813211169 nan 66
1772813221267 nan 67
1772813231253 nan 68
1772813241229 nan 69
1772813254806 nan 70
1772813271139 0.0003582714998628944 71
1772813281144 nan 72
1772813291031 nan 73
1772813300893 nan 74
1772813316646 nan 75
1772813326557 nan 76
1772813336538 nan 77
1772813346470 nan 78
1772813356370 nan 79
1772813369887 nan 80
1772813386379 0.00032379149342887104 81
1772813396318 nan 82
1772813406225 nan 83
1772813416093 nan 84
1772813431808 nan 85
1772813441793 nan 86
1772813451717 nan 87
1772813461756 nan 88
1772813471683 nan 89
1772813485140 nan 90
1772813495119 nan 91
1772813505007 nan 92
1772813514942 nan 93
1772813524908 nan 94
1772813537777 nan 95
1772813547085 nan 96
1772813556500 nan 97
1772813565784 nan 98
1772813575327 nan 99
1772813588352 nan 100
