1772812359783 187.74234404133796 1
1772812369825 170.13655584869906 2
1772812379383 153.93357541737979 3
1772812388850 139.4982140859732 4
1772812404539 127.29015528643087 5
1772812413998 117.88862679010548 6
1772812423560 112.02348916578359 7
1772812432958 110.61440903895375 8
1772812442438 114.82021966929487 9
1772812455409 126.10111813966205 10
1772812464892 146.29703741967836 11
1772812474213 177.72639970896003 12
1772812483571 198.2018426237852 13
1772812492972 179.93537722257554 14
1772812505931 162.8999047813996 15
1772812515331 147.41555525937937 16
1772812524723 133.88571053154237 17
1772812534145 122.8186551438074 18
1772812543477 114.85485708845219 19
1772812556230 110.80134316262385 20
1772812579125 187.74234404133796 21
1772812589541 170.13655584869906 22
1772812600108 153.93357541737979 23
1772812610034 139.4982140859732 24
1772812626122 127.29015528643087 25
1772812636055 117.88862679010548 26
1772812646047 112.02348916578359 27
1772812655984 110.61440903895375 28
1772812665859 114.82021966929487 29
1772812679661 126.10111813966205 30
1772812696678 187.74234404133796 21
1772812706663 170.13655584869906 22
1772812716577 153.93357541737979 23
1772812726384 139.4982140859732 24
1772812742184 127.29015528643087 25
1772812752099 117.88862679010548 26
1772812762081 112.02348916578359 27
1772812772067 110.61440903895375 28
1772812781938 114.82021966929487 29
1772812795483 126.10111813966205 30
1772812812326 187.74234404133796 31
1772812822181 170.13655584869906 32
1772812832018 153.93357541737979 33
1772812841909 139.4982140859732 34
1772812857685 127.29015528643087 35
1772812867594 117.88862679010548 36
1772812877468 112.02348916578359 37
1772812887687 110.61440903895375 38
1772812897908 114.82021966929487 39
1772812911717 126.10111813966205 40
1772812929343 187.74234404133796 41
1772812939418 170.13655584869906 42
1772812949557 153.93357541737979 43
1772812959806 139.4982140859732 44
1772812976030 127.29015528643087 45
1772812986264 117.88862679010548 46
1772812996511 112.02348916578359 47
1772813006772 110.61440903895375 48
1772813017006 114.82021966929487 49
1772813030778 126.10111813966205 50
1772813048053 187.74234404133796 51
1772813058146 170.13655584869906 52
1772813068307 153.93357541737979 53
1772813078532 139.4982140859732 54
1772813094470 127.29015528643087 55
1772813104395 117.88862679010548 56
1772813114539 112.02348916578359 57
1772813124599 110.61440903895375 58
1772813134565 114.82021966929487 59
1772813148047 126.10111813966205 60
1772813158006 146.29703741967836 61
1772813167921 177.72639970896003 62
1772813177815 198.2018426237852 63
1772813187784 179.93537722257554 64
1772813201244 162.8999047813996 65
1772813211170 147.41555525937937 66
1772813221268 133.88571053154237 67
1772813231254 122.8186551438074 68
1772813241230 114.85485708845219 69
1772813254807 110.80134316262385 70
1772813271140 187.74234404133796 71
1772813281145 170.13655584869906 72
1772813291032 153.93357541737979 73
1772813300894 139.4982140859732 74
1772813316647 127.29015528643087 75
1772813326557 117.88862679010548 76
1772813336539 112.02348916578359 77
1772813346471 110.61440903895375 78
1772813356371 114.82021966929487 79
1772813369888 126.10111813966205 80
1772813386380 187.74234404133796 81
1772813396319 170.13655584869906 82
1772813406226 153.93357541737979 83
1772813416094 139.4982140859732 84
1772813431809 127.29015528643087 85
1772813441794 117.88862679010548 86
1772813451718 112.02348916578359 87
1772813461757 110.61440903895375 88
1772813471684 114.82021966929487 89
1772813485141 126.10111813966205 90
1772813495120 146.29703741967836 91
1772813505008 177.72639970896003 92
1772813514942 198.2018426237852 93
1772813524909 179.93537722257554 94
1772813537778 162.8999047813996 95
1772813547086 147.41555525937937 96
1772813556501 133.88571053154237 97
1772813565785 122.8186551438074 98
1772813575328 114.85485708845219 99
1772813588353 110.80134316262385 100
