1772812359783 2.5889222335879978e-05 1
1772812369825 3.216704905168382e-05 2
1772812379383 2.7304691635191188e-05 3
1772812388850 2.207544969585148e-05 4
1772812404538 2.373849919410875e-05 5
1772812413998 2.1572566663901898e-05 6
1772812423560 2.1273215847177904e-05 7
1772812432958 2.1005050401221235e-05 8
1772812442437 2.2393030463521903e-05 9
1772812455407 2.1351807729912367e-05 10
1772812464892 2.1116345474674027e-05 11
1772812474212 2.239637237783116e-05 12
1772812483570 2.092166973960063e-05 13
1772812492971 2.1295088866935415e-05 14
1772812505931 2.171654916687046e-05 15
1772812515330 2.1755254004962813e-05 16
1772812524723 2.128524227428456e-05 17
1772812534144 2.0934765793935456e-05 18
1772812543477 2.1364705418934265e-05 19
1772812556230 2.118653976939136e-05 20
1772812579125 2.0987373641671654e-05 21
1772812589540 2.3122807829931265e-05 22
1772812600108 2.4050865048608715e-05 23
1772812610034 2.099983158737226e-05 24
1772812626122 2.2680070918690794e-05 25
1772812636055 2.088118413286504e-05 26
1772812646046 2.1474664892317437e-05 27
1772812655983 2.2646816351374574e-05 28
1772812665858 2.1475268380902717e-05 29
1772812679660 2.2696240565186465e-05 30
1772812696677 2.1214223775484617e-05 21
1772812706662 2.109735285334667e-05 22
1772812716577 2.15623595137418e-05 23
1772812726384 2.1587685437824997e-05 24
1772812742183 2.249050300099451e-05 25
1772812752098 2.160226261199835e-05 26
1772812762080 2.1439135352279422e-05 27
1772812772067 2.2164658956013775e-05 28
1772812781937 2.2216450184840255e-05 29
1772812795483 2.3083354693449717e-05 30
1772812812326 2.1374892378526836e-05 31
1772812822181 2.0865412937361264e-05 32
1772812832017 2.222304426651666e-05 33
1772812841908 2.5050197541242667e-05 34
1772812857684 2.249666920109749e-05 35
1772812867593 2.160161969581068e-05 36
1772812877467 2.120079576116083e-05 37
1772812887686 2.105336902330283e-05 38
1772812897908 2.2866125705333872e-05 39
1772812911717 2.281981159679274e-05 40
1772812929343 2.3093335342948143e-05 41
1772812939417 2.2285194706867258e-05 42
1772812949556 2.262358855234124e-05 43
1772812959805 2.2853915756570183e-05 44
1772812976030 2.3126997745699745e-05 45
1772812986263 2.3439438520857278e-05 46
1772812996510 2.2608376374000838e-05 47
1772813006769 2.2628786971833776e-05 48
1772813017006 2.3043606967368106e-05 49
1772813030777 2.3595124586827004e-05 50
1772813048052 2.2316600152328914e-05 51
1772813058146 2.1287778584666643e-05 52
1772813068306 2.247118856117514e-05 53
1772813078532 2.288301509477919e-05 54
1772813094469 2.2406552681117853e-05 55
1772813104394 2.2706080979437724e-05 56
1772813114539 2.0771974499405326e-05 57
1772813124598 2.0861728224340722e-05 58
1772813134564 2.1731230812066636e-05 59
1772813148046 2.1169756963380178e-05 60
1772813158005 2.2230437296202113e-05 61
1772813167920 2.2028406919236032e-05 62
1772813177815 2.1418351715475965e-05 63
1772813187783 2.0859793769880068e-05 64
1772813201243 2.126601995505296e-05 65
1772813211170 2.195504489878734e-05 66
1772813221268 2.2460574828942216e-05 67
1772813231253 2.0831967000525096e-05 68
1772813241230 2.2057852950524506e-05 69
1772813254806 2.2001099430790477e-05 70
1772813271139 2.1110760287428093e-05 71
1772813281145 2.1355344482990393e-05 72
1772813291032 2.125854963903198e-05 73
1772813300893 2.0817175186306343e-05 74
1772813316646 2.181526707142027e-05 75
1772813326557 2.1330864505778244e-05 76
1772813336538 2.1264939570186656e-05 77
1772813346471 2.319707354656827e-05 78
1772813356371 2.16461936613842e-05 79
1772813369888 2.2238286336778005e-05 80
1772813386380 2.1373934951600474e-05 81
1772813396318 2.1030004897308504e-05 82
1772813406226 2.106031870513242e-05 83
1772813416094 2.1707723355960902e-05 84
1772813431808 2.0627575234212088e-05 85
1772813441793 2.071950719935464e-05 86
1772813451718 2.065967179340343e-05 87
1772813461757 2.108316027363391e-05 88
1772813471684 2.1360614078346704e-05 89
1772813485141 2.1530712005545088e-05 90
1772813495120 2.1603894856895885e-05 91
1772813505008 2.0800569020272474e-05 92
1772813514942 2.0545732211566956e-05 93
1772813524909 2.162361276170888e-05 94
1772813537777 2.0584628731265562e-05 95
1772813547086 1.8922263541543358e-05 96
1772813556500 1.9262312178783637e-05 97
1772813565785 1.940302429256395e-05 98
1772813575328 1.8872843768891503e-05 99
1772813588353 2.2911453242788622e-05 100
