1772812359779 -2.384185791015625e-06 1
1772812369819 3.1675611223493305e-06 2
1772812379380 -2.724783761160715e-07 3
1772812388847 -4.0531158447265625e-06 4
1772812404536 -1.1239733014787947e-06 5
1772812413995 4.359654017857143e-06 6
1772812423557 -3.4740992954799107e-06 7
1772812432954 1.2261526925223213e-06 8
1772812442434 6.301062447684152e-06 9
1772812455404 -1.6008104596819197e-06 10
1772812464887 4.257474626813616e-06 11
1772812474209 -3.780637468610491e-06 12
1772812483567 7.549921671549479e-07 13
1772812492968 -8.174351283482143e-07 14
1772812505928 -2.5885445731026787e-06 15
1772812515327 3.984996250697545e-06 16
1772812524720 3.4059797014508924e-07 17
1772812534142 -1.6689300537109375e-06 18
1772812543474 5.790165492466517e-07 19
1772812556227 -5.585806710379465e-06 20
1772812579127 -9.139378865559895e-07 21
1772812589543 3.814697265625e-06 22
1772812600110 -2.86102294921875e-06 23
1772812610036 1.2942722865513393e-06 24
1772812626124 1.3964516775948662e-06 25
1772812636057 -9.877341134207588e-07 26
1772812646048 9.5367431640625e-07 27
1772812655985 -9.5367431640625e-07 28
1772812665860 4.564012799944196e-06 29
1772812679662 -2.9632023402622764e-06 30
1772812696679 1.1920928955078123e-06 21
1772812706664 -3.7465776715959826e-07 22
1772812716579 -2.1457672119140625e-06 23
1772812726386 -4.76837158203125e-06 24
1772812742185 1.0217939104352678e-06 25
1772812752100 4.427773611886161e-07 26
1772812762082 -3.405979701450902e-08 27
1772812772069 1.7370496477399551e-06 28
1772812781939 3.2697405133928574e-06 29
1772812795485 -1.0899135044642857e-06 30
1772812812328 1.152356465657552e-06 31
1772812822183 -2.0435878208705348e-07 32
1772812832019 -2.2479466029575893e-06 33
1772812841911 3.848757062639509e-06 34
1772812857686 -5.313328334263393e-06 35
1772812867596 1.7029898507254462e-07 36
1772812877469 4.870550973074776e-06 37
1772812887688 2.5204249790736607e-06 38
1772812897910 3.6103384835379463e-06 39
1772812911718 -1.9754682268415176e-06 40
1772812929345 2.781550089518229e-06 41
1772812939419 2.4863651820591514e-06 42
1772812949558 3.814697265625e-06 43
1772812959807 -1.941408429827009e-06 44
1772812976032 2.9972621372767857e-06 45
1772812986265 -1.0217939104352678e-06 46
1772812996512 2.3501259940011158e-06 47
1772813006776 -6.471361432756697e-07 48
1772813017008 2.5204249790736607e-06 49
1772813030779 -2.5885445731026787e-06 50
1772813048054 7.947285970052085e-07 51
1772813058148 8.174351283482143e-07 52
1772813068308 -2.384185791015625e-06 53
1772813078534 -1.7711094447544641e-06 54
1772813094471 -1.9073486328125e-06 55
1772813104397 -6.811959402901785e-07 56
1772813114541 3.916876656668527e-06 57
1772813124600 -6.471361432756696e-07 58
1772813134566 2.350125994001116e-06 59
1772813148048 -3.0653817313058033e-07 60
1772813158007 -1.0899135044642857e-06 61
1772813167922 -1.7711094447544643e-06 62
1772813177817 3.4570693969726562e-06 63
1772813187785 1.0899135044642857e-06 64
1772813201245 6.811959402901785e-07 65
1772813211172 2.5544847760881695e-06 66
1772813221270 7.152557373046875e-07 67
1772813231255 2.316066196986607e-06 68
1772813241232 8.855547223772322e-07 69
1772813254808 1.3964516775948662e-06 70
1772813271141 -1.0331471761067708e-06 71
1772813281147 2.6566641671316967e-06 72
1772813291034 -2.0435878208705348e-07 73
1772813300895 -6.811959402901786e-07 74
1772813316648 1.3623918805803572e-06 75
1772813326559 -4.087175641741071e-07 76
1772813336540 1.7029898507254463e-06 77
1772813346472 5.449567522321428e-07 78
1772813356373 5.449567522321428e-07 79
1772813369890 -4.087175641741071e-07 80
1772813386382 1.430511474609375e-06 81
1772813396320 -5.449567522321428e-07 82
1772813406228 -1.0899135044642857e-06 83
1772813416096 -2.724783761160714e-07 84
1772813431810 -1.3623918805803572e-06 85
1772813441795 0.0 86
1772813451720 2.724783761160714e-07 87
1772813461759 -2.724783761160714e-07 88
1772813471686 0.0 89
1772813485143 0.0 90
1772813495122 0.0 91
1772813505010 0.0 92
1772813514944 0.0 93
1772813524911 0.0 94
1772813537779 0.0 95
1772813547088 5.449567522321428e-07 96
1772813556502 0.0 97
1772813565787 0.0 98
1772813575330 0.0 99
1772813588355 0.0 100
