1772812359782 0.20033238200024545 1
1772812369821 0.20985920236229763 2
1772812379382 0.1920988897847045 3
1772812388849 0.19041583321398192 4
1772812404538 0.18735193142284906 5
1772812413997 0.18985585135981506 6
1772812423559 0.2090568750676799 7
1772812432957 0.18642804750665423 8
1772812442436 0.18860961914054186 9
1772812455406 0.18781997906834086 10
1772812464891 0.18666736314272775 11
1772812474212 0.18733356564189307 12
1772812483570 0.18493852083580956 13
1772812492971 0.18461738392943516 14
1772812505930 0.18935500907329178 15
1772812515330 0.18558466956892516 16
1772812524722 0.18400060707062948 17
1772812534144 0.18750190785794985 18
1772812543476 0.18343394628235338 19
1772812556229 0.1822076340010556 20
1772812579125 0.1785446319966771 21
1772812589541 0.1850487144235688 22
1772812600109 0.18788425299862865 23
1772812610035 0.18514875571418088 24
1772812626122 0.18148575292434543 25
1772812636056 0.1806975983553067 26
1772812646047 0.20145891678943634 27
1772812655984 0.18315594056912232 28
1772812665859 0.18081464871855651 29
1772812679661 0.18060208343168987 30
1772812696678 0.18037709375251626 21
1772812706663 0.1815025355733399 22
1772812716578 0.183195675423901 23
1772812726385 0.18222105949826073 24
1772812742184 0.185580681641503 25
1772812752099 0.1852871665697811 26
1772812762081 0.2070752202874116 27
1772812772067 0.18446541671957156 28
1772812781938 0.18329838372093427 29
1772812795484 0.18290268157267875 30
1772812812327 0.18186278467085987 31
1772812822181 0.18201547035589882 32
1772812832018 0.1838610387868747 33
1772812841909 0.17744044335060088 34
1772812857685 0.18128438993049453 35
1772812867594 0.1819071429282693 36
1772812877468 0.1929638839272749 37
1772812887687 0.17975364878241507 38
1772812897908 0.18556387792965065 39
1772812911717 0.18234120835300668 40
1772812929344 0.18430239241812765 41
1772812939418 0.18628894935994011 42
1772812949557 0.18166609507170506 43
1772812959806 0.18566102978365961 44
1772812976030 0.18578131542432985 45
1772812986264 0.18574181835616138 46
1772812996511 0.2067907588622932 47
1772813006772 0.18761409207529922 48
1772813017006 0.18755604736257478 49
1772813030778 0.18881456856823725 50
1772813048053 0.18291277082850382 51
1772813058147 0.1809541816411573 52
1772813068307 0.18502642864353092 53
1772813078533 0.18522328557238715 54
1772813094470 0.18218571114162582 55
1772813104395 0.1854839999952154 56
1772813114539 0.21186393464034026 57
1772813124599 0.1875304759949878 58
1772813134565 0.18913226206703776 59
1772813148047 0.18690989892638754 60
1772813158006 0.18028075878516706 61
1772813167921 0.18506634514155199 62
1772813177815 0.18571413541212678 63
1772813187784 0.18418108942777117 64
1772813201244 0.18622634820972703 65
1772813211170 0.1808291606388853 66
1772813221268 0.1888392767764994 67
1772813231254 0.18541569055897916 68
1772813241231 0.1844122051427673 69
1772813254807 0.18677955057605036 70
1772813271140 0.1751510276759897 71
1772813281146 0.1825992678558188 72
1772813291033 0.18178877671640034 73
1772813300894 0.18080728564694126 74
1772813316647 0.18276593449783313 75
1772813326558 0.1838197649319357 76
1772813336539 0.20026058343189235 77
1772813346471 0.18651803571473075 78
1772813356372 0.18432931249844842 79
1772813369888 0.18634888392989524 80
1772813386381 0.17945100016853152 81
1772813396319 0.17988633035357843 82
1772813406227 0.181623282709292 83
1772813416095 0.1799575264948154 84
1772813431809 0.1790289166425022 85
1772813441794 0.18074018464332248 86
1772813451719 0.19157447607306366 87
1772813461758 0.18247002392308787 88
1772813471685 0.1811051695694914 89
1772813485142 0.17962936307178878 90
1772813495120 0.18472190464464283 91
1772813505009 0.18048041378746607 92
1772813514943 0.18055592015783378 93
1772813524910 0.18291751799655945 94
1772813537778 0.18196102378715295 95
1772813547087 0.1718922113588113 96
1772813556501 0.17234939571270452 97
1772813565786 0.17470164885578143 98
1772813575328 0.1718764255014581 99
1772813588354 0.1832746757177769 100
