1772812359783 -1.4781951904296875e-05 1
1772812369825 -1.0013580322265625e-05 2
1772812379383 -2.6226043701171875e-05 3
1772812388850 -3.62396240234375e-05 4
1772812404539 -2.09808349609375e-05 5
1772812413998 -1.5735626220703125e-05 6
1772812423560 -2.574920654296875e-05 7
1772812432958 -1.9073486328125e-05 8
1772812442437 -2.384185791015625e-06 9
1772812455408 -2.002716064453125e-05 10
1772812464892 -3.337860107421875e-06 11
1772812474212 -2.6226043701171875e-05 12
1772812483571 -4.1484832763671875e-05 13
1772812492971 -1.33514404296875e-05 14
1772812505931 -2.574920654296875e-05 15
1772812515330 -1.1920928955078125e-05 16
1772812524723 -1.811981201171875e-05 17
1772812534145 -1.9073486328125e-05 18
1772812543477 -2.956390380859375e-05 19
1772812556230 -2.9087066650390625e-05 20
1772812579127 -1.239776611328125e-05 21
1772812589543 -1.049041748046875e-05 22
1772812600110 -1.52587890625e-05 23
1772812610036 -1.1920928955078125e-05 24
1772812626124 -1.52587890625e-05 25
1772812636057 -1.4781951904296875e-05 26
1772812646049 -1.239776611328125e-05 27
1772812655985 -2.7179718017578125e-05 28
1772812665860 -2.0503997802734375e-05 29
1772812679663 -2.288818359375e-05 30
1772812696680 -1.1920928955078125e-05 21
1772812706665 -1.33514404296875e-05 22
1772812716579 -2.09808349609375e-05 23
1772812726386 -1.621246337890625e-05 24
1772812742186 -1.3828277587890625e-05 25
1772812752101 -1.7642974853515625e-05 26
1772812762083 -1.2874603271484375e-05 27
1772812772069 -1.430511474609375e-05 28
1772812781940 -1.0013580322265625e-05 29
1772812795485 -1.5735626220703125e-05 30
1772812812328 -1.4781951904296875e-05 31
1772812822183 -1.811981201171875e-05 32
1772812832019 -3.0517578125e-05 33
1772812841911 -1.239776611328125e-05 34
1772812857686 -2.2411346435546875e-05 35
1772812867596 -1.71661376953125e-05 36
1772812877470 -1.049041748046875e-05 37
1772812887689 -1.1444091796875e-05 38
1772812897910 -1.049041748046875e-05 39
1772812911719 -2.765655517578125e-05 40
1772812929345 -6.67572021484375e-06 41
1772812939420 -1.239776611328125e-05 42
1772812949558 -6.198883056640625e-06 43
1772812959808 -1.52587890625e-05 44
1772812976032 -7.62939453125e-06 45
1772812986266 -1.8596649169921875e-05 46
1772812996513 -1.33514404296875e-05 47
1772813006776 -1.811981201171875e-05 48
1772813017008 -1.52587890625e-05 49
1772813030779 -1.9073486328125e-05 50
1772813048054 -1.4781951904296875e-05 51
1772813058148 -8.58306884765625e-06 52
1772813068308 -1.6689300537109375e-05 53
1772813078534 -1.1444091796875e-05 54
1772813094472 -2.09808349609375e-05 55
1772813104397 -1.239776611328125e-05 56
1772813114541 -1.1444091796875e-05 57
1772813124600 -1.0013580322265625e-05 58
1772813134566 -7.62939453125e-06 59
1772813148048 -1.811981201171875e-05 60
1772813158008 -1.1444091796875e-05 61
1772813167923 -1.52587890625e-05 62
1772813177817 -4.76837158203125e-06 63
1772813187786 -7.62939453125e-06 64
1772813201245 -9.5367431640625e-06 65
1772813211172 -9.5367431640625e-06 66
1772813221270 -9.5367431640625e-06 67
1772813231256 -6.67572021484375e-06 68
1772813241232 -8.58306884765625e-06 69
1772813254809 -4.76837158203125e-06 70
1772813271141 -1.1444091796875e-05 71
1772813281147 -5.7220458984375e-06 72
1772813291034 -1.1444091796875e-05 73
1772813300896 -8.58306884765625e-06 74
1772813316648 -7.62939453125e-06 75
1772813326559 -7.62939453125e-06 76
1772813336540 -1.9073486328125e-06 77
1772813346473 0.0 78
1772813356373 0.0 79
1772813369890 -3.814697265625e-06 80
1772813386382 -9.5367431640625e-06 81
1772813396320 -7.62939453125e-06 82
1772813406228 -1.52587890625e-05 83
1772813416096 -7.62939453125e-06 84
1772813431811 -1.9073486328125e-05 85
1772813441795 0.0 86
1772813451720 0.0 87
1772813461759 -3.814697265625e-06 88
1772813471686 0.0 89
1772813485143 0.0 90
1772813495122 0.0 91
1772813505010 0.0 92
1772813514944 0.0 93
1772813524911 0.0 94
1772813537779 0.0 95
1772813547088 0.0 96
1772813556503 0.0 97
1772813565787 0.0 98
1772813575330 0.0 99
1772813588355 0.0 100
