1772812359778 1.6689300537109375e-05 1
1772812369818 1.3828277587890625e-05 2
1772812379379 2.86102294921875e-05 3
1772812388846 7.62939453125e-06 4
1772812404535 2.4318695068359375e-05 5
1772812413994 3.7670135498046875e-05 6
1772812423556 1.239776611328125e-05 7
1772812432953 3.1948089599609375e-05 8
1772812442433 3.814697265625e-05 9
1772812455403 1.71661376953125e-05 10
1772812464885 1.5735626220703125e-05 11
1772812474208 1.621246337890625e-05 12
1772812483567 2.193450927734375e-05 13
1772812492966 2.288818359375e-05 14
1772812505928 1.621246337890625e-05 15
1772812515326 1.71661376953125e-05 16
1772812524719 1.1444091796875e-05 17
1772812534141 2.86102294921875e-05 18
1772812543473 1.239776611328125e-05 19
1772812556226 1.7642974853515625e-05 20
1772812579126 9.5367431640625e-06 21
1772812589542 3.4332275390625e-05 22
1772812600110 1.1444091796875e-05 23
1772812610036 6.67572021484375e-06 24
1772812626123 1.9073486328125e-05 25
1772812636057 1.5735626220703125e-05 26
1772812646048 1.52587890625e-05 27
1772812655985 1.71661376953125e-05 28
1772812665860 2.956390380859375e-05 29
1772812679662 1.9073486328125e-05 30
1772812696679 2.0503997802734375e-05 21
1772812706664 1.52587890625e-05 22
1772812716578 1.239776611328125e-05 23
1772812726386 8.106231689453125e-06 24
1772812742185 1.239776611328125e-05 25
1772812752100 1.9550323486328125e-05 26
1772812762082 1.1920928955078125e-05 27
1772812772068 1.0967254638671875e-05 28
1772812781939 1.9550323486328125e-05 29
1772812795485 1.0013580322265625e-05 30
1772812812328 1.1920928955078125e-05 31
1772812822182 1.8596649169921875e-05 32
1772812832019 1.6689300537109375e-05 33
1772812841910 2.6702880859375e-05 34
1772812857686 7.152557373046875e-06 35
1772812867595 2.002716064453125e-05 36
1772812877469 3.814697265625e-05 37
1772812887688 2.09808349609375e-05 38
1772812897909 1.430511474609375e-05 39
1772812911718 7.62939453125e-06 40
1772812929345 2.6226043701171875e-05 41
1772812939419 2.3365020751953125e-05 42
1772812949558 2.956390380859375e-05 43
1772812959807 7.62939453125e-06 44
1772812976031 1.71661376953125e-05 45
1772812986265 1.71661376953125e-05 46
1772812996512 1.9073486328125e-05 47
1772813006776 1.049041748046875e-05 48
1772813017008 2.765655517578125e-05 49
1772813030779 1.811981201171875e-05 50
1772813048054 1.621246337890625e-05 51
1772813058148 9.5367431640625e-06 52
1772813068308 8.58306884765625e-06 53
1772813078534 6.67572021484375e-06 54
1772813094471 9.5367431640625e-06 55
1772813104397 1.049041748046875e-05 56
1772813114540 2.09808349609375e-05 57
1772813124600 9.5367431640625e-06 58
1772813134566 1.52587890625e-05 59
1772813148048 1.430511474609375e-05 60
1772813158007 6.67572021484375e-06 61
1772813167922 1.049041748046875e-05 62
1772813177816 1.52587890625e-05 63
1772813187785 2.002716064453125e-05 64
1772813201245 9.5367431640625e-06 65
1772813211172 1.9073486328125e-05 66
1772813221269 1.33514404296875e-05 67
1772813231255 1.33514404296875e-05 68
1772813241232 1.5735626220703125e-05 69
1772813254808 1.33514404296875e-05 70
1772813271141 1.811981201171875e-05 71
1772813281147 3.24249267578125e-05 72
1772813291034 1.1444091796875e-05 73
1772813300895 9.5367431640625e-06 74
1772813316648 7.62939453125e-06 75
1772813326559 7.62939453125e-06 76
1772813336540 7.62939453125e-06 77
1772813346472 7.62939453125e-06 78
1772813356372 3.814697265625e-06 79
1772813369889 0.0 80
1772813386382 1.9073486328125e-05 81
1772813396320 0.0 82
1772813406228 0.0 83
1772813416096 3.814697265625e-06 84
1772813431810 0.0 85
1772813441795 0.0 86
1772813451720 3.814697265625e-06 87
1772813461758 0.0 88
1772813471686 0.0 89
1772813485143 0.0 90
1772813495121 0.0 91
1772813505010 0.0 92
1772813514944 0.0 93
1772813524911 0.0 94
1772813537779 0.0 95
1772813547087 7.62939453125e-06 96
1772813556502 0.0 97
1772813565786 0.0 98
1772813575329 0.0 99
1772813588355 0.0 100
