1772812359779 289.0 1
1772812369819 289.0 2
1772812379380 289.0 3
1772812388847 289.0 4
1772812404535 289.0 5
1772812413995 289.0 6
1772812423557 289.0 7
1772812432954 289.0 8
1772812442433 289.0 9
1772812455404 289.0 10
1772812464886 289.0 11
1772812474209 289.0 12
1772812483567 289.0 13
1772812492966 289.0 14
1772812505928 289.0 15
1772812515327 289.0 16
1772812524719 289.0 17
1772812534141 289.0 18
1772812543474 289.0 19
1772812556227 289.0 20
1772812579126 289.0 21
1772812589542 289.0 22
1772812600109 289.0 23
1772812610035 289.0 24
1772812626123 289.0 25
1772812636056 289.0 26
1772812646048 289.0 27
1772812655985 289.0 28
1772812665860 289.0 29
1772812679662 289.0 30
1772812696679 289.0 21
1772812706664 289.0 22
1772812716578 289.0 23
1772812726385 289.0 24
1772812742185 289.0 25
1772812752100 289.0 26
1772812762082 289.0 27
1772812772068 289.0 28
1772812781939 289.0 29
1772812795484 289.0 30
1772812812327 289.0 31
1772812822182 289.0 32
1772812832019 289.0 33
1772812841910 289.0 34
1772812857686 289.0 35
1772812867595 289.0 36
1772812877469 289.0 37
1772812887688 289.0 38
1772812897909 289.0 39
1772812911718 289.0 40
1772812929344 289.0 41
1772812939419 289.0 42
1772812949558 289.0 43
1772812959807 289.0 44
1772812976031 289.0 45
1772812986265 289.0 46
1772812996512 289.0 47
1772813006775 289.0 48
1772813017007 289.0 49
1772813030779 289.0 50
1772813048054 289.0 51
1772813058147 289.0 52
1772813068308 289.0 53
1772813078534 289.0 54
1772813094471 289.0 55
1772813104396 289.0 56
1772813114540 289.0 57
1772813124600 289.0 58
1772813134566 289.0 59
1772813148048 289.0 60
1772813158007 289.0 61
1772813167922 289.0 62
1772813177816 289.0 63
1772813187785 289.0 64
1772813201245 289.0 65
1772813211171 289.0 66
1772813221269 289.0 67
1772813231255 289.0 68
1772813241231 289.0 69
1772813254808 289.0 70
1772813271141 289.0 71
1772813281146 289.0 72
1772813291033 289.0 73
1772813300895 289.0 74
1772813316648 289.0 75
1772813326558 289.0 76
1772813336540 289.0 77
1772813346472 289.0 78
1772813356372 289.0 79
1772813369889 289.0 80
1772813386381 289.0 81
1772813396319 289.0 82
1772813406227 289.0 83
1772813416095 289.0 84
1772813431810 289.0 85
1772813441795 289.0 86
1772813451719 289.0 87
1772813461758 289.0 88
1772813471685 289.0 89
1772813485142 289.0 90
1772813495121 289.0 91
1772813505009 289.0 92
1772813514943 289.0 93
1772813524910 289.0 94
1772813537778 289.0 95
1772813547087 289.0 96
1772813556502 289.0 97
1772813565786 289.0 98
1772813575329 289.0 99
1772813588354 289.0 100
