1772812359781 12.0 1
1772812369821 14.0 2
1772812379382 14.0 3
1772812388849 14.0 4
1772812404537 14.0 5
1772812413996 14.0 6
1772812423559 14.0 7
1772812432956 14.0 8
1772812442436 14.0 9
1772812455405 14.0 10
1772812464890 14.0 11
1772812474211 14.0 12
1772812483569 12.0 13
1772812492970 14.0 14
1772812505930 14.0 15
1772812515329 14.0 16
1772812524721 14.0 17
1772812534143 14.0 18
1772812543475 14.0 19
1772812556228 14.0 20
1772812579128 12.0 21
1772812589544 14.0 22
1772812600111 14.0 23
1772812610037 14.0 24
1772812626125 14.0 25
1772812636058 14.0 26
1772812646050 14.0 27
1772812655986 14.0 28
1772812665861 14.0 29
1772812679664 14.0 30
1772812696681 12.0 21
1772812706665 14.0 22
1772812716580 14.0 23
1772812726387 14.0 24
1772812742186 14.0 25
1772812752101 14.0 26
1772812762083 14.0 27
1772812772070 14.0 28
1772812781941 14.0 29
1772812795486 14.0 30
1772812812329 12.0 31
1772812822184 14.0 32
1772812832020 14.0 33
1772812841912 14.0 34
1772812857687 14.0 35
1772812867597 14.0 36
1772812877471 14.0 37
1772812887690 14.0 38
1772812897911 14.0 39
1772812911719 14.0 40
1772812929346 12.0 41
1772812939420 14.0 42
1772812949559 14.0 43
1772812959808 14.0 44
1772812976033 14.0 45
1772812986267 14.0 46
1772812996514 14.0 47
1772813006777 14.0 48
1772813017009 14.0 49
1772813030780 14.0 50
1772813048055 12.0 51
1772813058149 14.0 52
1772813068309 14.0 53
1772813078535 14.0 54
1772813094472 14.0 55
1772813104398 14.0 56
1772813114542 14.0 57
1772813124601 14.0 58
1772813134567 14.0 59
1772813148049 14.0 60
1772813158008 14.0 61
1772813167923 14.0 62
1772813177818 12.0 63
1772813187787 14.0 64
1772813201246 14.0 65
1772813211173 14.0 66
1772813221271 14.0 67
1772813231256 14.0 68
1772813241233 14.0 69
1772813254809 14.0 70
1772813271142 12.0 71
1772813281148 14.0 72
1772813291035 14.0 73
1772813300896 14.0 74
1772813316649 14.0 75
1772813326560 14.0 76
1772813336541 14.0 77
1772813346473 14.0 78
1772813356374 14.0 79
1772813369891 14.0 80
1772813386383 12.0 81
1772813396321 14.0 82
1772813406229 14.0 83
1772813416097 14.0 84
1772813431812 14.0 85
1772813441796 14.0 86
1772813451721 14.0 87
1772813461760 14.0 88
1772813471687 14.0 89
1772813485144 14.0 90
1772813495123 14.0 91
1772813505011 14.0 92
1772813514945 12.0 93
1772813524912 14.0 94
1772813537780 14.0 95
1772813547089 14.0 96
1772813556503 14.0 97
1772813565788 14.0 98
1772813575331 14.0 99
1772813588356 14.0 100
