1772812359781 4000.0 1
1772812369820 4000.0 2
1772812379381 4000.0 3
1772812388848 4000.0 4
1772812404537 4000.0 5
1772812413996 4000.0 6
1772812423558 4000.0 7
1772812432956 4000.0 8
1772812442435 4000.0 9
1772812455405 4000.0 10
1772812464889 4000.0 11
1772812474211 4000.0 12
1772812483569 4000.0 13
1772812492969 4000.0 14
1772812505929 4000.0 15
1772812515328 4000.0 16
1772812524721 4000.0 17
1772812534143 4000.0 18
1772812543475 4000.0 19
1772812556228 4000.0 20
1772812579127 4000.0 21
1772812589543 4000.0 22
1772812600111 4000.0 23
1772812610036 4000.0 24
1772812626124 4000.0 25
1772812636057 4000.0 26
1772812646049 4000.0 27
1772812655986 4000.0 28
1772812665861 4000.0 29
1772812679663 4000.0 30
1772812696680 4000.0 21
1772812706665 4000.0 22
1772812716579 4000.0 23
1772812726387 4000.0 24
1772812742186 4000.0 25
1772812752101 4000.0 26
1772812762083 4000.0 27
1772812772069 4000.0 28
1772812781940 4000.0 29
1772812795485 4000.0 30
1772812812328 4000.0 31
1772812822183 4000.0 32
1772812832020 4000.0 33
1772812841911 4000.0 34
1772812857687 4000.0 35
1772812867596 4000.0 36
1772812877470 4000.0 37
1772812887689 4000.0 38
1772812897910 4000.0 39
1772812911719 4000.0 40
1772812929345 4000.0 41
1772812939420 4000.0 42
1772812949559 4000.0 43
1772812959808 4000.0 44
1772812976032 4000.0 45
1772812986266 4000.0 46
1772812996513 4000.0 47
1772813006777 4000.0 48
1772813017009 4000.0 49
1772813030780 4000.0 50
1772813048055 4000.0 51
1772813058148 4000.0 52
1772813068309 4000.0 53
1772813078535 4000.0 54
1772813094472 4000.0 55
1772813104398 4000.0 56
1772813114541 4000.0 57
1772813124601 4000.0 58
1772813134567 4000.0 59
1772813148049 4000.0 60
1772813158008 4000.0 61
1772813167923 4000.0 62
1772813177817 4000.0 63
1772813187786 4000.0 64
1772813201246 4000.0 65
1772813211173 4000.0 66
1772813221270 4000.0 67
1772813231256 4000.0 68
1772813241232 4000.0 69
1772813254809 4000.0 70
1772813271142 4000.0 71
1772813281147 4000.0 72
1772813291034 4000.0 73
1772813300896 4000.0 74
1772813316649 4000.0 75
1772813326559 4000.0 76
1772813336541 4000.0 77
1772813346473 4000.0 78
1772813356373 4000.0 79
1772813369890 4000.0 80
1772813386382 4000.0 81
1772813396320 4000.0 82
1772813406229 4000.0 83
1772813416096 4000.0 84
1772813431811 4000.0 85
1772813441796 4000.0 86
1772813451720 4000.0 87
1772813461759 4000.0 88
1772813471686 4000.0 89
1772813485144 4000.0 90
1772813495122 4000.0 91
1772813505010 4000.0 92
1772813514944 4000.0 93
1772813524911 4000.0 94
1772813537779 4000.0 95
1772813547088 4000.0 96
1772813556503 4000.0 97
1772813565787 4000.0 98
1772813575330 4000.0 99
1772813588355 4000.0 100
