1772812359781 12.0 1
1772812369820 26.0 2
1772812379381 40.0 3
1772812388848 54.0 4
1772812404536 68.0 5
1772812413996 82.0 6
1772812423558 96.0 7
1772812432956 110.0 8
1772812442434 124.0 9
1772812455405 138.0 10
1772812464889 152.0 11
1772812474210 166.0 12
1772812483568 178.0 13
1772812492969 192.0 14
1772812505929 206.0 15
1772812515328 220.0 16
1772812524721 234.0 17
1772812534142 248.0 18
1772812543475 262.0 19
1772812556228 276.0 20
1772812579128 288.0 21
1772812589544 302.0 22
1772812600112 316.0 23
1772812610037 330.0 24
1772812626125 344.0 25
1772812636058 358.0 26
1772812646050 372.0 27
1772812655987 386.0 28
1772812665862 400.0 29
1772812679664 414.0 30
1772812696681 288.0 21
1772812706666 302.0 22
1772812716580 316.0 23
1772812726388 330.0 24
1772812742187 344.0 25
1772812752102 358.0 26
1772812762084 372.0 27
1772812772070 386.0 28
1772812781941 400.0 29
1772812795486 414.0 30
1772812812329 426.0 31
1772812822184 440.0 32
1772812832020 454.0 33
1772812841912 468.0 34
1772812857688 482.0 35
1772812867597 496.0 36
1772812877471 510.0 37
1772812887690 524.0 38
1772812897911 538.0 39
1772812911720 552.0 40
1772812929346 564.0 41
1772812939421 578.0 42
1772812949559 592.0 43
1772812959809 606.0 44
1772812976033 620.0 45
1772812986267 634.0 46
1772812996514 648.0 47
1772813006777 662.0 48
1772813017010 676.0 49
1772813030780 690.0 50
1772813048055 702.0 51
1772813058149 716.0 52
1772813068309 730.0 53
1772813078535 744.0 54
1772813094473 758.0 55
1772813104398 772.0 56
1772813114542 786.0 57
1772813124602 800.0 58
1772813134568 814.0 59
1772813148050 828.0 60
1772813158009 842.0 61
1772813167924 856.0 62
1772813177818 868.0 63
1772813187787 882.0 64
1772813201246 896.0 65
1772813211174 910.0 66
1772813221271 924.0 67
1772813231257 938.0 68
1772813241233 952.0 69
1772813254810 966.0 70
1772813271142 980.0 71
1772813281148 994.0 72
1772813291035 1008.0 73
1772813300897 1022.0 74
1772813316649 1036.0 75
1772813326560 1050.0 76
1772813336541 1064.0 77
1772813346474 1078.0 78
1772813356374 1092.0 79
1772813369891 1106.0 80
1772813386383 1118.0 81
1772813396321 1132.0 82
1772813406229 1146.0 83
1772813416097 1160.0 84
1772813431812 1174.0 85
1772813441796 1188.0 86
1772813451721 1202.0 87
1772813461760 1216.0 88
1772813471687 1230.0 89
1772813485145 1244.0 90
1772813495123 1258.0 91
1772813505011 1272.0 92
1772813514945 1284.0 93
1772813524912 1298.0 94
1772813537780 1312.0 95
1772813547089 1326.0 96
1772813556504 1340.0 97
1772813565788 1354.0 98
1772813575331 1368.0 99
1772813588356 1382.0 100
