1772812359780 4000.0 1
1772812369820 8000.0 2
1772812379381 12000.0 3
1772812388848 16000.0 4
1772812404536 20000.0 5
1772812413996 24000.0 6
1772812423558 28000.0 7
1772812432955 32000.0 8
1772812442434 36000.0 9
1772812455405 40000.0 10
1772812464889 44000.0 11
1772812474210 48000.0 12
1772812483568 52000.0 13
1772812492969 56000.0 14
1772812505929 60000.0 15
1772812515328 64000.0 16
1772812524720 68000.0 17
1772812534142 72000.0 18
1772812543475 76000.0 19
1772812556228 80000.0 20
1772812579127 84000.0 21
1772812589543 88000.0 22
1772812600111 92000.0 23
1772812610037 96000.0 24
1772812626124 100000.0 25
1772812636058 104000.0 26
1772812646049 108000.0 27
1772812655986 112000.0 28
1772812665861 116000.0 29
1772812679663 120000.0 30
1772812696680 84000.0 21
1772812706665 88000.0 22
1772812716580 92000.0 23
1772812726387 96000.0 24
1772812742186 100000.0 25
1772812752101 104000.0 26
1772812762083 108000.0 27
1772812772070 112000.0 28
1772812781940 116000.0 29
1772812795486 120000.0 30
1772812812329 124000.0 31
1772812822183 128000.0 32
1772812832020 132000.0 33
1772812841911 136000.0 34
1772812857687 140000.0 35
1772812867596 144000.0 36
1772812877470 148000.0 37
1772812887689 152000.0 38
1772812897910 156000.0 39
1772812911719 160000.0 40
1772812929346 164000.0 41
1772812939420 168000.0 42
1772812949559 172000.0 43
1772812959808 176000.0 44
1772812976032 180000.0 45
1772812986266 184000.0 46
1772812996513 188000.0 47
1772813006777 192000.0 48
1772813017009 196000.0 49
1772813030780 200000.0 50
1772813048055 204000.0 51
1772813058149 208000.0 52
1772813068309 212000.0 53
1772813078535 216000.0 54
1772813094472 220000.0 55
1772813104398 224000.0 56
1772813114541 228000.0 57
1772813124601 232000.0 58
1772813134567 236000.0 59
1772813148049 240000.0 60
1772813158008 244000.0 61
1772813167923 248000.0 62
1772813177817 252000.0 63
1772813187786 256000.0 64
1772813201246 260000.0 65
1772813211173 264000.0 66
1772813221270 268000.0 67
1772813231256 272000.0 68
1772813241233 276000.0 69
1772813254809 280000.0 70
1772813271142 284000.0 71
1772813281148 288000.0 72
1772813291034 292000.0 73
1772813300896 296000.0 74
1772813316649 300000.0 75
1772813326560 304000.0 76
1772813336541 308000.0 77
1772813346473 312000.0 78
1772813356373 316000.0 79
1772813369890 320000.0 80
1772813386383 324000.0 81
1772813396321 328000.0 82
1772813406229 332000.0 83
1772813416097 336000.0 84
1772813431811 340000.0 85
1772813441796 344000.0 86
1772813451721 348000.0 87
1772813461759 352000.0 88
1772813471687 356000.0 89
1772813485144 360000.0 90
1772813495122 364000.0 91
1772813505011 368000.0 92
1772813514945 372000.0 93
1772813524912 376000.0 94
1772813537780 380000.0 95
1772813547088 384000.0 96
1772813556503 388000.0 97
1772813565787 392000.0 98
1772813575330 396000.0 99
1772813588355 400000.0 100
