1772812359784 0.00012995272051690026 1
1772812369825 0.00015238829869551726 2
1772812379384 0.00013627264898899885 3
1772812388851 0.00012366477768318505 4
1772812404539 0.00012174956152111085 5
1772812413998 0.0001187621519823501 6
1772812423561 0.00011820323407825692 7
1772812432959 0.00011758501927507646 8
1772812442438 0.00011949285287561235 9
1772812455410 0.00011835306435659405 10
1772812464893 0.00011721514211718602 11
1772812474213 0.00011878547298747375 12
1772812483571 0.0001178183966494968 13
1772812492972 0.00011988657941138122 14
1772812505932 0.00012025553916764539 15
1772812515331 0.00012017391001310182 16
1772812524724 0.00011723554605087231 17
1772812534145 0.00011985183253110292 18
1772812543478 0.0001187444876863787 19
1772812556230 0.00011839358922428834 20
1772812579128 0.00011803469014860167 21
1772812589544 0.00012415765307367113 22
1772812600112 0.00012467211999240725 23
1772812610038 0.00011827018800721286 24
1772812626125 0.00012073695068430735 25
1772812636058 0.00011743307656118824 26
1772812646050 0.00011796774712552111 27
1772812655987 0.00012008508279480262 28
1772812665862 0.00011843526618921172 29
1772812679664 0.00011874927491942747 30
1772812696681 0.0001189975194298075 21
1772812706666 0.00012038232632286767 22
1772812716580 0.00012071737861746925 23
1772812726388 0.0001202713236334094 24
1772812742187 0.00012475761836760026 25
1772812752102 0.0001196785080178038 26
1772812762084 0.00011966171124208922 27
1772812772070 0.00012101565521372914 28
1772812781941 0.00012166828168600433 29
1772812795486 0.00012285690546022063 30
1772812812329 0.0001210249090031912 31
1772812822184 0.00012204515282106348 32
1772812832021 0.00012236012950382996 33
1772812841913 0.0001329787807742537 34
1772812857688 0.00012287684303513482 35
1772812867597 0.00012011163501310176 36
1772812877471 0.00011952914657679359 37
1772812887690 0.00012016239112150131 38
1772812897911 0.0001225110723511141 39
1772812911720 0.00012226247138487036 40
1772812929347 0.00012174986301859793 41
1772812939421 0.0001223144773605762 42
1772812949560 0.00012134003789818032 43
1772812959809 0.00012380203780640805 44
1772812976033 0.00012444620532941927 45
1772812986267 0.00012372411098334762 46
1772812996514 0.00012294176775073186 47
1772813006778 0.00012270058823495809 48
1772813017010 0.00012261839894942226 49
1772813030781 0.00012393631090044656 50
1772813048056 0.00012147070571190848 51
1772813058150 0.00011936929709200242 52
1772813068310 0.00012187833939053284 53
1772813078536 0.00012333655583928973 54
1772813094473 0.0001197564058808983 55
1772813104399 0.00012012330413211766 56
1772813114542 0.00011804333675425566 57
1772813124602 0.00011967581775996317 58
1772813134568 0.00011917844886483421 59
1772813148050 0.00011972308512489309 60
1772813158009 0.0001207728861576032 61
1772813167924 0.00011794597686640685 62
1772813177818 0.00011873117526339403 63
1772813187787 0.0001199299060987426 64
1772813201247 0.00011968349407614901 65
1772813211174 0.00012052224786939533 66
1772813221271 0.00012140954070808772 67
1772813231257 0.00011914972039301047 68
1772813241233 0.00011900917455405781 69
1772813254810 0.00012019785214310426 70
1772813271143 0.00011905143461420387 71
1772813281148 0.00012006570672172496 72
1772813291035 0.0001188267806100912 73
1772813300897 0.00011897443582193317 74
1772813316650 0.00011971428037046973 75
1772813326560 0.00012293113584318762 76
1772813336542 0.00012194262254219612 77
1772813346474 0.0001239342504015274 78
1772813356374 0.00012190550935556 79
1772813369891 0.00012141389159573619 80
1772813386384 0.00011920811067487266 81
1772813396321 0.00011822653412058908 82
1772813406230 0.0001201605295184632 83
1772813416097 0.00011896840750946678 84
1772813431812 0.00011789168137451116 85
1772813441797 0.00011919840365661874 86
1772813451721 0.00011759660459544194 87
1772813461760 0.00012013820187077657 88
1772813471687 0.00011814439184629132 89
1772813485145 0.00011889905520780594 90
1772813495123 0.00012041082744615724 91
1772813505011 0.00011932805335127653 92
1772813514946 0.00011978723434462693 93
1772813524912 0.00012007145785872405 94
1772813537780 0.00011881642442347955 95
1772813547089 0.00011511733136859698 96
1772813556504 0.00011499335517516773 97
1772813565788 0.00011597554597032444 98
1772813575331 0.00011351885631294525 99
1772813588356 0.00012380220977614134 100
