1772812359783 1.4211006250116043 1
1772812369824 1.5200309795036446 2
1772812379383 1.3519789169949945 3
1772812388850 1.3395521874917904 4
1772812404538 1.3356031040020753 5
1772812413997 1.347102021012688 6
1772812423560 1.4849930835189298 7
1772812432957 1.3277762290090322 8
1772812442437 1.3465029370127013 9
1772812455406 1.337396583505324 10
1772812464891 1.3298868124984438 11
1772812474212 1.3347997915116139 12
1772812483570 1.3092612495092908 13
1772812492971 1.3168730624893215 14
1772812505931 1.3506537920038681 15
1772812515330 1.322311145500862 16
1772812524722 1.3089399375021458 17
1772812534144 1.3370044370094547 18
1772812543477 1.306520874495618 19
1772812556229 1.2983697294985177 20
1772812579129 1.2734887920087203 21
1772812589545 1.3257549584959634 22
1772812600112 1.3471526255016215 23
1772812610038 1.3077896455070004 24
1772812626126 1.2955349999974715 25
1772812636059 1.2871161460061558 26
1772812646050 1.4330260835122317 27
1772812655987 1.3054867505125003 28
1772812665862 1.2865532710129628 29
1772812679664 1.2870293335145107 30
1772812696681 1.2864222499920288 21
1772812706666 1.2929264789854642 22
1772812716581 1.3086123124958249 23
1772812726388 1.2977289999835193 24
1772812742187 1.3266513750131708 25
1772812752102 1.3164771665178705 26
1772812762084 1.4726492500049062 27
1772812772071 1.3157936669886112 28
1772812781941 1.3060772500029998 29
1772812795487 1.303200916503556 30
1772812812330 1.2961292289983248 31
1772812822184 1.2965718125051353 32
1772812832021 1.3120854580047308 33
1772812841913 1.2718630414892687 34
1772812857688 1.2855198129982455 35
1772812867597 1.2928711254935479 36
1772812877471 1.3731712709995918 37
1772812887691 1.2814344790094765 38
1772812897912 1.324011666511069 39
1772812911720 1.2988181460095802 40
1772812929347 1.3131872085068608 41
1772812939421 1.3271509164915187 42
1772812949560 1.2922958954877686 43
1772812959809 1.3251972705038497 44
1772812976033 1.3239419580058893 45
1772812986267 1.322097667012713 46
1772812996514 1.4701097915094579 47
1772813006778 1.3372964584996225 48
1772813017010 1.3359277499985183 49
1772813030781 1.343808229008573 50
1772813048056 1.3044172920053825 51
1772813058150 1.2854495624924311 52
1772813068310 1.3218438755138777 53
1772813078536 1.3223686665005516 54
1772813094473 1.2964917920180596 55
1772813104399 1.320665437495336 56
1772813114542 1.503051499996218 57
1772813124602 1.3362077704950934 58
1772813134568 1.3491340204927837 59
1772813148050 1.3319778959994437 60
1772813158009 1.2856588544964325 61
1772813167924 1.3180542504996993 62
1772813177818 1.314461437490536 63
1772813187787 1.3145899789960822 64
1772813201247 1.3274923540011514 65
1772813211174 1.2914212080067955 66
1772813221272 1.3455657290032832 67
1772813231257 1.3181567499996163 68
1772813241234 1.3147251670015976 69
1772813254810 1.3321260000084294 70
1772813271143 1.2498839585023234 71
1772813281149 1.3055435834976379 72
1772813291035 1.2926509169919882 73
1772813300897 1.2891165619948879 74
1772813316650 1.3027896874991711 75
1772813326561 1.3115263755025808 76
1772813336542 1.4249968954973156 77
1772813346474 1.3305864580033813 78
1772813356375 1.3097729999863077 79
1772813369892 1.3273317085113376 80
1772813386384 1.2798788129875902 81
1772813396322 1.2802910414902726 82
1772813406230 1.2947301044914639 83
1772813416098 1.2805880625091959 84
1772813431812 1.2742892710084561 85
1772813441797 1.2880585209932178 86
1772813451722 1.362264999988838 87
1772813461760 1.3014922505099094 88
1772813471688 1.2895703749964014 89
1772813485145 1.279364500005613 90
1772813495124 1.3150617084902478 91
1772813505012 1.2853331039950717 92
1772813514946 1.2865577709890204 93
1772813524913 1.3039021670119837 94
1772813537781 1.2945247499883408 95
1772813547089 1.2152302920003422 96
1772813556504 1.228767374996096 97
1772813565788 1.2443727499921806 98
1772813575331 1.2228519585041795 99
1772813588356 1.3110363750020042 100
