1772812369826 8.26716422951722 2
1772812379385 8.507770604017423 3
1772812388851 8.198107333504595 4
1772812404540 8.124488416491658 5
1772812413999 14.348339645992382 6
1772812423561 8.109089083503932 7
1772812432959 8.077838187498855 8
1772812442439 8.070085624989588 9
1772812455411 8.139981541506131 10
1772812464893 11.65729258400097 11
1772812474214 8.122518625008524 12
1772812483572 7.987843250492006 13
1772812492973 8.044880479006679 14
1772812505933 8.091537625499768 15
1772812515332 11.608734708512202 16
1772812524725 8.07162985400646 17
1772812534146 8.089678187505342 18
1772812543478 8.075549958492047 19
1772812556231 8.03546695849218 20
1772812579129 nan 21
1772812589545 9.026275000011083 22
1772812600112 9.098041603981983 23
1772812610038 9.206625791994156 24
1772812626126 8.621767687494867 25
1772812636059 14.792549728997983 26
1772812646051 8.646076584002003 27
1772812655988 8.554827270505484 28
1772812665862 8.635467541986145 29
1772812679665 8.584456666998449 30
1772812696682 nan 21
1772812706667 8.515879104001215 22
1772812716581 8.693251958000474 23
1772812726388 8.602783166992594 24
1772812742188 8.503427603995078 25
1772812752103 14.480240417004097 26
1772812762084 8.596796646001167 27
1772812772071 8.509175729501294 28
1772812781941 8.670473833495635 29
1772812795487 8.563592999489629 30
1772812812330 nan 31
1772812822185 8.490749416509061 32
1772812832021 8.55775691648887 33
1772812841913 8.522519396006828 34
1772812857688 8.617338562500663 35
1772812867598 14.494278541998938 36
1772812877472 8.616252624517074 37
1772812887691 8.500023645494366 38
1772812897912 8.944543499994325 39
1772812911721 8.892146978992969 40
1772812929347 nan 41
1772812939421 8.813702978994115 42
1772812949560 8.74219022950274 43
1772812959810 8.848944833007408 44
1772812976034 8.933122396018007 45
1772812986268 14.891169312497368 46
1772812996515 8.91376304149162 47
1772813006778 8.776540125007159 48
1772813017011 8.923066062503494 49
1772813030781 8.902281895498163 50
1772813048056 nan 51
1772813058150 8.699409270993783 52
1772813068310 8.813421646002098 53
1772813078536 8.837162583004101 54
1772813094473 8.904481083503924 55
1772813104399 14.637463916486013 56
1772813114543 8.618182917009108 57
1772813124603 8.626739041501423 58
1772813134568 8.732466646004468 59
1772813148050 8.611626395504572 60
1772813158010 12.181562541503808 61
1772813167924 8.645527395492536 62
1772813177819 8.593269854507525 63
1772813187788 8.582347542018397 64
1772813201247 8.651184624992311 65
1772813211175 12.128837312498945 66
1772813221272 8.650953812510124 67
1772813231257 8.739642646003631 68
1772813241234 8.670629583502887 69
1772813254810 8.659465729506337 70
1772813271143 nan 71
1772813281149 8.497352187492652 72
1772813291036 8.698901854004362 73
1772813300897 8.594671333485167 74
1772813316650 8.571749104507035 75
1772813326561 14.44628299951728 76
1772813336542 8.602982916505425 77
1772813346474 8.558742207998876 78
1772813356375 8.598119687492726 79
1772813369892 8.587587938003708 80
1772813386384 nan 81
1772813396322 8.534641520978766 82
1772813406230 8.658332375009195 83
1772813416098 8.612933125012205 84
1772813431813 8.585977541995817 85
1772813441797 14.440367979506846 86
1772813451722 8.695032124494901 87
1772813461761 8.564638750016456 88
1772813471688 8.737944583001081 89
1772813485146 8.636630166496616 90
1772813495124 12.195289770519594 91
1772813505012 8.64450333348941 92
1772813514946 8.600441354486975 93
1772813524913 8.651421207992826 94
1772813537781 8.660498417011695 95
1772813547090 11.570331229493604 96
1772813556504 8.091275541504729 97
1772813565789 8.188106604007771 98
1772813575332 8.036345520988107 99
1772813588357 8.33279235450027 100
