1772812359785 0.0 1
1772812369826 1.0 2
1772812379384 2.0 3
1772812388851 3.0 4
1772812404540 4.0 5
1772812413999 5.0 6
1772812423561 6.0 7
1772812432959 7.0 8
1772812442439 8.0 9
1772812455411 9.0 10
1772812464893 10.0 11
1772812474214 11.0 12
1772812483572 12.0 13
1772812492973 13.0 14
1772812505932 14.0 15
1772812515331 15.0 16
1772812524724 16.0 17
1772812534146 17.0 18
1772812543478 18.0 19
1772812556231 19.0 20
1772812579129 20.0 21
1772812589545 21.0 22
1772812600113 22.0 23
1772812610039 23.0 24
1772812626126 24.0 25
1772812636059 25.0 26
1772812646051 26.0 27
1772812655988 27.0 28
1772812665863 28.0 29
1772812679665 29.0 30
1772812696682 20.0 21
1772812706667 21.0 22
1772812716581 22.0 23
1772812726389 23.0 24
1772812742188 24.0 25
1772812752103 25.0 26
1772812762085 26.0 27
1772812772071 27.0 28
1772812781942 28.0 29
1772812795487 29.0 30
1772812812330 30.0 31
1772812822185 31.0 32
1772812832021 32.0 33
1772812841913 33.0 34
1772812857689 34.0 35
1772812867598 35.0 36
1772812877472 36.0 37
1772812887691 37.0 38
1772812897912 38.0 39
1772812911721 39.0 40
1772812929347 40.0 41
1772812939422 41.0 42
1772812949560 42.0 43
1772812959810 43.0 44
1772812976034 44.0 45
1772812986268 45.0 46
1772812996515 46.0 47
1772813006778 47.0 48
1772813017011 48.0 49
1772813030782 49.0 50
1772813048056 50.0 51
1772813058150 51.0 52
1772813068310 52.0 53
1772813078536 53.0 54
1772813094474 54.0 55
1772813104399 55.0 56
1772813114543 56.0 57
1772813124603 57.0 58
1772813134569 58.0 59
1772813148051 59.0 60
1772813158010 60.0 61
1772813167925 61.0 62
1772813177819 62.0 63
1772813187788 63.0 64
1772813201248 64.0 65
1772813211175 65.0 66
1772813221272 66.0 67
1772813231258 67.0 68
1772813241234 68.0 69
1772813254811 69.0 70
1772813271143 70.0 71
1772813281149 71.0 72
1772813291036 72.0 73
1772813300898 73.0 74
1772813316650 74.0 75
1772813326561 75.0 76
1772813336542 76.0 77
1772813346475 77.0 78
1772813356375 78.0 79
1772813369892 79.0 80
1772813386384 80.0 81
1772813396322 81.0 82
1772813406230 82.0 83
1772813416098 83.0 84
1772813431813 84.0 85
1772813441797 85.0 86
1772813451722 86.0 87
1772813461761 87.0 88
1772813471688 88.0 89
1772813485146 89.0 90
1772813495124 90.0 91
1772813505012 91.0 92
1772813514946 92.0 93
1772813524913 93.0 94
1772813537781 94.0 95
1772813547090 95.0 96
1772813556505 96.0 97
1772813565789 97.0 98
1772813575332 98.0 99
1772813588357 99.0 100
