1772812359925 1.431353041989496 1
1772812369968 1.543484374997206 2
1772812379515 1.370740415994078 3
1772812388987 1.3546983750129584 4
1772812404402 1.3359797919983976 5
1772812413856 1.3656341249879915 6
1772812423377 1.4565183329978026 7
1772812432754 1.3376598329923581 8
1772812442174 1.361490249983035 9
1772812455182 1.386042666999856 10
1772812464498 1.3577692079998087 11
1772812473949 1.4764738340163603 12
1772812483295 1.3268968329939526 13
1772812492664 1.3337058750039432 14
1772812505644 1.3780078749987297 15
1772812515032 1.332368540985044 16
1772812524418 1.3261020420177374 17
1772812533824 1.3553254999860656 18
1772812543060 1.3286851250159089 19
1772812555940 1.4206605830113403 20
1772812572410 1.2872316669963766 11
1772812582892 1.4107968749885913 12
1772812593468 1.3737370829912834 13
1772812603834 1.3929868750274181 14
1772812619648 1.3002603340137284 15
1772812629888 1.5017817080079112 16
1772812639850 1.4343956249940675 17
1772812649802 1.3864684580184985 18
1772812659706 1.296357707993593 19
1772812673403 1.297879958001431 20
1772812683526 1.3372005830169655 21
1772812693499 1.2919127499917522 22
1772812703459 1.2963666669966187 23
1772812713424 1.3382446249888744 24
1772812726847 1.3082695000048261 25
1772812736803 1.440918165986659 26
1772812746677 1.2776328330219258 27
1772812756611 1.2989244170021266 28
1772812766582 1.295017790980637 29
1772812780040 1.311146916996222 30
1772812789974 1.2918019580247346 31
1772812799891 1.3054725829861127 32
1772812809826 1.286944958003005 33
1772812819587 1.2927125830028672 34
1772812833116 1.3847260419861414 35
1772812843046 1.3024656670168042 36
1772812852860 1.3048047499905806 37
1772812862784 1.3159688340092544 38
1772812872662 1.3044623750029132 39
1772812886289 1.3096674580010585 40
1772812896600 1.4018118749954738 41
1772812906794 1.333595999982208 42
1772812916916 1.3309107919922099 43
1772812927297 1.424357833020622 44
1772812941065 1.3294830420054495 45
1772812951270 1.3380987079872284 46
1772812961541 1.3308057920075953 47
1772812971670 1.3341694999835454 48
1772812981798 1.3047471669851802 49
1772812995673 1.3469531250011642 50
1772813005962 1.5131252089922782 51
1772813016195 1.3618444579769857 52
1772813026348 1.352313667011913 53
1772813036440 1.3138188750017434 54
1772813050273 1.3299023330037016 55
1772813060444 1.3269139170006383 56
1772813070665 1.3311841250106227 57
1772813080728 1.4114447500032838 58
1772813090707 1.3960646250052378 59
1772813104231 1.280144708987791 60
1772813114201 1.3538916670077015 61
1772813124415 1.3537110000033863 62
1772813134378 1.3687869169807527 63
1772813144280 1.354858000006061 64
1772813157768 1.2839800420042593 65
1772813167570 1.3414443750225473 66
1772813177464 1.428885832981905 67
1772813187449 1.333529916999396 68
1772813197424 1.3507955000095535 69
1772813210911 1.2860823329829145 70
1772813220980 1.3522378329944331 71
1772813230905 1.336501749989111 72
1772813240838 1.325188375019934 73
1772813250718 1.3528886249987409 74
1772813264113 1.3855041670030914 75
1772813274082 1.3159392919915263 76
1772813284172 1.453672125004232 77
1772813294055 1.3036342919804156 78
1772813303990 1.3014844169956632 79
1772813317386 1.3270242080034222 80
1772813327279 1.307240958994953 81
1772813337153 1.3077678749978077 82
1772813347067 1.4081056250142865 83
1772813356966 1.3059434159949888 84
1772813370478 1.3303523340146057 85
1772813380415 1.2716383340011816 86
1772813390312 1.2893201250117272 87
1772813400275 1.3002745830162894 88
1772813410183 1.285351124999579 89
1772813423518 1.2993716250057332 90
1772813433457 1.3320309999980964 91
1772813443451 1.297208292002324 92
1772813453543 1.290486415993655 93
1772813463526 1.3101392499811482 94
1772813476969 1.290188125014538 95
1772813486939 1.2879381249949802 96
1772813496891 1.322003457986284 97
1772813506661 1.285632833983982 98
1772813516626 1.2896268330223393 99
1772813530113 1.3085680840013083 100
