1772812359926 8.07281216600677 1
1772812369968 8.320696417009458 2
1772812379515 8.027845333010191 3
1772812388987 7.969754041987471 4
1772812404402 7.850738500012085 5
1772812413856 7.943336790980538 6
1772812423378 7.909256832994288 7
1772812432755 7.888766832998954 8
1772812442175 7.905259583989391 9
1772812455183 7.9488185409863945 10
1772812464498 7.81739858398214 11
1772812473950 7.831322000012733 12
1772812483295 7.878830667003058 13
1772812492664 7.891143417014973 14
1772812505644 7.91484762498294 15
1772812515032 7.908591457991861 16
1772812524418 7.915362667001318 17
1772812533824 7.908555667003384 18
1772812543060 7.762817332986742 19
1772812555940 7.781087499985006 20
1772812572410 8.368146541004535 11
1772812582892 8.897034708992578 12
1772812593468 9.002784790995065 13
1772812603834 8.802633000013884 14
1772812619648 8.481640124984551 15
1772812629889 8.570482667011674 16
1772812639850 8.361301333992742 17
1772812649802 8.40326183300931 18
1772812659706 8.456015250005294 19
1772812673403 8.426161042007152 20
1772812683527 8.557123624981614 21
1772812693499 8.508238459005952 22
1772812703459 8.491964750020998 23
1772812713424 8.473023250000551 24
1772812726848 8.40527837499394 25
1772812736803 8.35331325000152 26
1772812746677 8.443835582991596 27
1772812756611 8.47923570900457 28
1772812766582 8.518791000009514 29
1772812780040 8.456332000001566 30
1772812789975 8.478176875010831 31
1772812799892 8.458903291990282 32
1772812809827 8.489099083992187 33
1772812819587 8.31060370799969 34
1772812833116 8.411709333013278 35
1772812843047 8.475611542002298 36
1772812852861 8.35598883300554 37
1772812862785 8.452251875016373 38
1772812872662 8.419075167010305 39
1772812886289 8.44324687498738 40
1772812896601 8.713155042001745 41
1772812906794 8.689154042018345 42
1772812916916 8.569568209000863 43
1772812927297 8.7591631670075 44
1772812941065 8.625132041983306 45
1772812951270 8.706347792001907 46
1772812961541 8.780097124981694 47
1772812971670 8.624792582995724 48
1772812981798 8.661257333005778 49
1772812995673 8.662645292002708 50
1772813005962 8.58452249999391 51
1772813016196 8.700481500010937 52
1772813026348 8.631143375008833 53
1772813036441 8.603143582993653 54
1772813050273 8.677473832998658 55
1772813060444 8.660982666013297 56
1772813070665 8.718151042005047 57
1772813080728 8.488548708992312 58
1772813090707 8.425827583996579 59
1772813104232 8.51806545900763 60
1772813114202 8.431800874997862 61
1772813124415 8.49285183401662 62
1772813134378 8.423793166992255 63
1772813144280 8.382351167005254 64
1772813157769 8.442127584014088 65
1772813167570 8.300415250007063 66
1772813177464 8.30029620800633 67
1772813187449 8.454658583999844 68
1772813197424 8.460038874996826 69
1772813210912 8.431865291000577 70
1772813220981 8.539847707987064 71
1772813230905 8.42225254199002 72
1772813240838 8.444495917006861 73
1772813250719 8.361860042001354 74
1772813264114 8.279868334007915 75
1772813274083 8.474701750004897 76
1772813284173 8.452987625001697 77
1772813294056 8.416716042003827 78
1772813303991 8.466686416009907 79
1772813317387 8.34310829101014 80
1772813327279 8.392516416992294 81
1772813337153 8.38872600000468 82
1772813347068 8.327961292001419 83
1772813356967 8.42011466700933 84
1772813370478 8.45054037499358 85
1772813380415 8.48830625001574 86
1772813390312 8.440810959000373 87
1772813400275 8.500252583005931 88
1772813410183 8.450790083006723 89
1772813423519 8.309308833006071 90
1772813433458 8.410533249989385 91
1772813443452 8.537469874980161 92
1772813453543 8.509212458011461 93
1772813463526 8.483493416017154 94
1772813476969 8.4251899170049 95
1772813486939 8.500883417000296 96
1772813496891 8.442733417003183 97
1772813506661 8.317656041996088 98
1772813516626 8.504938916012179 99
1772813530113 8.476468917011516 100
