1772812359925 4.4625019654631615e-05 1
1772812369967 1.1541997082531452e-05 2
1772812379514 2.358399797230959e-05 3
1772812388986 1.0083022061735392e-05 4
1772812404401 9.875016985461116e-06 5
1772812413855 1.3665994629263878e-05 6
1772812423377 1.1958007235080004e-05 7
1772812432754 1.2333010090515018e-05 8
1772812442174 8.417002391070127e-06 9
1772812455182 1.2667005648836493e-05 10
1772812464498 7.458991603925824e-06 11
1772812473949 1.029198756441474e-05 12
1772812483295 7.874972652643919e-06 13
1772812492663 8.875009370967746e-06 14
1772812505644 7.291993824765086e-06 15
1772812515031 9.41698090173304e-06 16
1772812524417 9.624985978007317e-06 17
1772812533824 8.333008736371994e-06 18
1772812543059 7.665978046134114e-06 19
1772812555940 7.95800588093698e-06 20
1772812572410 1.2250005966052413e-05 11
1772812582892 3.3666001399978995e-05 12
1772812593469 1.0457995813339949e-05 13
1772812603834 3.333398490212858e-05 14
1772812619648 8.66700429469347e-06 15
1772812629889 1.1541997082531452e-05 16
1772812639850 1.016599708236754e-05 17
1772812649802 1.504199462942779e-05 18
1772812659706 7.833004929125309e-06 19
1772812673403 1.3750017387792468e-05 20
1772812683527 2.779200440272689e-05 21
1772812693499 7.166992872953415e-06 22
1772812703459 2.0332983694970608e-05 23
1772812713424 7.750000804662704e-06 24
1772812726848 7.916998583823442e-06 25
1772812736803 6.667018169537187e-06 26
1772812746677 8.66700429469347e-06 27
1772812756611 1.300001167692244e-05 28
1772812766582 7.458002073690295e-06 29
1772812780040 7.125025149434805e-06 30
1772812789975 7.708003977313638e-06 31
1772812799892 8.082977728918195e-06 32
1772812809827 1.2290984159335494e-05 33
1772812819587 8.709001122042537e-06 34
1772812833116 7.458002073690295e-06 35
1772812843047 7.041991921141744e-06 36
1772812852861 6.582995411008596e-06 37
1772812862785 1.3125012628734112e-05 38
1772812872663 9.041978046298027e-06 39
1772812886290 8.041999535635114e-06 40
1772812896601 2.516701351851225e-05 41
1772812906795 1.2375006917864084e-05 42
1772812916916 7.4169947765767574e-06 43
1772812927297 1.6125006368383765e-05 44
1772812941065 5.5625016102567315e-05 45
1772812951271 2.4667009711265564e-05 46
1772812961541 9.000010322779417e-06 47
1772812971670 2.0625011529773474e-05 48
1772812981799 7.0829992182552814e-06 49
1772812995673 9.832991054281592e-06 50
1772813005962 3.712502075359225e-05 51
1772813016196 9.167008101940155e-06 52
1772813026349 2.6458001229912043e-05 53
1772813036441 7.875001756474376e-06 54
1772813050273 1.6709003830328584e-05 55
1772813060444 1.358301960863173e-05 56
1772813070666 8.457980584353209e-06 57
1772813080729 1.0500021744519472e-05 58
1772813090708 7.750000804662704e-06 59
1772813104232 1.0292016668245196e-05 60
1772813114202 8.833012543618679e-06 61
1772813124416 7.166992872953415e-06 62
1772813134378 1.8333987100049853e-05 63
1772813144281 9.583978680893779e-06 64
1772813157769 6.916990969330072e-06 65
1772813167571 1.2750009773299098e-05 66
1772813177465 7.750000804662704e-06 67
1772813187449 8.66700429469347e-06 68
1772813197424 1.158300437964499e-05 69
1772813210912 7.666007149964571e-06 70
1772813220981 9.333016350865364e-06 71
1772813230905 1.0541989468038082e-05 72
1772813240838 7.875001756474376e-06 73
1772813250719 7.2499969974160194e-06 74
1772813264114 8.207978680729866e-06 75
1772813274083 9.499985026195645e-06 76
1772813284173 7.458002073690295e-06 77
1772813294056 1.4707999071106315e-05 78
1772813303991 9.417010005563498e-06 79
1772813317387 1.1958007235080004e-05 80
1772813327280 7.166992872953415e-06 81
1772813337153 6.667018169537187e-06 82
1772813347068 8.374976459890604e-06 83
1772813356967 1.016599708236754e-05 84
1772813370478 6.792019121348858e-06 85
1772813380416 2.274999860674143e-05 86
1772813390312 6.9160014390945435e-06 87
1772813400275 6.874994141981006e-06 88
1772813410183 7.124996045604348e-06 89
1772813423519 7.750000804662704e-06 90
1772813433458 1.8000020645558834e-05 91
1772813443452 8.917006198316813e-06 92
1772813453543 7.0420210249722e-06 93
1772813463526 8.791015716269612e-06 94
1772813476969 1.3749988283962011e-05 95
1772813486940 6.95799826644361e-06 96
1772813496892 1.2665987014770508e-05 97
1772813506662 6.458023563027382e-06 98
1772813516626 7.291004294529557e-06 99
1772813530114 7.291004294529557e-06 100
