1772812369969 0.00789470798918046 2
1772812379516 0.004018082981929183 3
1772812388988 0.003264583006966859 4
1772812404402 0.004577750019961968 5
1772812413857 0.0039945839962456375 6
1772812423378 0.0035314169945195317 7
1772812432755 0.0035423340159468353 8
1772812442175 0.004000916000222787 9
1772812455183 0.004498833004618064 10
1772812464499 0.003578250005375594 11
1772812473950 0.0033026250021066517 12
1772812483296 0.0033372500038240105 13
1772812492664 0.0042356250050943345 14
1772812505645 0.0036337920173536986 15
1772812515033 0.004132207977818325 16
1772812524419 0.004085249995114282 17
1772812533825 0.0036261659988667816 18
1772812543061 0.0036370839807204902 19
1772812555941 0.00342024999554269 20
1772812572410 0.004305834008846432 11
1772812582892 0.006073083000956103 12
1772812593469 0.005397917004302144 13
1772812603835 0.010775500006275252 14
1772812619649 0.004159333999268711 15
1772812629889 0.003516416996717453 16
1772812639850 0.004757749993586913 17
1772812649803 0.004385166015708819 18
1772812659707 0.0038568329764530063 19
1772812673403 0.004006041010143235 20
1772812683527 0.004273374972399324 21
1772812693500 0.005602084012934938 22
1772812703460 0.004634042008547112 23
1772812713424 0.0035195419914089143 24
1772812726848 0.0037347080069594085 25
1772812736804 0.0035993340134155005 26
1772812746677 0.004809917008969933 27
1772812756612 0.00518683300470002 28
1772812766582 0.003934291016776115 29
1772812780040 0.0030694580054841936 30
1772812789975 0.003744916000869125 31
1772812799892 0.003463667002506554 32
1772812809827 0.004608832998201251 33
1772812819588 0.006504916003905237 34
1772812833117 0.0035800000187009573 35
1772812843047 0.00378475000616163 36
1772812852861 0.004672791983466595 37
1772812862785 0.0037951659760437906 38
1772812872663 0.003618874994572252 39
1772812886290 0.003577166993636638 40
1772812896601 0.004353416996309534 41
1772812906795 0.003477666003163904 42
1772812916916 0.003441999986534938 43
1772812927297 0.00679979199776426 44
1772812941066 0.00364962502499111 45
1772812951271 0.0042609999945852906 46
1772812961541 0.004096167016541585 47
1772812971670 0.0037641249946318567 48
1772812981799 0.0037359170091804117 49
1772812995674 0.003473250020761043 50
1772813005963 0.004233834013575688 51
1772813016196 0.00408383397734724 52
1772813026349 0.0034739580005407333 53
1772813036441 0.00339520801207982 54
1772813050274 0.004318666004110128 55
1772813060444 0.0036202500050421804 56
1772813070666 0.005204750021221116 57
1772813080729 0.0036741670046467334 58
1772813090708 0.00370754100731574 59
1772813104232 0.00375445798272267 60
1772813114202 0.003599959018174559 61
1772813124416 0.003338125010486692 62
1772813134378 0.004124833008972928 63
1772813144281 0.003806041000643745 64
1772813157769 0.0035791670088656247 65
1772813167571 0.0035973339981865138 66
1772813177465 0.003207458008546382 67
1772813187450 0.003651750012068078 68
1772813197425 0.0035201669961679727 69
1772813210912 0.0034320830018259585 70
1772813220981 0.003297916002338752 71
1772813230905 0.0033165830245707184 72
1772813240838 0.003218083002138883 73
1772813250719 0.004309457988711074 74
1772813264114 0.0031555840105284005 75
1772813274083 0.0036242920032236725 76
1772813284173 0.0032414160086773336 77
1772813294056 0.002959292003652081 78
1772813303991 0.004525042022578418 79
1772813317387 0.0034244999988004565 80
1772813327280 0.0035041249939240515 81
1772813337153 0.006810666993260384 82
1772813347068 0.004174625006271526 83
1772813356967 0.004747375001898035 84
1772813370478 0.0057667499931994826 85
1772813380416 0.003706040995894 86
1772813390312 0.0036772080056834966 87
1772813400276 0.0035630830097943544 88
1772813410183 0.0031603749957866967 89
1772813423519 0.003739417006727308 90
1772813433458 0.002948625013232231 91
1772813443452 0.0038044579850975424 92
1772813453544 0.0031848750077188015 93
1772813463526 0.07628516599652357 94
1772813476969 0.0030189999961294234 95
1772813486940 0.003607207996537909 96
1772813496892 0.0032387500104960054 97
1772813506662 0.003243290993850678 98
1772813516626 0.0039602080069016665 99
1772813530114 0.003648500016424805 100
