1772812359926 0.0017128330073319376 1
1772812369968 0.0017322920029982924 2
1772812379515 0.0015660419885534793 3
1772812388987 0.001325416989857331 4
1772812404402 0.0014283749915193766 5
1772812413857 0.002068459027213976 6
1772812423378 0.001538625016110018 7
1772812432755 0.0016552089946344495 8
1772812442175 0.001751208008499816 9
1772812455183 0.0017759159964043647 10
1772812464499 0.0017469580052420497 11
1772812473950 0.001703791000181809 12
1772812483296 0.0015113750123418868 13
1772812492664 0.0015337920049205422 14
1772812505645 0.0018642499926500022 15
1772812515032 0.0017265829956158996 16
1772812524418 0.0014656250132247806 17
1772812533825 0.001735249999910593 18
1772812543060 0.001451042015105486 19
1772812555940 0.0014357079926412553 20
1772812572411 0.002043999993475154 11
1772812582893 0.0031480839825235307 12
1772812593469 0.0018230830028187484 13
1772812603835 0.001564792008139193 14
1772812619649 0.0018712909950409085 15
1772812629889 0.001962457987247035 16
1772812639851 0.0019355410186108202 17
1772812649803 0.0017170829814858735 18
1772812659707 0.0016884579963516444 19
1772812673404 0.0014040830137673765 20
1772812683527 0.002011957985814661 21
1772812693500 0.0020627079939004034 22
1772812703460 0.0018539580050855875 23
1772812713425 0.0017487909935880452 24
1772812726848 0.0017212499806191772 25
1772812736804 0.0016645830182824284 26
1772812746678 0.0016652919875923544 27
1772812756612 0.0019184999982826412 28
1772812766583 0.0016232080233749002 29
1772812780041 0.0015246669936459512 30
1772812789975 0.0017619999998714775 31
1772812799892 0.0016567919810768217 32
1772812809827 0.0020582499855663627 33
1772812819588 0.0016979580104816705 34
1772812833117 0.0016822079778648913 35
1772812843048 0.0014715830038767308 36
1772812852861 0.0014844999823253602 37
1772812862786 0.00202095799613744 38
1772812872663 0.0013780830195173621 39
1772812886290 0.0015774579951539636 40
1772812896601 0.0017772499995771796 41
1772812906795 0.001616166002349928 42
1772812916917 0.0027670409763231874 43
1772812927298 0.0024470829812344164 44
1772812941066 0.0014646670024376363 45
1772812951271 0.0017289579845964909 46
1772812961542 0.0018576250004116446 47
1772812971671 0.0018782090046443045 48
1772812981799 0.0019256669911555946 49
1772812995674 0.0018607079982757568 50
1772813005963 0.0019155420013703406 51
1772813016196 0.001729500014334917 52
1772813026349 0.0017109999898821115 53
1772813036441 0.0015213339938782156 54
1772813050274 0.002052541996818036 55
1772813060445 0.001753707998432219 56
1772813070666 0.0018147079972550273 57
1772813080729 0.001696207997156307 58
1772813090708 0.0013482909998856485 59
1772813104232 0.0018358330125920475 60
1772813114203 0.001491625007474795 61
1772813124416 0.002476833004038781 62
1772813134379 0.0017608749913051724 63
1772813144281 0.0013990000006742775 64
1772813157769 0.0015092079993337393 65
1772813167571 0.001764917018590495 66
1772813177465 0.0015059580036904663 67
1772813187450 0.0019413330010138452 68
1772813197425 0.001459040999179706 69
1772813210912 0.001683417009189725 70
1772813220981 0.0018436670070514083 71
1772813230905 0.0014963329886086285 72
1772813240839 0.00182320800377056 73
1772813250719 0.0016783330065663904 74
1772813264114 0.0015195000160019845 75
1772813274083 0.0016556659829802811 76
1772813284173 0.0019636659999378026 77
1772813294057 0.0014787500258535147 78
1772813303991 0.001881083007901907 79
1772813317387 0.0015726250130683184 80
1772813327280 0.0017468339938204736 81
1772813337154 0.0016825420025270432 82
1772813347068 0.001560000004246831 83
1772813356967 0.0015222499787341803 84
1772813370479 0.001693541998974979 85
1772813380416 0.0018310000014025718 86
1772813390313 0.0015993329870980233 87
1772813400276 0.0016742089937906712 88
1772813410184 0.0015347500157076865 89
1772813423519 0.0014823749952483922 90
1772813433458 0.0018491249938961118 91
1772813443452 0.0014197079872246832 92
1772813453544 0.002662542014149949 93
1772813463527 0.0015666249964851886 94
1772813476970 0.0014671249955426902 95
1772813486940 0.0017912079929374158 96
1772813496892 0.002187542006140575 97
1772813506662 0.001410582975950092 98
1772813516627 0.0014951670018490404 99
1772813530114 0.001556458999402821 100
