1772812359924 9.506460542004788 1
1772812369967 9.866581667010905 2
1772812379514 9.400707082997542 3
1772812388986 9.326303957990604 4
1772812404401 9.188784917001612 5
1772812413855 9.311768457992002 6
1772812423376 9.367912082991097 7
1772812432754 9.228668958006892 8
1772812442174 9.26920479099499 9
1772812455182 9.337296499987133 10
1772812464497 9.17757633299334 11
1772812473948 9.310107875004178 12
1772812483294 9.20781237501069 13
1772812492663 9.226998875004938 14
1772812505644 9.295432958024321 15
1772812515031 9.243299291003495 16
1772812524417 9.243576999986544 17
1772812533823 9.266247791994829 18
1772812543059 9.093592583987629 19
1772812555939 9.203843958006473 20
1772812572411 9.658385207992978 11
1772812582893 10.313324916991405 12
1772812593469 10.379012916993815 13
1772812603835 10.197830624994822 14
1772812619649 9.784363209008006 15
1772812629889 10.074923625012161 16
1772812639851 9.798331125028199 17
1772812649803 9.792118082987145 18
1772812659707 9.754749665997224 19
1772812673404 9.726127166009974 20
1772812683528 9.897387375007384 21
1772812693500 9.803241959016304 22
1772812703460 9.791012583998963 23
1772812713425 9.813669666997157 24
1772812726849 9.715960500005167 25
1772812736804 9.796592375001637 26
1772812746678 9.72385491701425 27
1772812756612 9.78105299998424 28
1772812766583 9.81609712500358 29
1772812780041 9.76966045802692 30
1772812789976 9.772509292000905 31
1772812799893 9.766641583992168 32
1772812809828 9.779050291981548 33
1772812819588 9.605665249982849 34
1772812833117 9.79876645799959 35
1772812843048 9.780222083994886 36
1772812852862 9.66292837500805 37
1772812862786 9.771096374985063 38
1772812872663 9.725585957989097 39
1772812886291 9.755248000001302 40
1772812896602 10.117437874985626 41
1772812906795 10.025086082983762 42
1772812916917 9.904214374982985 43
1772812927298 10.187008957989747 44
1772812941066 9.956810625008075 45
1772812951271 10.046955957979662 46
1772812961542 10.113795750017744 47
1772812971671 9.961615709005855 48
1772812981799 9.968986083025811 49
1772812995674 10.012506416998804 50
1772813005963 10.10063950001495 51
1772813016197 10.064769666991197 52
1772813026349 9.98604124999838 53
1772813036442 9.919170832989039 54
1772813050274 10.010260999988532 55
1772813060445 9.990598750009667 56
1772813070666 10.051868167007342 57
1772813080729 9.90242979201139 58
1772813090708 9.82390662500984 59
1772813104233 9.800787542015314 60
1772813114203 9.787839916010853 61
1772813124416 9.849986666988116 62
1772813134379 9.795028499996988 63
1772813144281 9.739304332993925 64
1772813157770 9.728464917017845 65
1772813167571 9.644329917005962 66
1772813177465 9.731394083006307 67
1772813187450 9.790841082984116 68
1772813197425 9.81299370797933 69
1772813210913 9.720369292015675 70
1772813220981 9.89472174999537 71
1772813230906 9.760924833011813 72
1772813240839 9.7722885000112 73
1772813250720 9.717229292000411 74
1772813264115 9.667513124994002 75
1772813274084 9.792963166022673 76
1772813284174 9.909411166008795 77
1772813294057 9.722571833000984 78
1772813303992 9.770847833016887 79
1772813317388 9.672390833991813 80
1772813327280 9.70236029199441 81
1772813337154 9.698859374999302 82
1772813347069 9.73841191700194 83
1772813356968 9.728243666002527 84
1772813370479 9.783226667001145 85
1772813380416 9.762562250019982 86
1772813390313 9.73237945800065 87
1772813400276 9.802881500014337 88
1772813410184 9.738321167009417 89
1772813423520 9.610850415978348 90
1772813433459 9.745151292008813 91
1772813443453 9.836764041014249 92
1772813453544 9.80512883301708 93
1772813463527 9.795937708986457 94
1772813476970 9.717517582990695 95
1772813486940 9.79138908299501 96
1772813496892 9.767596166988369 97
1772813506662 9.605347208009334 98
1772813516627 9.796945124980994 99
1772813530114 9.787250375025906 100
