1772812359925 9.506290916993748 1
1772812369967 9.866454959003022 2
1772812379515 9.400578750006389 3
1772812388986 9.326202500000363 4
1772812404402 9.188677833997644 5
1772812413856 9.311642874992685 6
1772812423377 9.367792500008363 7
1772812432754 9.228553624998312 8
1772812442174 9.269097832991974 9
1772812455182 9.337156083987793 10
1772812464498 9.177465458022198 11
1772812473949 9.310001833015122 12
1772812483295 9.20770416702726 13
1772812492663 9.226892875012709 14
1772812505644 9.295325333019719 15
1772812515032 9.24319333297899 16
1772812524418 9.243466333020478 17
1772812533824 9.26614295897889 18
1772812543060 9.093492374988273 19
1772812555940 9.203735167015111 20
1772812572411 9.658052542014048 11
1772812582893 10.313015916006407 12
1772812593470 10.378890082996804 13
1772812603835 10.197638582991203 14
1772812619650 9.784260332991835 15
1772812629890 10.074805500014918 16
1772812639851 9.798205750004854 17
1772812649804 9.791989374993136 18
1772812659707 9.754637709003873 19
1772812673404 9.72599570901366 20
1772812683528 9.897093041014159 21
1772812693500 9.803130957996473 22
1772812703460 9.790850457997294 23
1772812713425 9.813569125020877 24
1772812726849 9.715853458008496 25
1772812736804 9.796490834007272 26
1772812746678 9.72375170799205 27
1772812756612 9.780930708016967 28
1772812766583 9.815990084025543 29
1772812780041 9.769550415978301 30
1772812789976 9.772394208994228 31
1772812799893 9.766538542025955 32
1772812809828 9.778919750009663 33
1772812819588 9.605561291013146 34
1772812833117 9.798663417022908 35
1772812843048 9.780127083999105 36
1772812852862 9.662822916987352 37
1772812862786 9.77097004200914 38
1772812872664 9.725478875014232 39
1772812886291 9.755127624986926 40
1772812896602 10.117302458005724 41
1772812906796 10.024965958989924 42
1772812916917 9.904068125004414 43
1772812927298 10.186847250006394 44
1772812941066 9.956620791985188 45
1772812951272 10.046809041989036 46
1772812961542 10.113671917002648 47
1772812971671 9.961462374980329 48
1772812981799 9.968856833002064 49
1772812995674 10.012368041992886 50
1772813005963 10.100445666001178 51
1772813016197 10.064654125017114 52
1772813026350 9.98587329199654 53
1772813036442 9.919056542014005 54
1772813050274 10.010115999990376 55
1772813060445 9.990443000016967 56
1772813070667 10.051751209015492 57
1772813080730 9.902299582987325 58
1772813090708 9.823801082995487 59
1772813104233 9.800667167000938 60
1772813114204 9.787727708986495 61
1772813124417 9.849856166983955 62
1772813134379 9.794889458979014 63
1772813144282 9.739187833998585 64
1772813157770 9.728351249999832 65
1772813167571 9.644193792017177 66
1772813177466 9.731285499990918 67
1772813187450 9.790724332997343 68
1772813197425 9.81287091600825 69
1772813210913 9.720261999987997 70
1772813220982 9.894597334001446 71
1772813230906 9.76080787499086 72
1772813240839 9.772172166995006 73
1772813250720 9.717108708020533 74
1772813264115 9.66740616702009 75
1772813274084 9.792854208004428 76
1772813284174 9.909289333008928 77
1772813294057 9.722441791993333 78
1772813303992 9.770731458003866 79
1772813317388 9.672276666999096 80
1772813327281 9.702245583001059 81
1772813337154 9.69872954202583 82
1772813347069 9.738298708980437 83
1772813356968 9.728134458011482 84
1772813370479 9.783128750015749 85
1772813380417 9.762422083003912 86
1772813390313 9.732276458991691 87
1772813400276 9.802774208015762 88
1772813410184 9.738217582984362 89
1772813423520 9.610751959000481 90
1772813433459 9.744987665995723 91
1772813443453 9.836657458014088 92
1772813453544 9.804837999981828 93
1772813463527 9.795743125025183 94
1772813476970 9.717389792000176 95
1772813486941 9.791284040984465 96
1772813496893 9.767474458989454 97
1772813506662 9.605238916992676 98
1772813516627 9.796841375005897 99
1772813530114 9.787143166991882 100
