1772811731897 0.00034699999378062785 1
1772811741025 0.00027225000667385757 2
1772811750814 0.00026579099358059466 3
1772811760305 0.00026220802101306617 4
1772811776891 0.0002833330072462559 5
1772811786205 0.0002619579900056124 6
1772811796040 0.00025429201195947826 7
1772811805793 0.0002802090020850301 8
1772811815534 0.0002864580019377172 9
1772811828846 0.00033316598273813725 10
1772811837941 0.00025566600379534066 11
1772811847079 0.00024029100313782692 12
1772811856656 0.00022279200493358076 13
1772811866102 0.0002708329993765801 14
1772811878953 0.0002570000069681555 15
1772811888293 0.00022933399304747581 16
1772811898120 0.000247207994107157 17
1772811907597 0.00027966697234660387 18
1772811917574 0.0002860420208889991 19
1772811931127 0.0002554160018917173 20
1772811948639 0.00023812500876374543 11
1772811958780 0.00025850001838989556 12
1772811969781 0.00026204201276414096 13
1772811979672 0.00027441600104793906 14
1772811995452 0.00023954198695719242 15
1772812005161 0.0002522919967304915 16
1772812015683 0.0002418750082142651 17
1772812025889 0.0002667079970706254 18
1772812036150 0.0002616669808048755 19
