1772811731898 2.870798925869167e-05 1
1772811741026 3.724999260157347e-05 2
1772811750815 3.29999893438071e-05 3
1772811760305 2.0624982425943017e-05 4
1772811776892 2.0333012798801064e-05 5
1772811786206 2.9332994017750025e-05 6
1772811796041 3.108300734311342e-05 7
1772811805794 2.9749993700534105e-05 8
1772811815535 4.8542016884312034e-05 9
1772811828847 3.462500171735883e-05 10
1772811837942 2.0042003598064184e-05 11
1772811847079 1.6083999071270227e-05 12
1772811856657 1.5958998119458556e-05 13
1772811866103 2.3958011297509074e-05 14
1772811878953 1.6250007320195436e-05 15
1772811888294 1.6667007002979517e-05 16
1772811898121 3.933400148525834e-05 17
1772811907598 2.733300789259374e-05 18
