1772811731898 9.124982170760632e-06 1
1772811741026 6.082991603761911e-06 2
1772811750815 6.207992555573583e-06 3
1772811760305 7.4160052463412285e-06 4
1772811776891 5.709007382392883e-06 5
1772811786206 5.417008651420474e-06 6
1772811796041 5.5000127758830786e-06 7
1772811805794 8.584000170230865e-06 8
1772811815534 6.458983989432454e-06 9
1772811828847 6.499991286545992e-06 10
1772811837941 7.541995728388429e-06 11
1772811847079 5.083013093098998e-06 12
1772811856657 5.124980816617608e-06 13
1772811866103 5.832989700138569e-06 14
1772811878953 5.207984941080213e-06 15
1772811888293 5.62501372769475e-06 16
1772811898120 6.041984306648374e-06 17
1772811907597 5.999987479299307e-06 18
1772811917574 5.999987479299307e-06 19
1772811931128 5.875015631318092e-06 20
1772811948639 1.0041985660791397e-05 11
1772811958781 6.040994776412845e-06 12
1772811969781 6.416987162083387e-06 13
1772811979672 8.166010957211256e-06 14
1772811995452 1.0374991688877344e-05 15
1772812005162 6.082991603761911e-06 16
1772812015684 5.791982403025031e-06 17
1772812025889 8.833012543618679e-06 18
1772812036151 5.832989700138569e-06 19
