1772811731898 0.10252275000675581 1
1772811741026 0.10716616699937731 2
1772811750815 0.11066237499471754 3
1772811760306 0.11086020802031271 4
1772811776892 0.11000770900864154 5
1772811786206 0.11270791699644178 6
1772811796041 0.10603983301552944 7
1772811805794 0.11176383402198553 8
1772811815535 0.11297520800144412 9
1772811828847 0.11752754202461801 10
1772811837942 0.1074476659996435 11
1772811847080 0.10891295902547427 12
1772811856657 0.1073944169911556 13
1772811866104 0.10855983299552463 14
1772811878954 0.10740504201385193 15
1772811888294 0.10775212501175702 16
1772811898121 0.10768245899816975 17
1772811907598 0.110751333006192 18
