1772811731896 0.007395624998025596 1
1772811741024 0.00718537499778904 2
1772811750813 0.007088374986778945 3
1772811760304 0.007151583005907014 4
1772811776890 0.007350667001446709 5
1772811786203 0.00745250002364628 6
1772811796039 0.007088083017151803 7
1772811805792 0.007370417006313801 8
1772811815533 0.007796833000611514 9
1772811828845 0.007555999996839091 10
1772811837940 0.00706462500966154 11
1772811847078 0.007054709014482796 12
1772811856655 0.006852374994195998 13
1772811866101 0.007351582986302674 14
1772811878951 0.007108290999894962 15
1772811888291 0.007034457987174392 16
1772811898119 0.007223666005302221 17
1772811907596 0.00760704098502174 18
