1772811731896 0.18037091600126587 1
1772811741024 0.2334113749966491 2
1772811750813 0.18634712501079775 3
1772811760304 0.17780829200637527 4
1772811776890 0.1973639999923762 5
1772811786204 0.21187795797595754 6
1772811796039 0.19970754199312069 7
1772811805792 0.20288937498116866 8
1772811815533 0.23131670799921267 9
1772811828845 0.23571195799740963 10
1772811837940 0.08900933299446478 11
1772811847078 0.0888274589960929 12
1772811856655 0.18594145801034756 13
1772811866101 0.21492279099766165 14
1772811878952 0.18737141700694337 15
1772811888292 0.1906310839985963 16
1772811898119 0.19353358299122192 17
1772811907596 0.2215000829892233 18
1772811917573 0.0952658329915721 19
1772811931126 0.09357500000623986 20
1772811948640 0.1650881250097882 11
1772811958782 0.18892229199991561 12
1772811969782 0.186978709010873 13
1772811979673 0.21274558300501667 14
1772811995453 0.18016541699762456 15
1772812005162 0.19410716701531783 16
1772812015685 0.09109541599173099 17
1772812025890 0.0964023339911364 18
1772812036151 0.25049554198631085 19
