1772811731898 0.04690816698712297 1
1772811741025 0.04353162500774488 2
1772811750814 0.037604707991704345 3
1772811760305 0.0357351670099888 4
1772811776891 0.03849649999756366 5
1772811786205 0.04298570900573395 6
1772811796040 0.03594274999340996 7
1772811805793 0.03843362498446368 8
1772811815534 0.043615292001049966 9
1772811828847 0.03630233299918473 10
1772811837941 0.03657037499942817 11
1772811847079 0.03536429099040106 12
1772811856656 0.03777137500583194 13
1772811866103 0.03689962500357069 14
1772811878953 0.03635283300536685 15
1772811888293 0.03911324997898191 16
1772811898120 0.04337358399061486 17
1772811907597 0.03685033301007934 18
1772811917574 0.03582658400409855 19
1772811931127 0.04420358399511315 20
1772811948640 0.04437204200075939 11
1772811958782 0.042204749974189326 12
1772811969782 0.038351249997504056 13
1772811979673 0.04279012500774115 14
1772811995453 0.035980749991722405 15
1772812005163 0.0377342919819057 16
1772812015685 0.037437833001604304 17
1772812025890 0.04354449998936616 18
1772812036152 0.05257004199665971 19
