1772811731897 0.00025512499269098043 1
1772811741025 0.00016825000056996942 2
1772811750814 0.00018170799012295902 3
1772811760304 0.00014120800187811255 4
1772811776891 0.00015829200856387615 5
1772811786205 0.00017404099344275892 6
1772811796040 0.00018433298100717366 7
1772811805793 0.00016587498248554766 8
1772811815533 0.00019283397705294192 9
1772811828846 0.00014729198301211 10
1772811837940 0.00014012499013915658 11
1772811847078 0.00013854101416654885 12
1772811856656 0.00017100002150982618 13
1772811866102 0.00017020798986777663 14
1772811878952 0.00014716701116412878 15
1772811888292 0.00015608398825861514 16
1772811898119 0.00016645897994749248 17
1772811907597 0.00017704101628623903 18
