1772812359860 8.0 1
1772812369911 8.0 2
1772812379457 8.0 3
1772812388927 8.0 4
1772812404613 8.0 5
1772812414069 8.0 6
1772812423634 8.0 7
1772812433030 8.0 8
1772812442515 8.0 9
1772812455513 8.0 10
1772812464965 8.0 11
1772812474287 8.0 12
1772812483641 8.0 13
1772812493048 8.0 14
1772812506009 8.0 15
1772812515403 8.0 16
1772812524801 8.0 17
1772812534215 8.0 18
1772812543552 8.0 19
1772812556301 8.0 20
1772812579201 8.0 21
1772812589627 8.0 22
1772812600183 8.0 23
1772812610113 8.0 24
1772812626198 8.0 25
1772812636134 8.0 26
1772812646122 8.0 27
1772812656062 8.0 28
1772812665934 8.0 29
1772812679742 8.0 30
1772812696753 8.0 21
1772812706742 8.0 22
1772812716653 8.0 23
1772812726458 8.0 24
1772812742259 8.0 25
1772812752177 8.0 26
1772812762156 8.0 27
1772812772145 8.0 28
1772812782012 8.0 29
1772812795559 8.0 30
1772812812401 8.0 31
1772812822260 8.0 32
1772812832095 8.0 33
1772812841984 8.0 34
1772812857759 8.0 35
1772812867673 8.0 36
1772812877542 8.0 37
1772812887770 8.0 38
1772812897987 8.0 39
1772812911790 8.0 40
1772812929419 8.0 41
1772812939492 8.0 42
1772812949633 8.0 43
1772812959887 8.0 44
1772812976106 8.0 45
1772812986339 8.0 46
1772812996590 8.0 47
1772813006850 8.0 48
1772813017088 8.0 49
1772813030854 8.0 50
1772813048125 8.0 51
1772813058224 8.0 52
1772813068382 8.0 53
1772813078611 8.0 54
1772813094544 8.0 55
1772813104478 8.0 56
1772813114611 8.0 57
1772813124680 8.0 58
1772813134640 8.0 59
1772813148154 8.0 60
1772813158086 8.0 61
1772813167998 8.0 62
1772813177893 8.0 63
1772813187859 8.0 64
1772813201318 8.0 65
1772813211255 8.0 66
1772813221345 8.0 67
1772813231333 8.0 68
1772813241308 8.0 69
1772813254882 8.0 70
1772813271219 8.0 71
1772813281220 8.0 72
1772813291111 8.0 73
1772813300969 8.0 74
1772813316721 8.0 75
1772813326636 8.0 76
1772813336613 8.0 77
1772813346548 8.0 78
1772813356445 8.0 79
1772813369964 8.0 80
1772813386455 8.0 81
1772813396397 8.0 82
1772813406302 8.0 83
1772813416173 8.0 84
1772813431883 8.0 85
1772813441870 8.0 86
1772813451793 8.0 87
1772813461837 8.0 88
1772813471759 8.0 89
1772813485220 8.0 90
1772813495198 8.0 91
1772813505083 8.0 92
1772813515021 8.0 93
1772813524985 8.0 94
1772813537849 8.0 95
1772813547158 8.0 96
1772813556574 8.0 97
1772813565857 8.0 98
1772813575409 8.0 99
1772813588424 8.0 100
