1772812359828 0.0002747272560441051 1
1772812369868 0.00032474060938204473 2
1772812379426 0.0002893025807311958 3
1772812388891 0.00026138472453321584 4
1772812404584 0.0002622799626190663 5
1772812414039 0.00025344050348223557 6
1772812423604 0.0002484752536636879 7
1772812433000 0.0002456348077245569 8
1772812442485 0.000253407920124522 9
1772812455480 0.00025035677934973576 10
1772812464935 0.0002459160547120393 11
1772812474258 0.0002512225771485288 12
1772812483611 0.00024695121831276915 13
1772812493018 0.00025017126075349913 14
1772812505979 0.00025200267071554276 15
1772812515373 0.00025003824720495676 16
1772812524771 0.0002468298301362272 17
1772812534185 0.00025092089377994433 18
1772812543523 0.0002489901970678925 19
1772812556273 0.00025063769716955245 20
1772812579173 0.0002535810416672391 21
1772812589591 0.0002691075746903459 22
1772812600156 0.00026980504127988123 23
1772812610083 0.00025575230349497464 24
1772812626170 0.0002615235653872692 25
1772812636102 0.0002525470861287418 26
1772812646094 0.00025439248727984943 27
1772812656031 0.00026215795337088674 28
1772812665906 0.00025337684682602134 29
1772812679713 0.0002571970135146535 30
1772812696725 0.0002529847787973407 21
1772812706711 0.0002512482012538356 22
1772812716625 0.0002561920347709008 23
1772812726431 0.00025278048780612885 24
1772812742231 0.00026184760014474873 25
1772812752149 0.00025261965646258073 26
1772812762128 0.000253362802408139 27
1772812772118 0.00025702806692508333 28
1772812781984 0.0002552028738778127 29
1772812795532 0.00025668350242341034 30
1772812812373 0.0002532893557001981 31
1772812822231 0.00025235351480499483 32
1772812832064 0.00025756815842204204 33
1772812841957 0.0002709397132455158 34
1772812857731 0.0002634696079960131 35
1772812867645 0.00025155904683577305 36
1772812877515 0.0002505148506712306 37
1772812887742 0.00025252596611759204 38
1772812897959 0.00025783529171239213 39
1772812911764 0.0002571028724627904 40
1772812929392 0.0002590154898122396 41
1772812939466 0.00025971366832574626 42
1772812949607 0.00025732567745924396 43
1772812959860 0.00026196664433711435 44
1772812976081 0.0002625721744349053 45
1772812986312 0.0002601963602598036 46
1772812996564 0.00025905436589972707 47
1772813006823 0.0002605020739220559 48
1772813017059 0.00025823125981010967 49
1772813030827 0.0002626767731830483 50
1772813048099 0.0002558945721210696 51
1772813058193 0.00025014077084841097 52
1772813068354 0.00025424112799280157 53
1772813078580 0.00025999046110036864 54
1772813094517 0.0002551142920576542 55
1772813104449 0.0002541487659925251 56
1772813114586 0.0002431614692176974 57
1772813124653 0.00024542684236452327 58
1772813134614 0.0002480063907698935 59
1772813148112 0.0002466878325891119 60
1772813158060 0.0002550814924632798 61
1772813167971 0.0002445998651456082 62
1772813177867 0.00024414878546250067 63
1772813187833 0.00024534383325224257 64
1772813201290 0.0002461958750524897 65
1772813211227 0.00025313183635678003 66
1772813221318 0.00025390206429871975 67
1772813231306 0.00024625845822667607 68
1772813241281 0.0002480378673246359 69
1772813254855 0.00025294761318132516 70
1772813271192 0.0002499805824252896 71
1772813281192 0.00025539442782494224 72
1772813291083 0.00025184310138890456 73
1772813300940 0.00025343966300782827 74
1772813316693 0.00025624914208145853 75
1772813326604 0.00026169152076306774 76
1772813336585 0.0002573713740186564 77
1772813346518 0.00026869251308701434 78
1772813356417 0.0002584410631035127 79
1772813369935 0.0002643693135898551 80
1772813386427 0.0002539184222881615 81
1772813396369 0.00025169659824798586 82
1772813406273 0.00025590529432853275 83
1772813416145 0.00025347711553840713 84
1772813431855 0.000250920000988694 85
1772813441844 0.0002537767790193555 86
1772813451766 0.0002500503821856243 87
1772813461809 0.0002567462803976431 88
1772813471731 0.00025167636893025125 89
1772813485192 0.0002545553091714503 90
1772813495167 0.00025668716733583753 91
1772813505055 0.00025074194440027783 92
1772813514990 0.0002537695617262027 93
1772813524957 0.00025768967100621323 94
1772813537822 0.00025194329610971674 95
1772813547131 0.0002367178716278323 96
1772813556547 0.00024108591531242206 97
1772813565830 0.0002434620895131843 98
1772813575380 0.0002396660400432308 99
1772813588398 0.0002579148645673456 100
