1772811732034 2.4625012883916497e-05 1
1772811741159 3.9875012589618564e-05 2
1772811750970 4.075001925230026e-05 3
1772811760443 2.4209002731367946e-05 4
1772811777040 2.345800749026239e-05 5
1772811786342 4.216600791551173e-05 6
1772811796174 3.7209014408290386e-05 7
1772811805968 3.0082999728620052e-05 8
1772811815717 3.0499999411404133e-05 9
1772811829003 3.120797919109464e-05 10
1772811838205 2.449998282827437e-05 11
1772811847221 1.7999991541728377e-05 12
1772811856806 1.7250014934688807e-05 13
1772811866240 4.112499300390482e-05 14
1772811879091 2.2957974579185247e-05 15
1772811888434 2.2417021682485938e-05 16
1772811898299 5.1834009354934096e-05 17
1772811907793 3.399999695830047e-05 18
