1772811732035 7.4169947765767574e-06 1
1772811741160 1.1750002158805728e-05 2
1772811750971 6.749993190169334e-06 3
1772811760444 7.333001121878624e-06 4
1772811777042 5.707988748326898e-06 5
1772811786344 5.790992872789502e-06 6
1772811796176 5.374982720240951e-06 7
1772811805970 1.0333023965358734e-05 8
1772811815719 5.792011506855488e-06 9
1772811829005 1.1416996130719781e-05 10
1772811838207 7.499998901039362e-06 11
1772811847222 5.333014996722341e-06 12
1772811856807 5.292007699608803e-06 13
1772811866241 7.208000170066953e-06 14
1772811879092 5.624984623864293e-06 15
1772811888436 5.665991920977831e-06 16
1772811898301 6.332993507385254e-06 17
1772811907794 5.790992872789502e-06 18
