1772811732034 0.10323412501020357 1
1772811741159 0.10208574999705888 2
1772811750970 0.10599470799206756 3
1772811760443 0.10253887498402037 4
1772811777041 0.10495545898447745 5
1772811786343 0.10350845797802322 6
1772811796175 0.10152116598328575 7
1772811805968 0.1035050000064075 8
1772811815718 0.11376350000500679 9
1772811829004 0.10796279201167636 10
1772811838206 0.10226395801873878 11
1772811847221 0.10176320801838301 12
1772811856806 0.10179620797862299 13
1772811866240 0.10263024998130277 14
1772811879091 0.10120274999644607 15
1772811888435 0.1022460000240244 16
1772811898300 0.10363695901469328 17
1772811907793 0.10591587499948218 18
