1772811732033 0.000321083003655076 1
1772811741158 0.0002596669946797192 2
1772811750969 0.0002536249812692404 3
1772811760443 0.00023979198886081576 4
1772811777040 0.00024479100829921663 5
1772811786342 0.00023700000019744039 6
1772811796174 0.00023254100233316422 7
1772811805968 0.00026283299666829407 8
1772811815717 0.00024670801940374076 9
1772811829003 0.000377499993192032 10
1772811838205 0.00022966598044149578 11
1772811847221 0.00022987500415183604 12
1772811856806 0.00022449999232776463 13
1772811866240 0.0002420840028207749 14
1772811879090 0.00023745899670757353 15
1772811888434 0.00027041698922403157 16
1772811898299 0.00022858401644043624 17
1772811907792 0.00025508299586363137 18
1772811917909 0.0002388330176472664 19
1772811931343 0.0002417920040898025 20
1772811955123 0.00022083398653194308 21
1772811966237 0.00027658301405608654 22
1772811976385 0.0002901249972637743 23
1772811986369 0.00024754100013524294 24
1772812001839 0.0002470829931553453 25
1772812012168 0.00026804200024344027 26
1772812022429 0.00029054199694655836 27
1772812032610 0.0002556249964982271 28
1772812042834 0.000277625018497929 29
