1772811732035 0.006907290982780978 1
1772811741160 0.006659458013018593 2
1772811750971 0.006753375026164576 3
1772811760444 0.006884208007249981 4
1772811777041 0.006889707990922034 5
1772811786343 0.006772166001610458 6
1772811796175 0.006642833002842963 7
1772811805969 0.006862832990009338 8
1772811815718 0.007080125011270866 9
1772811829004 0.007426541007589549 10
1772811838206 0.006593541998881847 11
1772811847222 0.0065521670039743185 12
1772811856807 0.006573292019311339 13
1772811866241 0.006682709004962817 14
1772811879092 0.006540583010064438 15
1772811888435 0.006533167004818097 16
1772811898300 0.006635624973569065 17
1772811907794 0.007064749981509522 18
