1772811732035 0.18074924999382347 1
1772811741160 0.22049979199073277 2
1772811750971 0.19534929198562168 3
1772811760444 0.1830029170087073 4
1772811777042 0.20776183297857642 5
1772811786344 0.2286034999997355 6
1772811796176 0.20136170799378306 7
1772811805970 0.20871008399990387 8
1772811815719 0.2358408750151284 9
1772811829004 0.2276373750064522 10
1772811838206 0.09175354198669083 11
1772811847222 0.09159908298170194 12
1772811856807 0.19195908299298026 13
1772811866241 0.228928167023696 14
1772811879092 0.19441070800530724 15
1772811888436 0.1937301669968292 16
1772811898301 0.2033558749826625 17
1772811907794 0.24667674998636357 18
