1772811732034 0.044549374986672774 1
1772811741159 0.0438481250021141 2
1772811750970 0.039123250026023015 3
1772811760444 0.03721095799119212 4
1772811777041 0.039843334001488984 5
1772811786343 0.042406166990986094 6
1772811796175 0.03620683398912661 7
1772811805969 0.03802141599589959 8
1772811815718 0.045057207986246794 9
1772811829004 0.0389863750024233 10
1772811838206 0.03785079199587926 11
1772811847222 0.03657791600562632 12
1772811856806 0.037001708027673885 13
1772811866240 0.03805854098754935 14
1772811879091 0.03680795800755732 15
1772811888435 0.03726474998984486 16
1772811898300 0.041757875005714595 17
1772811907793 0.03873816700070165 18
1772811917911 0.03926391701679677 19
1772811931344 0.041176042024744675 20
1772811955125 0.045580249978229403 21
1772811966239 0.04531412501819432 22
1772811976386 0.04527029098244384 23
1772811986371 0.03645037501701154 24
1772812001841 0.03603808302432299 25
1772812012169 0.038602457992965356 26
1772812022430 0.04656349998549558 27
1772812032612 0.035973124991869554 28
1772812042836 0.03846945901750587 29
