1772811732033 0.00020883401157334447 1
1772811741158 0.000144416990224272 2
1772811750969 0.00014208399807102978 3
1772811760442 0.00013025000225752592 4
1772811777040 0.0001404999929945916 5
1772811786342 0.00014887499855831265 6
1772811796174 0.0001387499796692282 7
1772811805967 0.00013641599798575044 8
1772811815717 0.00015279199578799307 9
1772811829003 0.00016483297804370522 10
1772811838205 0.00013404100900515914 11
1772811847220 0.00012541600153781474 12
1772811856805 0.00012125002103857696 13
1772811866239 0.00013070899876765907 14
1772811879090 0.00014012499013915658 15
1772811888434 0.00012566702207550406 16
1772811898299 0.00015837501268833876 17
1772811907792 0.00015604199143126607 18
