1772811731834 0.0 1
1772811740959 0.0 2
1772811750750 0.0 3
1772811760241 0.0 4
1772811776835 0.0 5
1772811786142 0.0 6
1772811795979 0.0 7
1772811805712 0.0 8
1772811815473 0.0 9
1772811828789 0.0 10
1772811837877 0.0 11
1772811847018 0.0 12
1772811856592 0.0 13
1772811866043 0.0 14
1772811878894 0.0 15
1772811888228 0.0 16
1772811898056 0.0 17
1772811907530 0.0 18
1772811917500 0.0 19
1772811931059 0.0 20
1772811948579 0.0 11
1772811958716 0.0 12
1772811969722 0.0 13
1772811979615 0.0 14
1772811995394 0.0 15
1772812005104 0.0 16
1772812015624 0.0 17
1772812025828 0.0 18
1772812036087 0.0 19
