1772811731838 -1.0 1
1772811740963 -1.0 2
1772811750754 -1.0 3
1772811760244 -1.0 4
1772811776837 -1.0 5
1772811786145 -1.0 6
1772811795983 -1.0 7
1772811805716 -1.0 8
1772811815476 -1.0 9
1772811828792 -1.0 10
1772811837881 -1.0 11
1772811847022 -1.0 12
1772811856595 -1.0 13
1772811866046 -1.0 14
1772811878897 -1.0 15
1772811888232 -1.0 16
1772811898060 -1.0 17
1772811907533 -1.0 18
1772811917507 -1.0 19
1772811931062 -1.0 20
1772811948583 -1.0 11
1772811958719 -1.0 12
1772811969726 -1.0 13
1772811979618 -1.0 14
1772811995398 -1.0 15
1772812005107 -1.0 16
1772812015628 -1.0 17
1772812025832 -1.0 18
1772812036091 -1.0 19
