1772811731842 0.0 1
1772811740967 0.0 2
1772811750758 0.0 3
1772811760249 0.0 4
1772811776841 0.0 5
1772811786149 0.0 6
1772811795987 0.0 7
1772811805720 0.0 8
1772811815480 0.0 9
1772811828796 0.0 10
1772811837885 0.0 11
1772811847025 0.0 12
1772811856599 0.0 13
1772811866050 0.0 14
1772811878901 0.0 15
1772811888236 0.0 16
1772811898064 0.0 17
1772811907537 0.0 18
1772811917514 0.0 19
1772811931066 0.0 20
1772811948586 0.0 11
1772811958725 0.0 12
1772811969729 0.0 13
1772811979622 0.0 14
1772811995401 0.0 15
1772812005111 0.0 16
1772812015633 0.0 17
1772812025836 0.0 18
1772812036095 0.0 19
