1772811731803 0.0 1
1772811740930 0.0 2
1772811750711 0.0 3
1772811760212 0.0 4
1772811776808 0.0 5
1772811786113 0.0 6
1772811795951 0.0 7
1772811805681 0.0 8
1772811815444 0.0 9
1772811828762 0.0 10
1772811837849 0.0 11
1772811846991 0.0 12
1772811856563 0.0 13
1772811866015 0.0 14
1772811878868 0.0 15
1772811888200 0.0 16
1772811898027 0.0 17
1772811907501 0.0 18
1772811917470 0.0 19
1772811931033 0.0 20
1772811948550 0.0 11
1772811958683 0.0 12
1772811969695 0.0 13
1772811979583 0.0 14
1772811995366 0.0 15
1772812005072 0.0 16
1772812015595 0.0 17
1772812025795 0.0 18
1772812036058 0.0 19
