1772811731801 20.0 1
1772811740928 20.0 2
1772811750709 20.0 3
1772811760210 20.0 4
1772811776806 20.0 5
1772811786112 20.0 6
1772811795949 20.0 7
1772811805679 20.0 8
1772811815443 20.0 9
1772811828760 20.0 10
1772811837847 20.0 11
1772811846989 20.0 12
1772811856562 20.0 13
1772811866013 20.0 14
1772811878866 20.0 15
1772811888198 20.0 16
1772811898025 20.0 17
1772811907499 20.0 18
1772811917468 20.0 19
1772811931031 20.0 20
1772811948548 20.0 11
1772811958681 20.0 12
1772811969693 20.0 13
1772811979582 20.0 14
1772811995365 20.0 15
1772812005071 20.0 16
1772812015594 20.0 17
1772812025793 20.0 18
1772812036056 20.0 19
