1772811731840 0.0 1
1772811740965 0.0 2
1772811750756 0.0 3
1772811760247 0.0 4
1772811776840 0.0 5
1772811786147 0.0 6
1772811795985 0.0 7
1772811805719 0.0 8
1772811815479 0.0 9
1772811828794 0.0 10
1772811837883 0.0 11
1772811847024 0.0 12
1772811856597 0.0 13
1772811866048 0.0 14
1772811878900 0.0 15
1772811888234 0.0 16
1772811898062 0.0 17
1772811907535 0.0 18
1772811917512 0.0 19
1772811931065 0.0 20
1772811948585 0.0 11
1772811958722 0.0 12
1772811969728 0.0 13
1772811979621 0.0 14
1772811995400 0.0 15
1772812005110 0.0 16
1772812015631 0.0 17
1772812025834 0.0 18
1772812036093 0.0 19
