1772811731833 1800.0 1
1772811740957 1800.0 2
1772811750744 1800.0 3
1772811760240 1800.0 4
1772811776833 1800.0 5
1772811786140 1800.0 6
1772811795978 1800.0 7
1772811805710 1800.0 8
1772811815472 1800.0 9
1772811828788 1800.0 10
1772811837876 1800.0 11
1772811847017 1800.0 12
1772811856590 1800.0 13
1772811866041 1800.0 14
1772811878893 1800.0 15
1772811888227 1800.0 16
1772811898055 1800.0 17
1772811907528 1800.0 18
1772811917499 1800.0 19
1772811931058 1800.0 20
1772811948578 1800.0 11
1772811958715 1800.0 12
1772811969721 1800.0 13
1772811979610 1800.0 14
1772811995393 1800.0 15
1772812005102 1800.0 16
1772812015623 1800.0 17
1772812025823 1800.0 18
1772812036086 1800.0 19
