1772811731833 30.0 1
1772811740957 30.0 2
1772811750744 30.0 3
1772811760239 30.0 4
1772811776833 30.0 5
1772811786140 30.0 6
1772811795978 30.0 7
1772811805710 30.0 8
1772811815471 30.0 9
1772811828787 30.0 10
1772811837876 30.0 11
1772811847017 30.0 12
1772811856590 30.0 13
1772811866041 30.0 14
1772811878893 30.0 15
1772811888226 30.0 16
1772811898055 30.0 17
1772811907528 30.0 18
1772811917498 30.0 19
1772811931058 30.0 20
1772811948577 30.0 11
1772811958714 30.0 12
1772811969721 30.0 13
1772811979610 30.0 14
1772811995393 30.0 15
1772812005102 30.0 16
1772812015623 30.0 17
1772812025822 30.0 18
1772812036086 30.0 19
