1772811731807 1.0 1
1772811740934 1.0 2
1772811750715 1.0 3
1772811760216 1.0 4
1772811776811 1.0 5
1772811786117 1.0 6
1772811795954 1.0 7
1772811805685 1.0 8
1772811815448 1.0 9
1772811828766 1.0 10
1772811837853 1.0 11
1772811846995 1.0 12
1772811856567 1.0 13
1772811866019 1.0 14
1772811878871 1.0 15
1772811888204 1.0 16
1772811898031 1.0 17
1772811907505 1.0 18
1772811917474 1.0 19
1772811931036 1.0 20
1772811948554 1.0 11
1772811958687 1.0 12
1772811969698 1.0 13
1772811979587 1.0 14
1772811995370 1.0 15
1772812005076 1.0 16
1772812015599 1.0 17
1772812025799 1.0 18
1772812036061 1.0 19
