1772811731812 0.99 1
1772811740938 0.99 2
1772811750720 0.99 3
1772811760220 0.99 4
1772811776815 0.99 5
1772811786121 0.99 6
1772811795958 0.99 7
1772811805689 0.99 8
1772811815452 0.99 9
1772811828769 0.99 10
1772811837857 0.99 11
1772811846998 0.99 12
1772811856571 0.99 13
1772811866022 0.99 14
1772811878875 0.99 15
1772811888208 0.99 16
1772811898035 0.99 17
1772811907508 0.99 18
1772811917478 0.99 19
1772811931040 0.99 20
1772811948558 1.188 11
1772811958691 1.188 12
1772811969702 1.188 13
1772811979591 1.188 14
1772811995374 1.188 15
1772812005080 1.188 16
1772812015603 1.188 17
1772812025803 1.188 18
1772812036066 1.188 19
