1772811731817 0.0 1
1772811740943 0.0 2
1772811750725 0.0 3
1772811760225 0.0 4
1772811776819 0.0 5
1772811786125 0.0 6
1772811795963 0.0 7
1772811805694 0.0 8
1772811815457 0.0 9
1772811828774 0.0 10
1772811837862 0.0 11
1772811847003 0.0 12
1772811856576 0.0 13
1772811866027 0.0 14
1772811878879 0.0 15
1772811888212 0.0 16
1772811898040 0.0 17
1772811907513 0.0 18
1772811917482 0.0 19
1772811931044 0.0 20
1772811948563 0.0 11
1772811958695 0.0 12
1772811969706 0.0 13
1772811979595 0.0 14
1772811995379 0.0 15
1772812005085 0.0 16
1772812015608 0.0 17
1772812025807 0.0 18
1772812036070 0.0 19
