1772811731828 0.0 1
1772811740953 0.0 2
1772811750736 0.0 3
1772811760235 0.0 4
1772811776829 0.0 5
1772811786136 0.0 6
1772811795974 0.0 7
1772811805705 0.0 8
1772811815467 0.0 9
1772811828783 0.0 10
1772811837872 0.0 11
1772811847013 0.0 12
1772811856586 0.0 13
1772811866037 0.0 14
1772811878889 0.0 15
1772811888222 0.0 16
1772811898050 0.0 17
1772811907523 0.0 18
1772811917493 0.0 19
1772811931054 0.0 20
1772811948573 0.0 11
1772811958710 0.0 12
1772811969716 0.0 13
1772811979605 0.0 14
1772811995388 0.0 15
1772812005098 0.0 16
1772812015618 0.0 17
1772812025818 0.0 18
1772812036081 0.0 19
