1772811731840 0.2 1
1772811740965 0.2 2
1772811750756 0.2 3
1772811760246 0.2 4
1772811776839 0.2 5
1772811786146 0.2 6
1772811795984 0.2 7
1772811805718 0.2 8
1772811815478 0.2 9
1772811828794 0.2 10
1772811837882 0.2 11
1772811847023 0.2 12
1772811856596 0.2 13
1772811866047 0.2 14
1772811878899 0.2 15
1772811888233 0.2 16
1772811898061 0.2 17
1772811907535 0.2 18
1772811917511 0.2 19
1772811931064 0.2 20
1772811948584 0.2 11
1772811958721 0.2 12
1772811969727 0.2 13
1772811979620 0.2 14
1772811995399 0.2 15
1772812005109 0.2 16
1772812015630 0.2 17
1772812025833 0.2 18
1772812036092 0.2 19
