1772811731840 0.01 1
1772811740965 0.01 2
1772811750756 0.01 3
1772811760247 0.01 4
1772811776839 0.01 5
1772811786147 0.01 6
1772811795984 0.01 7
1772811805718 0.01 8
1772811815478 0.01 9
1772811828794 0.01 10
1772811837883 0.01 11
1772811847023 0.01 12
1772811856597 0.01 13
1772811866048 0.01 14
1772811878899 0.01 15
1772811888233 0.01 16
1772811898062 0.01 17
1772811907535 0.01 18
1772811917511 0.01 19
1772811931064 0.01 20
1772811948584 0.01 11
1772811958722 0.01 12
1772811969727 0.01 13
1772811979620 0.01 14
1772811995399 0.01 15
1772812005109 0.01 16
1772812015630 0.01 17
1772812025834 0.01 18
1772812036093 0.01 19
