1772811731830 1.0 1
1772811740955 1.0 2
1772811750741 1.0 3
1772811760237 1.0 4
1772811776831 1.0 5
1772811786138 1.0 6
1772811795976 1.0 7
1772811805708 1.0 8
1772811815469 1.0 9
1772811828785 1.0 10
1772811837874 1.0 11
1772811847015 1.0 12
1772811856588 1.0 13
1772811866039 1.0 14
1772811878891 1.0 15
1772811888224 1.0 16
1772811898052 1.0 17
1772811907526 1.0 18
1772811917496 1.0 19
1772811931056 1.0 20
1772811948575 1.0 11
1772811958712 1.0 12
1772811969719 1.0 13
1772811979607 1.0 14
1772811995391 1.0 15
1772812005100 1.0 16
1772812015621 1.0 17
1772812025820 1.0 18
1772812036083 1.0 19
