1772811731812 5e-05 1
1772811740938 5e-05 2
1772811750720 5e-05 3
1772811760220 5e-05 4
1772811776815 5e-05 5
1772811786121 5e-05 6
1772811795959 5e-05 7
1772811805690 5e-05 8
1772811815452 5e-05 9
1772811828769 5e-05 10
1772811837857 5e-05 11
1772811846999 5e-05 12
1772811856572 5e-05 13
1772811866022 5e-05 14
1772811878875 5e-05 15
1772811888208 5e-05 16
1772811898035 5e-05 17
1772811907509 5e-05 18
1772811917478 5e-05 19
1772811931040 5e-05 20
1772811948558 6e-05 11
1772811958691 6e-05 12
1772811969702 6e-05 13
1772811979591 6e-05 14
1772811995374 6e-05 15
1772812005080 6e-05 16
1772812015604 6e-05 17
1772812025803 6e-05 18
1772812036066 6e-05 19
