1772811731816 0.0 1
1772811740942 0.0 2
1772811750724 0.0 3
1772811760224 0.0 4
1772811776819 0.0 5
1772811786125 0.0 6
1772811795963 0.0 7
1772811805693 0.0 8
1772811815456 0.0 9
1772811828773 0.0 10
1772811837861 0.0 11
1772811847002 0.0 12
1772811856575 0.0 13
1772811866026 0.0 14
1772811878879 0.0 15
1772811888212 0.0 16
1772811898039 0.0 17
1772811907512 0.0 18
1772811917482 0.0 19
1772811931044 0.0 20
1772811948562 0.0 11
1772811958695 0.0 12
1772811969706 0.0 13
1772811979595 0.0 14
1772811995378 0.0 15
1772812005084 0.0 16
1772812015608 0.0 17
1772812025807 0.0 18
1772812036070 0.0 19
