1772811731817 1.0 1
1772811740942 1.0 2
1772811750724 1.0 3
1772811760225 1.0 4
1772811776819 1.0 5
1772811786125 1.0 6
1772811795963 1.0 7
1772811805694 1.0 8
1772811815457 1.0 9
1772811828774 1.0 10
1772811837862 1.0 11
1772811847003 1.0 12
1772811856576 1.0 13
1772811866027 1.0 14
1772811878879 1.0 15
1772811888212 1.0 16
1772811898040 1.0 17
1772811907512 1.0 18
1772811917482 1.0 19
1772811931044 1.0 20
1772811948563 1.0 11
1772811958695 1.0 12
1772811969706 1.0 13
1772811979595 1.0 14
1772811995378 1.0 15
1772812005084 1.0 16
1772812015608 1.0 17
1772812025807 1.0 18
1772812036070 1.0 19
