1772811731811 3.0 1
1772811740937 3.0 2
1772811750719 3.0 3
1772811760219 3.0 4
1772811776814 3.0 5
1772811786120 3.0 6
1772811795957 3.0 7
1772811805688 3.0 8
1772811815451 3.0 9
1772811828768 3.0 10
1772811837856 3.0 11
1772811846998 3.0 12
1772811856570 3.0 13
1772811866021 3.0 14
1772811878874 3.0 15
1772811888207 3.0 16
1772811898034 3.0 17
1772811907508 3.0 18
1772811917477 3.0 19
1772811931039 3.0 20
1772811948557 3.0 11
1772811958690 3.0 12
1772811969701 3.0 13
1772811979590 3.0 14
1772811995373 3.0 15
1772812005079 3.0 16
1772812015602 3.0 17
1772812025802 3.0 18
1772812036065 3.0 19
