1772811731806 1.0 1
1772811740933 1.0 2
1772811750714 1.0 3
1772811760215 1.0 4
1772811776810 1.0 5
1772811786116 1.0 6
1772811795953 1.0 7
1772811805683 1.0 8
1772811815447 1.0 9
1772811828764 1.0 10
1772811837852 1.0 11
1772811846993 1.0 12
1772811856566 1.0 13
1772811866017 1.0 14
1772811878870 1.0 15
1772811888202 1.0 16
1772811898029 1.0 17
1772811907503 1.0 18
1772811917473 1.0 19
1772811931035 1.0 20
1772811948552 1.0 11
1772811958686 1.0 12
1772811969697 1.0 13
1772811979586 1.0 14
1772811995369 1.0 15
1772812005075 1.0 16
1772812015598 1.0 17
1772812025797 1.0 18
1772812036060 1.0 19
