1772811731811 3.0 1
1772811740938 3.0 2
1772811750719 3.0 3
1772811760220 3.0 4
1772811776815 3.0 5
1772811786120 3.0 6
1772811795958 3.0 7
1772811805689 3.0 8
1772811815452 3.0 9
1772811828769 3.0 10
1772811837857 3.0 11
1772811846998 3.0 12
1772811856571 3.0 13
1772811866022 3.0 14
1772811878874 3.0 15
1772811888207 3.0 16
1772811898035 3.0 17
1772811907508 3.0 18
1772811917477 3.0 19
1772811931040 3.0 20
1772811948558 3.0 11
1772811958691 3.0 12
1772811969702 3.0 13
1772811979591 3.0 14
1772811995374 3.0 15
1772812005080 3.0 16
1772812015603 3.0 17
1772812025802 3.0 18
1772812036065 3.0 19
