1772811731829 100.0 1
1772811740953 100.0 2
1772811750738 100.0 3
1772811760235 100.0 4
1772811776830 100.0 5
1772811786136 100.0 6
1772811795974 100.0 7
1772811805706 100.0 8
1772811815468 100.0 9
1772811828784 100.0 10
1772811837872 100.0 11
1772811847013 100.0 12
1772811856586 100.0 13
1772811866037 100.0 14
1772811878889 100.0 15
1772811888223 100.0 16
1772811898051 100.0 17
1772811907524 100.0 18
1772811917494 100.0 19
1772811931054 100.0 20
1772811948574 100.0 11
1772811958710 100.0 12
1772811969717 100.0 13
1772811979606 100.0 14
1772811995389 100.0 15
1772812005098 100.0 16
1772812015619 100.0 17
1772812025818 100.0 18
1772812036082 100.0 19
