1772811731802 1.0 1
1772811740929 1.0 2
1772811750711 1.0 3
1772811760211 1.0 4
1772811776807 1.0 5
1772811786113 1.0 6
1772811795950 1.0 7
1772811805680 1.0 8
1772811815444 1.0 9
1772811828762 1.0 10
1772811837848 1.0 11
1772811846990 1.0 12
1772811856563 1.0 13
1772811866014 1.0 14
1772811878867 1.0 15
1772811888199 1.0 16
1772811898026 1.0 17
1772811907500 1.0 18
1772811917469 1.0 19
1772811931032 1.0 20
1772811948549 1.0 11
1772811958682 1.0 12
1772811969694 1.0 13
1772811979583 1.0 14
1772811995366 1.0 15
1772812005072 1.0 16
1772812015595 1.0 17
1772812025794 1.0 18
1772812036057 1.0 19
