1772811731832 100.0 1
1772811740957 100.0 2
1772811750744 100.0 3
1772811760239 100.0 4
1772811776833 100.0 5
1772811786140 100.0 6
1772811795978 100.0 7
1772811805710 100.0 8
1772811815471 100.0 9
1772811828787 100.0 10
1772811837876 100.0 11
1772811847017 100.0 12
1772811856590 100.0 13
1772811866041 100.0 14
1772811878892 100.0 15
1772811888226 100.0 16
1772811898054 100.0 17
1772811907528 100.0 18
1772811917498 100.0 19
1772811931057 100.0 20
1772811948577 100.0 11
1772811958714 100.0 12
1772811969720 100.0 13
1772811979609 100.0 14
1772811995393 100.0 15
1772812005102 100.0 16
1772812015623 100.0 17
1772812025822 100.0 18
1772812036085 100.0 19
