1772811731803 2.0 1
1772811740931 2.0 2
1772811750712 2.0 3
1772811760212 2.0 4
1772811776808 2.0 5
1772811786114 2.0 6
1772811795951 2.0 7
1772811805682 2.0 8
1772811815445 2.0 9
1772811828763 2.0 10
1772811837850 2.0 11
1772811846992 2.0 12
1772811856564 2.0 13
1772811866015 2.0 14
1772811878868 2.0 15
1772811888200 2.0 16
1772811898027 2.0 17
1772811907501 2.0 18
1772811917470 2.0 19
1772811931033 2.0 20
1772811948551 2.0 11
1772811958683 2.0 12
1772811969695 2.0 13
1772811979584 2.0 14
1772811995367 2.0 15
1772812005073 2.0 16
1772812015596 2.0 17
1772812025795 2.0 18
1772812036058 2.0 19
