1772811731805 0.0 1
1772811740932 0.0 2
1772811750713 0.0 3
1772811760214 0.0 4
1772811776809 0.0 5
1772811786115 0.0 6
1772811795952 0.0 7
1772811805683 0.0 8
1772811815446 0.0 9
1772811828764 0.0 10
1772811837851 0.0 11
1772811846993 0.0 12
1772811856565 0.0 13
1772811866016 0.0 14
1772811878869 0.0 15
1772811888201 0.0 16
1772811898028 0.0 17
1772811907502 0.0 18
1772811917472 0.0 19
1772811931034 0.0 20
1772811948552 0.0 11
1772811958685 0.0 12
1772811969696 0.0 13
1772811979585 0.0 14
1772811995368 0.0 15
1772812005074 0.0 16
1772812015597 0.0 17
1772812025796 0.0 18
1772812036059 0.0 19
