1772811731810 0.0 1
1772811740936 0.0 2
1772811750718 0.0 3
1772811760218 0.0 4
1772811776813 0.0 5
1772811786119 0.0 6
1772811795957 0.0 7
1772811805687 0.0 8
1772811815450 0.0 9
1772811828768 0.0 10
1772811837856 0.0 11
1772811846997 0.0 12
1772811856569 0.0 13
1772811866021 0.0 14
1772811878873 0.0 15
1772811888206 0.0 16
1772811898033 0.0 17
1772811907507 0.0 18
1772811917476 0.0 19
1772811931038 0.0 20
1772811948556 0.0 11
1772811958689 0.0 12
1772811969700 0.0 13
1772811979589 0.0 14
1772811995372 0.0 15
1772812005078 0.0 16
1772812015601 0.0 17
1772812025801 0.0 18
1772812036064 0.0 19
