1772811731813 30.0 1
1772811740939 30.0 2
1772811750720 30.0 3
1772811760221 30.0 4
1772811776816 30.0 5
1772811786122 30.0 6
1772811795959 30.0 7
1772811805690 30.0 8
1772811815453 30.0 9
1772811828770 30.0 10
1772811837858 30.0 11
1772811846999 30.0 12
1772811856572 30.0 13
1772811866023 30.0 14
1772811878875 30.0 15
1772811888208 30.0 16
1772811898036 30.0 17
1772811907509 30.0 18
1772811917478 30.0 19
1772811931041 30.0 20
1772811948559 30.0 11
1772811958692 30.0 12
1772811969703 30.0 13
1772811979592 30.0 14
1772811995375 30.0 15
1772812005081 30.0 16
1772812015604 30.0 17
1772812025803 30.0 18
1772812036067 30.0 19
