1772811731804 1.0 1
1772811740931 1.0 2
1772811750713 1.0 3
1772811760213 1.0 4
1772811776809 1.0 5
1772811786114 1.0 6
1772811795952 1.0 7
1772811805682 1.0 8
1772811815446 1.0 9
1772811828763 1.0 10
1772811837850 1.0 11
1772811846992 1.0 12
1772811856564 1.0 13
1772811866016 1.0 14
1772811878869 1.0 15
1772811888201 1.0 16
1772811898028 1.0 17
1772811907502 1.0 18
1772811917471 1.0 19
1772811931034 1.0 20
1772811948551 1.0 11
1772811958684 1.0 12
1772811969696 1.0 13
1772811979584 1.0 14
1772811995367 1.0 15
1772812005073 1.0 16
1772812015597 1.0 17
1772812025796 1.0 18
1772812036059 1.0 19
