1772811731811 0.0 1
1772811740937 0.0 2
1772811750718 0.0 3
1772811760219 0.0 4
1772811776814 0.0 5
1772811786120 0.0 6
1772811795957 0.0 7
1772811805688 0.0 8
1772811815451 0.0 9
1772811828768 0.0 10
1772811837856 0.0 11
1772811846997 0.0 12
1772811856570 0.0 13
1772811866021 0.0 14
1772811878874 0.0 15
1772811888206 0.0 16
1772811898034 0.0 17
1772811907507 0.0 18
1772811917477 0.0 19
1772811931039 0.0 20
1772811948557 0.0 11
1772811958690 0.0 12
1772811969701 0.0 13
1772811979590 0.0 14
1772811995373 0.0 15
1772812005079 0.0 16
1772812015602 0.0 17
1772812025802 0.0 18
1772812036064 0.0 19
