1772811731800 1.0 1
1772811740927 1.0 2
1772811750709 1.0 3
1772811760209 1.0 4
1772811776806 1.0 5
1772811786111 1.0 6
1772811795948 1.0 7
1772811805679 1.0 8
1772811815442 1.0 9
1772811828760 1.0 10
1772811837847 1.0 11
1772811846989 1.0 12
1772811856561 1.0 13
1772811866012 1.0 14
1772811878866 1.0 15
1772811888197 1.0 16
1772811898025 1.0 17
1772811907499 1.0 18
1772811917467 1.0 19
1772811931031 1.0 20
1772811948548 1.0 11
1772811958681 1.0 12
1772811969693 1.0 13
1772811979581 1.0 14
1772811995364 1.0 15
1772812005070 1.0 16
1772812015593 1.0 17
1772812025793 1.0 18
1772812036055 1.0 19
