1772811731815 100.0 1
1772811740941 100.0 2
1772811750723 100.0 3
1772811760223 100.0 4
1772811776818 100.0 5
1772811786123 100.0 6
1772811795961 100.0 7
1772811805692 100.0 8
1772811815455 100.0 9
1772811828772 100.0 10
1772811837860 100.0 11
1772811847001 100.0 12
1772811856574 100.0 13
1772811866025 100.0 14
1772811878877 100.0 15
1772811888210 100.0 16
1772811898038 100.0 17
1772811907511 100.0 18
1772811917480 100.0 19
1772811931042 100.0 20
1772811948561 100.0 11
1772811958693 100.0 12
1772811969705 100.0 13
1772811979594 100.0 14
1772811995377 100.0 15
1772812005083 100.0 16
1772812015606 100.0 17
1772812025805 100.0 18
1772812036068 100.0 19
