1772811731815 0.0 1
1772811740941 0.0 2
1772811750723 0.0 3
1772811760223 0.0 4
1772811776818 0.0 5
1772811786124 0.0 6
1772811795961 0.0 7
1772811805692 0.0 8
1772811815455 0.0 9
1772811828772 0.0 10
1772811837860 0.0 11
1772811847001 0.0 12
1772811856574 0.0 13
1772811866025 0.0 14
1772811878878 0.0 15
1772811888210 0.0 16
1772811898038 0.0 17
1772811907511 0.0 18
1772811917481 0.0 19
1772811931043 0.0 20
1772811948561 0.0 11
1772811958694 0.0 12
1772811969705 0.0 13
1772811979594 0.0 14
1772811995377 0.0 15
1772812005083 0.0 16
1772812015606 0.0 17
1772812025806 0.0 18
1772812036069 0.0 19
