1772811731818 0.0 1
1772811740944 0.0 2
1772811750726 0.0 3
1772811760226 0.0 4
1772811776820 0.0 5
1772811786127 0.0 6
1772811795965 0.0 7
1772811805696 0.0 8
1772811815458 0.0 9
1772811828775 0.0 10
1772811837863 0.0 11
1772811847004 0.0 12
1772811856577 0.0 13
1772811866028 0.0 14
1772811878880 0.0 15
1772811888213 0.0 16
1772811898041 0.0 17
1772811907514 0.0 18
1772811917483 0.0 19
1772811931045 0.0 20
1772811948564 0.0 11
1772811958697 0.0 12
1772811969707 0.0 13
1772811979596 0.0 14
1772811995380 0.0 15
1772812005086 0.0 16
1772812015609 0.0 17
1772812025808 0.0 18
1772812036072 0.0 19
