1772811731817 10.0 1
1772811740943 10.0 2
1772811750725 10.0 3
1772811760225 10.0 4
1772811776820 10.0 5
1772811786126 10.0 6
1772811795964 10.0 7
1772811805695 10.0 8
1772811815457 10.0 9
1772811828774 10.0 10
1772811837862 10.0 11
1772811847003 10.0 12
1772811856576 10.0 13
1772811866027 10.0 14
1772811878879 10.0 15
1772811888212 10.0 16
1772811898040 10.0 17
1772811907513 10.0 18
1772811917483 10.0 19
1772811931045 10.0 20
1772811948563 10.0 11
1772811958696 10.0 12
1772811969707 10.0 13
1772811979596 10.0 14
1772811995379 10.0 15
1772812005085 10.0 16
1772812015608 10.0 17
1772812025808 10.0 18
1772812036071 10.0 19
