1772811731808 0.0 1
1772811740935 0.0 2
1772811750716 0.0 3
1772811760217 0.0 4
1772811776812 0.0 5
1772811786118 0.0 6
1772811795955 0.0 7
1772811805686 0.0 8
1772811815449 0.0 9
1772811828766 0.0 10
1772811837854 0.0 11
1772811846995 0.0 12
1772811856568 0.0 13
1772811866019 0.0 14
1772811878872 0.0 15
1772811888204 0.0 16
1772811898031 0.0 17
1772811907505 0.0 18
1772811917475 0.0 19
1772811931037 0.0 20
1772811948554 0.0 11
1772811958687 0.0 12
1772811969699 0.0 13
1772811979588 0.0 14
1772811995371 0.0 15
1772812005077 0.0 16
1772812015600 0.0 17
1772812025799 0.0 18
1772812036062 0.0 19
