1772811731832 0.0 1
1772811740957 0.0 2
1772811750743 0.0 3
1772811760239 0.0 4
1772811776832 0.0 5
1772811786139 0.0 6
1772811795977 0.0 7
1772811805710 0.0 8
1772811815471 0.0 9
1772811828787 0.0 10
1772811837875 0.0 11
1772811847016 0.0 12
1772811856590 0.0 13
1772811866041 0.0 14
1772811878892 0.0 15
1772811888226 0.0 16
1772811898054 0.0 17
1772811907527 0.0 18
1772811917497 0.0 19
1772811931057 0.0 20
1772811948577 0.0 11
1772811958714 0.0 12
1772811969720 0.0 13
1772811979609 0.0 14
1772811995392 0.0 15
1772812005102 0.0 16
1772812015622 0.0 17
1772812025822 0.0 18
1772812036085 0.0 19
