1772811731806 60.0 1
1772811740933 60.0 2
1772811750714 60.0 3
1772811760215 60.0 4
1772811776810 60.0 5
1772811786116 60.0 6
1772811795953 60.0 7
1772811805684 60.0 8
1772811815447 60.0 9
1772811828765 60.0 10
1772811837852 60.0 11
1772811846994 60.0 12
1772811856566 60.0 13
1772811866018 60.0 14
1772811878870 60.0 15
1772811888203 60.0 16
1772811898029 60.0 17
1772811907503 60.0 18
1772811917473 60.0 19
1772811931035 60.0 20
1772811948553 60.0 11
1772811958686 60.0 12
1772811969697 60.0 13
1772811979586 60.0 14
1772811995369 60.0 15
1772812005075 60.0 16
1772812015598 60.0 17
1772812025798 60.0 18
1772812036060 60.0 19
