1772811731813 1.0 1
1772811740940 1.0 2
1772811750721 1.0 3
1772811760222 1.0 4
1772811776816 1.0 5
1772811786122 1.0 6
1772811795960 1.0 7
1772811805691 1.0 8
1772811815453 1.0 9
1772811828770 1.0 10
1772811837859 1.0 11
1772811847000 1.0 12
1772811856573 1.0 13
1772811866024 1.0 14
1772811878876 1.0 15
1772811888209 1.0 16
1772811898036 1.0 17
1772811907510 1.0 18
1772811917479 1.0 19
1772811931041 1.0 20
1772811948560 1.0 11
1772811958692 1.0 12
1772811969703 1.0 13
1772811979592 1.0 14
1772811995375 1.0 15
1772812005081 1.0 16
1772812015605 1.0 17
1772812025804 1.0 18
1772812036067 1.0 19
