1772811731801 0.0 1
1772811740929 0.0 2
1772811750710 0.0 3
1772811760211 0.0 4
1772811776807 0.0 5
1772811786112 0.0 6
1772811795950 0.0 7
1772811805680 0.0 8
1772811815443 0.0 9
1772811828761 0.0 10
1772811837848 0.0 11
1772811846990 0.0 12
1772811856562 0.0 13
1772811866013 0.0 14
1772811878867 0.0 15
1772811888199 0.0 16
1772811898026 0.0 17
1772811907500 0.0 18
1772811917469 0.0 19
1772811931032 0.0 20
1772811948549 0.0 11
1772811958682 0.0 12
1772811969694 0.0 13
1772811979582 0.0 14
1772811995365 0.0 15
1772812005071 0.0 16
1772812015594 0.0 17
1772812025794 0.0 18
1772812036057 0.0 19
