1772811731812 4000.0 1
1772811740939 4000.0 2
1772811750720 4000.0 3
1772811760221 4000.0 4
1772811776815 4000.0 5
1772811786121 4000.0 6
1772811795959 4000.0 7
1772811805690 4000.0 8
1772811815453 4000.0 9
1772811828770 4000.0 10
1772811837858 4000.0 11
1772811846999 4000.0 12
1772811856572 4000.0 13
1772811866023 4000.0 14
1772811878875 4000.0 15
1772811888208 4000.0 16
1772811898035 4000.0 17
1772811907509 4000.0 18
1772811917478 4000.0 19
1772811931040 4000.0 20
1772811948559 4000.0 11
1772811958691 4000.0 12
1772811969703 4000.0 13
1772811979591 4000.0 14
1772811995374 4000.0 15
1772812005081 4000.0 16
1772812015604 4000.0 17
1772812025803 4000.0 18
1772812036066 4000.0 19
