1772811731809 1.0 1
1772811740935 1.0 2
1772811750717 1.0 3
1772811760218 1.0 4
1772811776813 1.0 5
1772811786118 1.0 6
1772811795956 1.0 7
1772811805687 1.0 8
1772811815449 1.0 9
1772811828767 1.0 10
1772811837855 1.0 11
1772811846996 1.0 12
1772811856568 1.0 13
1772811866020 1.0 14
1772811878872 1.0 15
1772811888205 1.0 16
1772811898032 1.0 17
1772811907506 1.0 18
1772811917475 1.0 19
1772811931038 1.0 20
1772811948556 1.0 11
1772811958688 1.0 12
1772811969700 1.0 13
1772811979588 1.0 14
1772811995372 1.0 15
1772812005078 1.0 16
1772812015601 1.0 17
1772812025800 1.0 18
1772812036063 1.0 19
