1772811731839 1.0 1
1772811740964 1.0 2
1772811750755 1.0 3
1772811760246 1.0 4
1772811776839 1.0 5
1772811786146 1.0 6
1772811795984 1.0 7
1772811805717 1.0 8
1772811815477 1.0 9
1772811828793 1.0 10
1772811837882 1.0 11
1772811847023 1.0 12
1772811856596 1.0 13
1772811866047 1.0 14
1772811878899 1.0 15
1772811888233 1.0 16
1772811898061 1.0 17
1772811907534 1.0 18
1772811917509 1.0 19
1772811931063 1.0 20
1772811948584 1.0 11
1772811958720 1.0 12
1772811969727 1.0 13
1772811979619 1.0 14
1772811995399 1.0 15
1772812005108 1.0 16
1772812015629 1.0 17
1772812025833 1.0 18
1772812036092 1.0 19
