1772811731841 10.0 1
1772811740966 10.0 2
1772811750757 10.0 3
1772811760248 10.0 4
1772811776840 10.0 5
1772811786148 10.0 6
1772811795985 10.0 7
1772811805719 10.0 8
1772811815479 10.0 9
1772811828795 10.0 10
1772811837884 10.0 11
1772811847024 10.0 12
1772811856598 10.0 13
1772811866049 10.0 14
1772811878900 10.0 15
1772811888235 10.0 16
1772811898063 10.0 17
1772811907536 10.0 18
1772811917512 10.0 19
1772811931065 10.0 20
1772811948585 10.0 11
1772811958723 10.0 12
1772811969728 10.0 13
1772811979621 10.0 14
1772811995400 10.0 15
1772812005110 10.0 16
1772812015631 10.0 17
1772812025835 10.0 18
1772812036094 10.0 19
