1772811731840 1.0 1
1772811740965 1.0 2
1772811750756 1.0 3
1772811760247 1.0 4
1772811776840 1.0 5
1772811786147 1.0 6
1772811795985 1.0 7
1772811805718 1.0 8
1772811815478 1.0 9
1772811828794 1.0 10
1772811837883 1.0 11
1772811847024 1.0 12
1772811856597 1.0 13
1772811866048 1.0 14
1772811878900 1.0 15
1772811888234 1.0 16
1772811898062 1.0 17
1772811907535 1.0 18
1772811917511 1.0 19
1772811931065 1.0 20
1772811948584 1.0 11
1772811958722 1.0 12
1772811969728 1.0 13
1772811979620 1.0 14
1772811995400 1.0 15
1772812005109 1.0 16
1772812015630 1.0 17
1772812025834 1.0 18
1772812036093 1.0 19
