1772811731842 -1.0 1
1772811740966 -1.0 2
1772811750757 -1.0 3
1772811760248 -1.0 4
1772811776841 -1.0 5
1772811786148 -1.0 6
1772811795986 -1.0 7
1772811805720 -1.0 8
1772811815480 -1.0 9
1772811828795 -1.0 10
1772811837884 -1.0 11
1772811847025 -1.0 12
1772811856598 -1.0 13
1772811866049 -1.0 14
1772811878901 -1.0 15
1772811888235 -1.0 16
1772811898063 -1.0 17
1772811907537 -1.0 18
1772811917513 -1.0 19
1772811931066 -1.0 20
1772811948586 -1.0 11
1772811958724 -1.0 12
1772811969729 -1.0 13
1772811979622 -1.0 14
1772811995401 -1.0 15
1772812005111 -1.0 16
1772812015632 -1.0 17
1772812025835 -1.0 18
1772812036094 -1.0 19
