1772811731836 -1.0 1
1772811740962 -1.0 2
1772811750753 -1.0 3
1772811760243 -1.0 4
1772811776836 -1.0 5
1772811786143 -1.0 6
1772811795981 -1.0 7
1772811805714 -1.0 8
1772811815475 -1.0 9
1772811828791 -1.0 10
1772811837880 -1.0 11
1772811847020 -1.0 12
1772811856594 -1.0 13
1772811866044 -1.0 14
1772811878896 -1.0 15
1772811888230 -1.0 16
1772811898058 -1.0 17
1772811907532 -1.0 18
1772811917503 -1.0 19
1772811931061 -1.0 20
1772811948581 -1.0 11
1772811958718 -1.0 12
1772811969724 -1.0 13
1772811979617 -1.0 14
1772811995396 -1.0 15
1772812005106 -1.0 16
1772812015626 -1.0 17
1772812025830 -1.0 18
1772812036089 -1.0 19
