1772812359906 0.10925645899260417 1
1772812369931 0.11380600000848062 2
1772812379482 0.11456354102119803 3
1772812388946 0.10963837499730289 4
1772812404634 0.10887608298799023 5
1772812414090 0.102096792019438 6
1772812423653 0.10258816598798148 7
1772812433050 0.10192695801379159 8
1772812442537 0.1021479589981027 9
1772812455531 0.10196324999560602 10
1772812464984 0.10493299999507144 11
1772812474307 0.10612679200130515 12
1772812483661 0.10099316699779592 13
1772812493069 0.10140891702030785 14
1772812506029 0.1034471669991035 15
1772812515423 0.10418350002146326 16
1772812524821 0.10324091700022109 17
1772812534234 0.10409233398968354 18
1772812543573 0.1053417079965584 19
1772812556321 0.10607974999584258 20
1772812579219 0.10617412498686463 21
1772812589645 0.10387875000014901 22
1772812600200 0.10480379097862169 23
1772812610130 0.10372958300285973 24
1772812626215 0.10510133401839994 25
1772812636151 0.10579541602055542 26
1772812646139 0.10305687499931082 27
1772812656080 0.10611254200921394 28
1772812665952 0.10421433398732916 29
1772812679759 0.10302279100869782 30
1772812696770 0.10392362499260344 21
1772812706759 0.10381070800940506 22
1772812716671 0.10467712499666959 23
1772812726474 0.10370691699790768 24
1772812742277 0.11021829198580235 25
1772812752194 0.10487812498467974 26
1772812762173 0.10416812499170192 27
1772812772162 0.10570770897902548 28
1772812782033 0.10357016700436361 29
1772812795577 0.10351729099056683 30
1772812812418 0.10374687498551793 31
1772812822277 0.10248824997688644 32
1772812832112 0.1034814590238966 33
1772812842001 0.11148125000181608 34
1772812857780 0.1100254170014523 35
1772812867690 0.10560433298815042 36
1772812877563 0.10236012501991354 37
1772812887788 0.10402683398569934 38
1772812898005 0.10585758398519829 39
1772812911807 0.10313091601710767 40
1772812929436 0.10551475000102073 41
1772812939509 0.1038480410061311 42
1772812949651 0.10114208300365135 43
1772812959905 0.1062607080093585 44
1772812976123 0.10624266599188559 45
1772812986357 0.10594808400492184 46
1772812996607 0.10429145800299011 47
1772813006868 0.10633087501628324 48
1772813017106 0.10509395800181665 49
1772813030875 0.10504095902433619 50
1772813048142 0.10463904199423268 51
1772813058241 0.10110595900914632 52
1772813068400 0.1038434999936726 53
1772813078628 0.10423833399545401 54
1772813094561 0.10307275000377558 55
1772813104500 0.10632091702427715 56
1772813114630 0.10185466601978987 57
1772813124699 0.10175000000162981 58
1772813134659 0.10081745800562203 59
1772813148171 0.09936858399305493 60
1772813158105 0.10351062499103136 61
1772813168016 0.10193649999564514 62
1772813177912 0.10278983399621211 63
1772813187879 0.10245387500617653 64
1772813201335 0.10172374997637235 65
1772813211277 0.10237787500955164 66
1772813221363 0.10225537500809878 67
1772813231352 0.10060233401600271 68
1772813241326 0.10311845800606534 69
1772813254899 0.10350391699466854 70
1772813271236 0.10038912500021979 71
1772813281237 0.10336420900421217 72
1772813291128 0.10322858399013057 73
1772813300986 0.10378816598677076 74
1772813316738 0.10387308298959397 75
1772813326653 0.10873045900370926 76
1772813336630 0.1056896669906564 77
1772813346565 0.10851025002193637 78
1772813356463 0.10721395799191669 79
1772813369985 0.1066337090160232 80
1772813386472 0.10268850001739338 81
1772813396414 0.1016212499816902 82
1772813406319 0.10200425001676194 83
1772813416189 0.10232912501669489 84
1772813431904 0.10211191698908806 85
1772813441887 0.10257254200405441 86
1772813451814 0.1012665830203332 87
1772813461854 0.10844137499225326 88
1772813471780 0.10300100001040846 89
1772813485243 0.10269600001629442 90
1772813495214 0.10341716700349934 91
1772813505100 0.10302249999949709 92
1772813515038 0.10188683299929835 93
1772813525003 0.10285024999757297 94
1772813537869 0.1034182500152383 95
1772813547174 0.09893491701222956 96
1772813556591 0.09842520800884813 97
1772813565873 0.09740958397742361 98
1772813575427 0.09704279201105237 99
1772813588441 0.10202254101750441 100
