1772812359881 0.00040233301115222275 1
1772812369930 0.0002632910036481917 2
1772812379481 0.00026733402046374977 3
1772812388945 0.0002519169938750565 4
1772812404633 0.0002596659760456532 5
1772812414089 0.00023387500550597906 6
1772812423653 0.0002433749905321747 7
1772812433049 0.0002507920144125819 8
1772812442536 0.00024762499378994107 9
1772812455531 0.0002529170014895499 10
1772812464984 0.000232374994084239 11
1772812474307 0.00027054199017584324 12
1772812483661 0.00019870902178809047 13
1772812493069 0.00022474999423138797 14
1772812506029 0.0002484170254319906 15
1772812515423 0.00023833400337025523 16
1772812524820 0.00023145799059420824 17
1772812534234 0.00023545901058241725 18
1772812543573 0.0002357920166105032 19
1772812556320 0.0002455000067129731 20
1772812579219 0.00023291699471883476 21
1772812589646 0.00025420798920094967 22
1772812600200 0.00023858301574364305 23
1772812610130 0.00023904198314994574 24
1772812626216 0.0002773329906631261 25
1772812636151 0.0002539580164011568 26
1772812646139 0.00024245798704214394 27
1772812656080 0.00022720801644027233 28
1772812665952 0.00023470900487154722 29
1772812679759 0.00024575000861659646 30
1772812696770 0.0002308339753653854 21
1772812706759 0.000246832991251722 22
1772812716672 0.0002481660048943013 23
1772812726474 0.0002472909982316196 24
1772812742277 0.00024791702162474394 25
1772812752195 0.0002470829931553453 26
1772812762173 0.00024041699361987412 27
1772812772163 0.0002361249935347587 28
1772812782033 0.00022949997219257057 29
1772812795577 0.00024583301274105906 30
1772812812419 0.00022645798162557185 31
1772812822277 0.00023783301003277302 32
1772812832112 0.0002371660084463656 33
1772812842001 0.0003364169970154762 34
1772812857781 0.00026125001022592187 35
1772812867690 0.0002458749804645777 36
1772812877563 0.00023962502018548548 37
1772812887788 0.00022658298257738352 38
1772812898006 0.0002331669966224581 39
1772812911807 0.00023295899154618382 40
1772812929437 0.00027595798019319773 41
1772812939509 0.0002465000143274665 42
1772812949651 0.00023191701620817184 43
1772812959905 0.0002945830055978149 44
1772812976124 0.00026458300999365747 45
1772812986357 0.0002543749869801104 46
1772812996608 0.0002515419910196215 47
1772813006868 0.0002332500007469207 48
1772813017106 0.00027424999279901385 49
1772813030876 0.00023312499979510903 50
1772813048142 0.00023949999012984335 51
1772813058241 0.00024004201986826956 52
1772813068400 0.000242499983869493 53
1772813078628 0.0002578329876996577 54
1772813094561 0.0002550409990362823 55
1772813104500 0.00028304202714934945 56
1772813114630 0.0002317909966222942 57
1772813124699 0.00022279200493358076 58
1772813134659 0.00025412498507648706 59
1772813148172 0.00023312499979510903 60
1772813158105 0.0002603330067358911 61
1772813168016 0.00023145900922827423 62
1772813177912 0.0001973329926840961 63
1772813187879 0.00023679202422499657 64
1772813201336 0.0002317909966222942 65
1772813211277 0.0002324579982087016 66
1772813221364 0.00025254100910387933 67
1772813231352 0.0002227500081062317 68
1772813241326 0.00023479099036194384 69
1772813254900 0.0002316670143045485 70
1772813271236 0.00023099998361431062 71
1772813281237 0.0002324579982087016 72
1772813291129 0.00023912498727440834 73
1772813300986 0.00024333299370482564 74
1772813316738 0.0002382500097155571 75
1772813326653 0.0002686660154722631 76
1772813336630 0.00022583300597034395 77
1772813346566 0.00023712500114925206 78
1772813356463 0.00023350000265054405 79
1772813369985 0.00024370799656026065 80
1772813386473 0.000246832991251722 81
1772813396415 0.0002322919899597764 82
1772813406319 0.000255541002843529 83
1772813416190 0.00023812497965991497 84
1772813431904 0.0002399160002823919 85
1772813441888 0.0002478339883964509 86
1772813451814 0.0002273749851156026 87
1772813461854 0.00023837501066736877 88
1772813471780 0.0002617920108605176 89
1772813485244 0.0002470830222591758 90
1772813495215 0.00027520800358615816 91
1772813505100 0.0002313339791726321 92
1772813515038 0.00020716700237244368 93
1772813525003 0.00025616600760258734 94
1772813537869 0.00023841598886065185 95
1772813547175 0.000222250004298985 96
1772813556591 0.00022262500715442002 97
1772813565873 0.00022887502564117312 98
1772813575427 0.00021541700698435307 99
1772813588441 0.0002266670053359121 100
