1772812359881 0.0072333750140387565 1
1772812369930 0.007481750013539568 2
1772812379481 0.007312207977520302 3
1772812388945 0.007071500003803521 4
1772812404634 0.007030792010482401 5
1772812414089 0.006773583008907735 6
1772812423653 0.006716333999065682 7
1772812433050 0.006615000020246953 8
1772812442536 0.006768999999621883 9
1772812455531 0.00687529201968573 10
1772812464984 0.006636208010604605 11
1772812474307 0.00706162498681806 12
1772812483661 0.006426791980629787 13
1772812493069 0.006532166997203603 14
1772812506029 0.006569416989805177 15
1772812515423 0.006834041996626183 16
1772812524820 0.006699292018311098 17
1772812534234 0.006830250000348315 18
1772812543573 0.006925124995177612 19
1772812556320 0.006891124998219311 20
1772812579219 0.006855292012915015 21
1772812589646 0.007077125017531216 22
1772812600200 0.006744540994986892 23
1772812610131 0.006856041989522055 24
1772812626216 0.006919082981767133 25
1772812636152 0.007151625002734363 26
1772812646139 0.006768999999621883 27
1772812656080 0.006845666008302942 28
1772812665952 0.006864833005238324 29
1772812679759 0.006840374990133569 30
1772812696771 0.00679379201028496 21
1772812706760 0.0066951670160051435 22
1772812716672 0.0069100839900784194 23
1772812726475 0.006697000004351139 24
1772812742277 0.0069872910098638386 25
1772812752195 0.006851749989436939 26
1772812762177 0.006949332979274914 27
1772812772163 0.0067921669979114085 28
1772812782034 0.006766125006834045 29
1772812795577 0.006816917011747137 30
1772812812419 0.007370042003458366 31
1772812822277 0.006769208994228393 32
1772812832112 0.006947041023522615 33
1772812842001 0.007150207995437086 34
1772812857781 0.007103042007656768 35
1772812867690 0.0067943339818157256 36
1772812877564 0.006748791987774894 37
1772812887789 0.006729041022481397 38
1772812898006 0.006880417000502348 39
1772812911807 0.006738083000527695 40
1772812929437 0.006902833993081003 41
1772812939509 0.0070766250137239695 42
1772812949651 0.00661995800328441 43
1772812959905 0.007046082988381386 44
1772812976124 0.007100749993696809 45
1772812986357 0.006944291002582759 46
1772812996608 0.006760749995009974 47
1772813006868 0.006864708993816748 48
1772813017107 0.007223833003081381 49
1772813030876 0.006932874995982274 50
1772813048142 0.006999457982601598 51
1772813058241 0.007018792006419972 52
1772813068401 0.006791833002353087 53
1772813078628 0.006813332991441712 54
1772813094562 0.006780249997973442 55
1772813104500 0.00689341701217927 56
1772813114630 0.006772207998437807 57
1772813124699 0.006604624999454245 58
1772813134660 0.006648624985245988 59
1772813148172 0.0065102080116048455 60
1772813158105 0.006937708996701986 61
1772813168017 0.006535874999826774 62
1772813177913 0.006290374993113801 63
1772813187879 0.006481417018221691 64
1772813201336 0.0066177079861517996 65
1772813211277 0.00682312500430271 66
1772813221364 0.0067226669925730675 67
1772813231352 0.006574207975063473 68
1772813241327 0.006918875005794689 69
1772813254900 0.00672425000811927 70
1772813271237 0.006664541986538097 71
1772813281237 0.006814791006036103 72
1772813291129 0.006741749995853752 73
1772813300989 0.006692249997286126 74
1772813316738 0.006637290993239731 75
1772813326653 0.007180542015703395 76
1772813336630 0.006920457992237061 77
1772813346566 0.007115624990547076 78
1772813356464 0.00702462499612011 79
1772813369985 0.006931457988684997 80
1772813386473 0.006956666009500623 81
1772813396415 0.006841499998699874 82
1772813406323 0.007010166998952627 83
1772813416190 0.006912915996508673 84
1772813431905 0.006739458010997623 85
1772813441888 0.006769416009774432 86
1772813451815 0.006797540991101414 87
1772813461855 0.007153957994887605 88
1772813471780 0.006905999995069578 89
1772813485244 0.007103042007656768 90
1772813495215 0.006807875004597008 91
1772813505101 0.006892290984978899 92
1772813515038 0.00652724999235943 93
1772813525003 0.007083459000568837 94
1772813537869 0.006849916011560708 95
1772813547175 0.006534582993481308 96
1772813556592 0.006482791999587789 97
1772813565873 0.006842250004410744 98
1772813575427 0.006569832999957725 99
1772813588441 0.006674792006378993 100
