1772812359907 1.9041995983570814e-05 1
1772812369931 6.374990334734321e-06 2
1772812379483 7.959024515002966e-06 3
1772812388946 6.958987796679139e-06 4
1772812404635 5.750014679506421e-06 5
1772812414090 5.750014679506421e-06 6
1772812423654 9.834009688347578e-06 7
1772812433051 8.167000487446785e-06 8
1772812442537 6.249989382922649e-06 9
1772812455532 5.416019121184945e-06 10
1772812464985 5.5000127758830786e-06 11
1772812474308 5.624984623864293e-06 12
1772812483662 5.624984623864293e-06 13
1772812493070 7.0829992182552814e-06 14
1772812506030 5.665991920977831e-06 15
1772812515424 5.499983672052622e-06 16
1772812524821 5.332985892891884e-06 17
1772812534235 5.416019121184945e-06 18
1772812543574 5.541020072996616e-06 19
1772812556321 5.750014679506421e-06 20
1772812579220 8.208007784560323e-06 21
1772812589646 6.499991286545992e-06 22
1772812600201 5.874986527487636e-06 23
1772812610131 6.999995093792677e-06 24
1772812626216 8.125003660097718e-06 25
1772812636152 5.832989700138569e-06 26
1772812646140 8.041999535635114e-06 27
1772812656080 1.0791991371661425e-05 28
1772812665952 5.709007382392883e-06 29
1772812679760 5.749985575675964e-06 30
1772812696771 8.167000487446785e-06 21
1772812706760 6.249989382922649e-06 22
1772812716672 8.54101381264627e-06 23
1772812726475 6.624992238357663e-06 24
1772812742278 5.750014679506421e-06 25
1772812752195 6.208021659404039e-06 26
1772812762177 7.4169947765767574e-06 27
1772812772163 8.583010639995337e-06 28
1772812782034 6.041984306648374e-06 29
1772812795577 5.417008651420474e-06 30
1772812812419 8.58298153616488e-06 31
1772812822278 6.166985258460045e-06 32
1772812832113 6.084010237827897e-06 33
1772812842002 7.750000804662704e-06 34
1772812857781 8.040980901569128e-06 35
1772812867691 5.459005478769541e-06 36
1772812877564 6.999995093792677e-06 37
1772812887789 1.0124989785254002e-05 38
1772812898006 5.583016900345683e-06 39
1772812911808 6.708985893055797e-06 40
1772812929437 8.292001439258456e-06 41
1772812939509 7.833004929125309e-06 42
1772812949651 8.458999218419194e-06 43
1772812959906 7.875001756474376e-06 44
1772812976124 6.332993507385254e-06 45
1772812986357 5.749985575675964e-06 46
1772812996608 6.083020707592368e-06 47
1772813006869 1.3749988283962011e-05 48
1772813017107 5.62501372769475e-06 49
1772813030876 7.000024197623134e-06 50
1772813048142 8.458009688183665e-06 51
1772813058242 6.000016583129764e-06 52
1772813068401 1.0166986612603068e-05 53
1772813078628 6.95799826644361e-06 54
1772813094562 5.665991920977831e-06 55
1772813104500 7.333001121878624e-06 56
1772813114630 8.167000487446785e-06 57
1772813124700 8.040980901569128e-06 58
1772813134660 5.750014679506421e-06 59
1772813148172 7.2499969974160194e-06 60
1772813158105 5.5419804994016886e-06 61
1772813168017 5.499983672052622e-06 62
1772813177913 5.62501372769475e-06 63
1772813187880 5.582987796515226e-06 64
1772813201336 7.2499969974160194e-06 65
1772813211278 6.500020390376449e-06 66
1772813221364 6.916990969330072e-06 67
1772813231353 5.5000127758830786e-06 68
1772813241327 5.583977326750755e-06 69
1772813254900 5.833018803969026e-06 70
1772813271237 7.458002073690295e-06 71
1772813281238 5.459005478769541e-06 72
1772813291129 5.415990017354488e-06 73
1772813300990 7.2499969974160194e-06 74
1772813316739 5.958019755780697e-06 75
1772813326654 9.834009688347578e-06 76
1772813336630 5.5000127758830786e-06 77
1772813346566 8.458999218419194e-06 78
1772813356464 5.7089782785624266e-06 79
1772813369986 5.832989700138569e-06 80
1772813386473 9.417010005563498e-06 81
1772813396415 5.62501372769475e-06 82
1772813406323 5.874986527487636e-06 83
1772813416190 6.66698906570673e-06 84
1772813431905 5.124980816617608e-06 85
1772813441888 7.166992872953415e-06 86
1772813451815 5.958019755780697e-06 87
1772813461855 9.540992323309183e-06 88
1772813471781 6.459013093262911e-06 89
1772813485246 5.209003575146198e-06 90
1772813495215 6.124988431110978e-06 91
1772813505101 6.499991286545992e-06 92
1772813515039 5.125009920448065e-06 93
1772813525004 5.584006430581212e-06 94
1772813537870 5.083013093098998e-06 95
1772813547175 5.249981768429279e-06 96
1772813556592 5.292007699608803e-06 97
1772813565874 5.125009920448065e-06 98
1772813575428 5.249981768429279e-06 99
1772813588441 5.750014679506421e-06 100
