1772812359907 5.6958000641316175e-05 1
1772812369931 4.791698302142322e-05 2
1772812379483 2.6958005037158728e-05 3
1772812388946 2.2916996385902166e-05 4
1772812404634 1.8250022549182177e-05 5
1772812414090 2.4208013201132417e-05 6
1772812423654 2.245799987576902e-05 7
1772812433050 2.1957996068522334e-05 8
1772812442537 2.5040993932634592e-05 9
1772812455532 1.7582991858944297e-05 10
1772812464985 1.883300137706101e-05 11
1772812474308 2.8125010430812836e-05 12
1772812483662 1.8291990272700787e-05 13
1772812493070 1.6999983927235007e-05 14
1772812506030 2.258399035781622e-05 15
1772812515424 1.545899431221187e-05 16
1772812524821 1.545899431221187e-05 17
1772812534235 1.6000005416572094e-05 18
1772812543574 1.6375008272007108e-05 19
1772812556321 1.675001112744212e-05 20
1772812579220 2.041697734966874e-05 21
1772812589646 1.8084014300256968e-05 22
1772812600201 1.7584010493010283e-05 23
1772812610131 1.7291022231802344e-05 24
1772812626217 3.345799632370472e-05 25
1772812636152 1.662501017563045e-05 26
1772812646140 3.5541976103559136e-05 27
1772812656081 2.3250002413988113e-05 28
1772812665953 1.4874996850267053e-05 29
1772812679760 1.6915990272536874e-05 30
1772812696771 2.333297743462026e-05 21
1772812706760 2.0000006770715117e-05 22
1772812716673 3.662498784251511e-05 23
1772812726475 1.9416998839005828e-05 24
1772812742278 3.383299917913973e-05 25
1772812752196 1.8291990272700787e-05 26
1772812762177 3.850000211969018e-05 27
1772812772163 2.4542008759453893e-05 28
1772812782034 3.4666009014472365e-05 29
1772812795578 1.6250007320195436e-05 30
1772812812419 2.145799226127565e-05 31
1772812822278 2.012500772252679e-05 32
1772812832113 1.8291000742465258e-05 33
1772812842002 2.0083010895177722e-05 34
1772812857781 1.987497671507299e-05 35
1772812867691 1.641598646529019e-05 36
1772812877564 2.066700835712254e-05 37
1772812887789 2.13750172406435e-05 38
1772812898006 1.866600359790027e-05 39
1772812911808 1.929097925312817e-05 40
1772812929437 2.2292020730674267e-05 41
1772812939510 2.5540997739881277e-05 42
1772812949652 2.2791005903854966e-05 43
1772812959906 2.0167004549875855e-05 44
1772812976125 1.7624988686293364e-05 45
1772812986358 2.158299321308732e-05 46
1772812996608 1.866600359790027e-05 47
1772813006869 2.0292005501687527e-05 48
1772813017107 1.8999999156221747e-05 49
1772813030877 1.750001683831215e-05 50
1772813048143 2.1208019461482763e-05 51
1772813058242 1.9291008356958628e-05 52
1772813068401 4.124999395571649e-05 53
1772813078629 1.8084014300256968e-05 54
1772813094562 1.9625003915280104e-05 55
1772813104501 1.824999344535172e-05 56
1772813114631 4.083299427293241e-05 57
1772813124700 1.866600359790027e-05 58
1772813134660 2.387500717304647e-05 59
1772813148172 3.7416000850498676e-05 60
1772813158106 2.6041001547127962e-05 61
1772813168017 3.6084005841985345e-05 62
1772813177913 1.5666999388486147e-05 63
1772813187880 1.58329785335809e-05 64
1772813201336 1.9708997569978237e-05 65
1772813211278 1.7916987417265773e-05 66
1772813221364 3.462500171735883e-05 67
1772813231353 1.762501779012382e-05 68
1772813241327 1.6709003830328584e-05 69
1772813254900 1.895800232887268e-05 70
1772813271237 3.037499845959246e-05 71
1772813281238 1.7542013665661216e-05 72
1772813291129 1.7332989955320954e-05 73
1772813300990 1.9291997887194157e-05 74
1772813316739 1.966700074262917e-05 75
1772813326654 7.145799463614821e-05 76
1772813336631 1.7040991224348545e-05 77
1772813346566 1.8874998204410076e-05 78
1772813356464 1.575000351294875e-05 79
1772813369986 1.7457990907132626e-05 80
1772813386473 2.3041997337713838e-05 81
1772813396415 1.8708000425249338e-05 82
1772813406324 2.229199162684381e-05 83
1772813416190 1.8457998521625996e-05 84
1772813431905 1.6167003195732832e-05 85
1772813441888 1.9041995983570814e-05 86
1772813451815 1.9207975128665566e-05 87
1772813461855 5.083298310637474e-05 88
1772813471781 1.6417005099356174e-05 89
1772813485247 1.6125006368383765e-05 90
1772813495215 1.8582999473437667e-05 91
1772813505101 1.650000922381878e-05 92
1772813515039 1.6582984244450927e-05 93
1772813525004 1.8999999156221747e-05 94
1772813537870 1.5708006685599685e-05 95
1772813547176 1.4833000022917986e-05 96
1772813556592 1.53339933604002e-05 97
1772813565874 1.6375008272007108e-05 98
1772813575428 1.595797948539257e-05 99
1772813588442 2.2249994799494743e-05 100
