1772812359908 0.22476370801450685 1
1772812369932 0.1908428750175517 2
1772812379484 0.19827550000627525 3
1772812388947 0.17823008398409002 4
1772812404635 0.17755633298656903 5
1772812414091 0.20757208298891783 6
1772812423654 0.2219759589934256 7
1772812433051 0.19683816700126044 8
1772812442538 0.1944812499859836 9
1772812455532 0.19721029099309817 10
1772812464985 0.09278662499855272 11
1772812474308 0.09231525001814589 12
1772812483662 0.20478966701193713 13
1772812493070 0.19598820799728855 14
1772812506030 0.19830520800314844 15
1772812515424 0.20782916600001045 16
1772812524822 0.19754195801215246 17
1772812534235 0.20072420799988322 18
1772812543574 0.19600624998565763 19
1772812556322 0.09477954098838381 20
1772812579220 0.16726029201527126 21
1772812589647 0.18347095799981616 22
1772812600201 0.18124312500003725 23
1772812610132 0.1693960000120569 24
1772812626217 0.18124154201359488 25
1772812636153 0.19075887501821853 26
1772812646141 0.09040995800751261 27
1772812656081 0.09062950001680292 28
1772812665953 0.18707312498008832 29
1772812679760 0.18356025000684895 30
1772812696772 0.16864320801687427 21
1772812706760 0.16916962500545196 22
1772812716673 0.17679970900644548 23
1772812726475 0.173848165984964 24
1772812742282 0.17553350000525825 25
1772812752196 0.18895508398418315 26
1772812762178 0.09113954100757837 27
1772812772164 0.09019312501186505 28
1772812782035 0.18504566699266434 29
1772812795578 0.18238245899556205 30
1772812812424 0.17060287500498816 31
1772812822278 0.16908129199873656 32
1772812832113 0.17000770798767917 33
1772812842002 0.173943124973448 34
1772812857782 0.17460125000798143 35
1772812867691 0.19014291698113084 36
1772812877565 0.09085966600105166 37
1772812887790 0.09058158297557384 38
1772812898007 0.20620758301811293 39
1772812911808 0.18682162498589605 40
1772812929441 0.1732692500227131 41
1772812939510 0.1803570410120301 42
1772812949652 0.16789374998188578 43
1772812959910 0.17333837499609217 44
1772812976125 0.18232654099119827 45
1772812986362 0.19432512499042787 46
1772812996609 0.09283316697110422 47
1772813006869 0.09067716699792072 48
1772813017108 0.1847811249899678 49
1772813030877 0.1858412080036942 50
1772813048143 0.17342991699115373 51
1772813058242 0.1687557499972172 52
1772813068402 0.18131350001203828 53
1772813078629 0.18067170801805332 54
1772813094563 0.17954966600518674 55
1772813104501 0.1926069170003757 56
1772813114631 0.09317516698502004 57
1772813124701 0.09338816700619645 58
1772813134661 0.18735554197337478 59
1772813148173 0.18404862500028685 60
1772813158106 0.18636070800130256 61
1772813168018 0.1982545829960145 62
1772813177914 0.18620408300193958 63
1772813187880 0.18462004198227078 64
1772813201337 0.09313829100574367 65
1772813211278 0.09361454198369756 66
1772813221365 0.20081554100033827 67
1772813231353 0.1867954580229707 68
1772813241328 0.18719870800850913 69
1772813254901 0.18567912498838268 70
1772813271238 0.1721905829908792 71
1772813281242 0.17331395798828453 72
1772813291130 0.17279966702335514 73
1772813300991 0.1690033329941798 74
1772813316739 0.16985516701242886 75
1772813326655 0.21122704198933206 76
1772813336631 0.09349758399184793 77
1772813346567 0.09362025000154972 78
1772813356464 0.1861118329979945 79
1772813369986 0.18693745898781344 80
1772813386477 0.16787929099518806 81
1772813396416 0.16925387500668876 82
1772813406324 0.16979441599687561 83
1772813416191 0.16890162500203587 84
1772813431906 0.16992212500190362 85
1772813441889 0.18644729201332666 86
1772813451816 0.09257249999791384 87
1772813461856 0.12411120897741057 88
1772813471781 0.19139287501457147 89
1772813485247 0.18366183299804106 90
1772813495216 0.1841264590038918 91
1772813505101 0.18295795799349435 92
1772813515040 0.18168179201893508 93
1772813525004 0.19327887499821372 94
1772813537870 0.0918466669972986 95
1772813547176 0.08650254202075303 96
1772813556593 0.16970600001513958 97
1772813565874 0.1759277090022806 98
1772813575429 0.16922204199363478 99
1772813588442 0.1872766249871347 100
