1772812359881 0.05891429100302048 1
1772812369930 0.04252716701012105 2
1772812379481 0.036360541998874396 3
1772812388945 0.035544833983294666 4
1772812404633 0.03640474998974241 5
1772812414089 0.037142125016544014 6
1772812423652 0.04055466700810939 7
1772812433049 0.036271832999773324 8
1772812442536 0.03713270797743462 9
1772812455530 0.036785958014661446 10
1772812464983 0.03768725000554696 11
1772812474307 0.036544667003909126 12
1772812483661 0.03615162498317659 13
1772812493068 0.03642370901070535 14
1772812506028 0.037056832981761545 15
1772812515422 0.038495790999149904 16
1772812524820 0.03624904199386947 17
1772812534234 0.03783325001131743 18
1772812543572 0.03647691602236591 19
1772812556320 0.03619187499862164 20
1772812579221 0.04556887497892603 21
1772812589647 0.042994582996470854 22
1772812600202 0.03796820799470879 23
1772812610132 0.037829583015991375 24
1772812626217 0.03588275000220165 25
1772812636153 0.03672616698895581 26
1772812646141 0.037493292009457946 27
1772812656081 0.035804459010250866 28
1772812665953 0.035754790995270014 29
1772812679761 0.0360913329932373 30
1772812696772 0.048293208004906774 21
1772812706761 0.04066379100549966 22
1772812716673 0.036210249993018806 23
1772812726476 0.037635874992702156 24
1772812742282 0.03679595800349489 25
1772812752196 0.03858187500736676 26
1772812762178 0.036020166997332126 27
1772812772164 0.03620108400355093 28
1772812782035 0.036149042018223554 29
1772812795578 0.035665208008140326 30
1772812812424 0.048440624988870695 31
1772812822278 0.03757208399474621 32
1772812832114 0.036075334006454796 33
1772812842003 0.03717224998399615 34
1772812857782 0.03908350001438521 35
1772812867692 0.03604204099974595 36
1772812877565 0.03602654201677069 37
1772812887790 0.035825291997753084 38
1772812898007 0.04458233402692713 39
1772812911809 0.036746708006830886 40
1772812929442 0.045210458018118516 41
1772812939510 0.042582916998071596 42
1772812949653 0.035465249995468184 43
1772812959911 0.035577792004914954 44
1772812976125 0.037196667020907626 45
1772812986362 0.036549707991071045 46
1772812996609 0.040065209002932534 47
1772813006870 0.036565625021466985 48
1772813017108 0.038095208001323044 49
1772813030877 0.039013333996990696 50
1772813048143 0.04697666599531658 51
1772813058243 0.03962037499877624 52
1772813068402 0.03679749998264015 53
1772813078629 0.03728833299828693 54
1772813094563 0.03795312499278225 55
1772813104501 0.03712237498257309 56
1772813114631 0.03788066699053161 57
1772813124701 0.03693362500052899 58
1772813134661 0.03587570899981074 59
1772813148173 0.036435124988202006 60
1772813158106 0.03592145899892785 61
1772813168018 0.03575025001191534 62
1772813177914 0.037422791006974876 63
1772813187880 0.03588733298238367 64
1772813201337 0.035764250002102926 65
1772813211279 0.03814416698878631 66
1772813221365 0.04059908402268775 67
1772813231354 0.03611395799089223 68
1772813241328 0.035956582985818386 69
1772813254901 0.03613495797617361 70
1772813271238 0.04486220900435001 71
1772813281242 0.03887045901501551 72
1772813291130 0.035773833020357415 73
1772813300991 0.03579449999961071 74
1772813316740 0.03652470899396576 75
1772813326655 0.039344332995824516 76
1772813336631 0.037974291015416384 77
1772813346567 0.036518917011562735 78
1772813356465 0.03694720799103379 79
1772813369987 0.03691995801636949 80
1772813386478 0.04555470802006312 81
1772813396416 0.037625915982062 82
1772813406324 0.03597591698053293 83
1772813416191 0.03577687498182058 84
1772813431906 0.0359068340039812 85
1772813441889 0.03534562498680316 86
1772813451816 0.03519458300434053 87
1772813461856 0.0402368750073947 88
1772813471782 0.035635082982480526 89
1772813485248 0.03588837501592934 90
1772813495216 0.03561575000640005 91
1772813505102 0.03596154099795967 92
1772813515040 0.03514804199221544 93
1772813525004 0.03533820901066065 94
1772813537870 0.03774320799857378 95
1772813547176 0.03382345900172368 96
1772813556593 0.03385574999265373 97
1772813565875 0.035996041988255456 98
1772813575429 0.03367649999563582 99
1772813588442 0.036267499992391095 100
