1772812359907 0.0004583749978337437 1
1772812369931 0.00020129201584495604 2
1772812379483 0.00015991699183359742 3
1772812388946 0.00021416600793600082 4
1772812404634 0.00014379099593497813 5
1772812414090 0.0001313330139964819 6
1772812423653 0.00012758298544213176 7
1772812433050 0.00014120800187811255 8
1772812442537 0.00012174999574199319 9
1772812455532 0.00012216699542477727 10
1772812464984 0.00013537498307414353 11
1772812474308 0.00013470801059156656 12
1772812483662 0.0001188750029541552 13
1772812493070 0.00012437501573003829 14
1772812506029 0.00012437501573003829 15
1772812515424 0.00013529200805351138 16
1772812524821 0.0001194580108858645 17
1772812534235 0.00012066698400303721 18
1772812543574 0.00012900002184323967 19
1772812556321 0.00012037501437589526 20
1772812579221 0.00014191700029186904 21
1772812589647 0.00012562499614432454 22
1772812600202 0.00012966699432581663 23
1772812610132 0.00011758401524275541 24
1772812626217 0.00017233399557881057 25
1772812636153 0.00015429200720973313 26
1772812646141 0.0001385000068694353 27
1772812656082 0.00013183397823013365 28
1772812665954 0.00012045798939652741 29
1772812679761 0.00012945799971930683 30
1772812696772 0.000142250006319955 21
1772812706761 0.00012316598440520465 22
1772812716674 0.00015229100245051086 23
1772812726476 0.00013808297808282077 24
1772812742282 0.00013379199663177133 25
1772812752196 0.0001390830148011446 26
1772812762178 0.000169791019288823 27
1772812772164 0.0001499170030001551 28
1772812782035 0.00014012499013915658 29
1772812795579 0.00012304200208745897 30
1772812812424 0.00013420902541838586 31
1772812822279 0.0001268749765586108 32
1772812832114 0.00013033300638198853 33
1772812842003 0.00013304100139066577 34
1772812857782 0.00013241698616184294 35
1772812867692 0.00014191601076163352 36
1772812877565 0.00012425001477822661 37
1772812887790 0.00012779198004864156 38
1772812898007 0.0001284159952774644 39
1772812911809 0.0001495409815106541 40
1772812929442 0.00013808300718665123 41
1772812939511 0.00014704102068208158 42
1772812949653 0.0001421670021954924 43
1772812959911 0.00014729099348187447 44
1772812976126 0.00014150000060908496 45
1772812986363 0.00013845801004208624 46
1772812996609 0.0001413749996572733 47
1772813006870 0.00013349999790079892 48
1772813017108 0.00012570800026878715 49
1772813030878 0.00013116700574755669 50
1772813048144 0.0001437090104445815 51
1772813058243 0.00013091700384393334 52
1772813068402 0.0001545000122860074 53
1772813078630 0.00013154101907275617 54
1772813094563 0.0001419999753125012 55
1772813104502 0.0001312500098720193 56
1772813114632 0.0001791669928934425 57
1772813124701 0.00012570898979902267 58
1772813134661 0.00013904200750403106 59
1772813148173 0.00015462498413398862 60
1772813158107 0.00013670898624695837 61
1772813168018 0.00013620799290947616 62
1772813177914 0.0001226250024046749 63
1772813187881 0.00012279200018383563 64
1772813201337 0.0001379160094074905 65
1772813211279 0.00016274998779408634 66
1772813221365 0.00013329199282452464 67
1772813231354 0.00013475000741891563 68
1772813241328 0.0001251659996341914 69
1772813254901 0.0001271250075660646 70
1772813271238 0.00018529102089814842 71
1772813281243 0.00014212497626431286 72
1772813291130 0.00013858298189006746 73
1772813300991 0.00012512499233707786 74
1772813316740 0.00012375001097097993 75
1772813326655 0.00022354201064445078 76
1772813336632 0.00013704199227504432 77
1772813346567 0.00011891699978150427 78
1772813356465 0.00013445899821817875 79
1772813369987 0.00011920899851247668 80
1772813386478 0.00013741699513047934 81
1772813396417 0.00013062500511296093 82
1772813406325 0.00012483299360610545 83
1772813416192 0.00013470801059156656 84
1772813431906 0.00012399998377077281 85
1772813441889 0.00014233399997465312 86
1772813451816 0.0001385000068694353 87
1772813461856 0.00026775000151246786 88
1772813471782 0.0001447910035494715 89
1772813485250 0.00013200001558288932 90
1772813495216 0.00014699998428113759 91
1772813505102 0.00015112498658709228 92
1772813515040 0.0001373330014757812 93
1772813525005 0.00013749999925494194 94
1772813537871 0.0001265419996343553 95
1772813547177 0.00013616602518595755 96
1772813556593 0.00012904198956675828 97
1772813565875 0.00013454098370857537 98
1772813575429 0.00013170900638215244 99
1772813588443 0.00015574999270029366 100
