1772811731858 4000.0 1
1772811740982 4000.0 2
1772811750773 4000.0 3
1772811760265 4000.0 4
1772811776855 4000.0 5
1772811786163 4000.0 6
1772811796001 4000.0 7
1772811805750 4000.0 8
1772811815495 4000.0 9
1772811828810 4000.0 10
1772811837899 4000.0 11
1772811847041 4000.0 12
1772811856614 4000.0 13
1772811866064 4000.0 14
1772811878916 4000.0 15
1772811888250 4000.0 16
1772811898079 4000.0 17
1772811907554 4000.0 18
1772811917533 4000.0 19
1772811931083 4000.0 20
1772811948596 4000.0 11
1772811958735 4000.0 12
1772811969739 4000.0 13
1772811979632 4000.0 14
1772811995411 4000.0 15
1772812005120 4000.0 16
1772812015642 4000.0 17
1772812025846 4000.0 18
1772812036105 4000.0 19
