1772811731861 31729.77862377697 1
1772811740985 52875.152079248575 2
1772811750775 49363.80994385012 3
1772811760267 50714.56350904647 4
1772811776857 48535.58529050632 5
1772811786166 30240.29834001278 6
1772811796003 49054.764083946284 7
1772811805752 49741.962055787124 8
1772811815497 49277.5013214465 9
1772811828813 49642.077123349605 10
1772811837902 37953.34637563086 11
1772811847043 52788.60113171237 12
1772811856616 50343.121025358305 13
1772811866066 51035.7159221053 14
1772811878917 52034.524870988615 15
1772811888253 37334.13304470815 16
1772811898082 49182.18554202029 17
1772811907556 50820.24834322959 18
1772811917535 48428.84121589674 19
1772811931085 49143.17279937865 20
1772811948599 49688.32020047649 11
1772811958738 47624.21047454118 12
1772811969741 43742.01688460628 13
1772811979634 48760.27773342945 14
1772811995413 48409.39940367602 15
1772812005123 31046.469362113818 16
1772812015645 46039.904962592285 17
1772812025848 47213.9176021157 18
1772812036108 46971.79524628422 19
