1772811731860 481792.0 1
1772811740984 964096.0 2
1772811750775 1446400.0 3
1772811760266 1928704.0 4
1772811776856 2411008.0 5
1772811786165 2893312.0 6
1772811796002 3375616.0 7
1772811805751 3857920.0 8
1772811815496 4340224.0 9
1772811828812 4822528.0 10
1772811837901 5304832.0 11
1772811847042 5787136.0 12
1772811856615 6268928.0 13
1772811866065 6751232.0 14
1772811878917 7233536.0 15
1772811888252 7715840.0 16
1772811898080 8198144.0 17
1772811907555 8680448.0 18
1772811917534 9162752.0 19
1772811931084 9645056.0 20
1772811948597 5304320.0 11
1772811958736 5786624.0 12
1772811969740 6268928.0 13
1772811979633 6751232.0 14
1772811995412 7233536.0 15
1772812005122 7715840.0 16
1772812015644 8198144.0 17
1772812025847 8680448.0 18
1772812036106 9162752.0 19
