1772811731858 481792.0 1
1772811740982 482304.0 2
1772811750773 482304.0 3
1772811760264 482304.0 4
1772811776855 482304.0 5
1772811786163 482304.0 6
1772811796000 482304.0 7
1772811805749 482304.0 8
1772811815495 482304.0 9
1772811828810 482304.0 10
1772811837899 482304.0 11
1772811847041 482304.0 12
1772811856613 481792.0 13
1772811866064 482304.0 14
1772811878915 482304.0 15
1772811888250 482304.0 16
1772811898079 482304.0 17
1772811907553 482304.0 18
1772811917533 482304.0 19
1772811931083 482304.0 20
1772811948597 481792.0 11
1772811958736 482304.0 12
1772811969740 482304.0 13
1772811979633 482304.0 14
1772811995412 482304.0 15
1772812005121 482304.0 16
1772812015643 482304.0 17
1772812025847 482304.0 18
1772812036106 482304.0 19
