1772811731859 572428.0 1
1772811740983 nan 2
1772811750774 nan 3
1772811760266 nan 4
1772811776856 nan 5
1772811786164 nan 6
1772811796001 nan 7
1772811805750 nan 8
1772811815496 nan 9
1772811828811 nan 10
1772811837901 nan 11
1772811847042 nan 12
1772811856615 nan 13
1772811866065 nan 14
1772811878916 nan 15
1772811888252 nan 16
1772811898080 nan 17
1772811907555 nan 18
1772811917534 nan 19
1772811931084 nan 20
1772811948598 nan 11
1772811958737 nan 12
1772811969741 nan 13
1772811979634 nan 14
1772811995412 nan 15
1772812005122 nan 16
1772812015644 nan 17
1772812025848 nan 18
1772812036107 nan 19
