1772811731860 3764000.0 1
1772811740984 3768000.0 2
1772811750775 3768000.0 3
1772811760266 3768000.0 4
1772811776857 3768000.0 5
1772811786165 3768000.0 6
1772811796002 3768000.0 7
1772811805751 3768000.0 8
1772811815497 3768000.0 9
1772811828812 3768000.0 10
1772811837901 3768000.0 11
1772811847043 3768000.0 12
1772811856616 3764000.0 13
1772811866066 3768000.0 14
1772811878917 3768000.0 15
1772811888252 3768000.0 16
1772811898081 3768000.0 17
1772811907556 3768000.0 18
1772811917535 3768000.0 19
1772811931084 3768000.0 20
1772811948596 3764000.0 11
1772811958736 3768000.0 12
1772811969739 3768000.0 13
1772811979633 3768000.0 14
1772811995411 3768000.0 15
1772812005121 3768000.0 16
1772812015643 3768000.0 17
1772812025847 3768000.0 18
1772812036105 3768000.0 19
