1772811731860 247889.20432665013 1
1772811740984 413087.51621919876 2
1772811750775 385655.18785147474 3
1772811760267 396208.04993341985 4
1772811776857 379184.665514852 5
1772811786165 236252.45793614228 6
1772811796003 383240.7195804002 7
1772811805751 388609.4927352395 8
1772811815497 384980.896996222 9
1772811828812 387829.11840438657 10
1772811837902 296510.72465916094 11
1772811847043 412411.33561789745 12
1772811856616 393306.18782229454 13
1772811866066 398717.0439774477 14
1772811878917 406520.1951456466 15
1772811888253 291673.15053099813 16
1772811898081 384236.61308232124 17
1772811907556 397033.5213916501 18
