1772811731859 3764000.0 1
1772811740983 7532000.0 2
1772811750774 11300000.0 3
1772811760265 15068000.0 4
1772811776856 18836000.0 5
1772811786164 22604000.0 6
1772811796001 26372000.0 7
1772811805750 30140000.0 8
1772811815496 33908000.0 9
1772811828811 37676000.0 10
1772811837900 41444000.0 11
1772811847042 45212000.0 12
1772811856614 48976000.0 13
1772811866065 52744000.0 14
1772811878916 56512000.0 15
1772811888251 60280000.0 16
1772811898080 64048000.0 17
1772811907555 67816000.0 18
1772811917534 71584000.0 19
1772811931083 75352000.0 20
1772811948597 41440000.0 11
1772811958736 45208000.0 12
1772811969740 48976000.0 13
1772811979633 52744000.0 14
1772811995411 56512000.0 15
1772812005121 60280000.0 16
1772812015643 64048000.0 17
1772812025847 67816000.0 18
1772812036106 71584000.0 19
