1772811731876 8.0 1
1772811741005 8.0 2
1772811750793 8.0 3
1772811760285 8.0 4
1772811776873 8.0 5
1772811786184 8.0 6
1772811796021 8.0 7
1772811805773 8.0 8
1772811815513 8.0 9
1772811828828 8.0 10
1772811837921 8.0 11
1772811847058 8.0 12
1772811856635 8.0 13
1772811866082 8.0 14
1772811878934 8.0 15
1772811888272 8.0 16
1772811898097 8.0 17
1772811907576 8.0 18
1772811917552 8.0 19
1772811931109 8.0 20
1772811948620 8.0 11
1772811958760 8.0 12
1772811969762 8.0 13
1772811979654 8.0 14
1772811995434 8.0 15
1772812005143 8.0 16
1772812015665 8.0 17
1772812025869 8.0 18
1772812036130 8.0 19
