1772812359877 0.00013581629052414476 1
1772812369926 0.00016340081390861765 2
1772812379472 0.00014363428733559354 3
1772812388942 0.00012804904697757367 4
1772812404628 0.00012373857776989928 5
1772812414085 0.00012129788181454009 6
1772812423649 0.00012061757056874527 7
1772812433046 0.000118747171466638 8
1772812442531 0.00012151194138719146 9
1772812455527 0.0001233269413057507 10
1772812464980 0.00011774459286670593 11
1772812474303 0.000121313811150767 12
1772812483657 0.00011485891942692135 13
1772812493065 0.0001213384400525737 14
1772812506025 0.0001229542903536878 15
1772812515418 0.00011935209310322327 16
1772812524816 0.00011454062408546175 17
1772812534230 0.00012098966855264757 18
1772812543569 0.00011943899589087113 19
1772812556317 0.0001203202663320247 20
1772812579217 0.00012277823326772662 21
1772812589643 0.00013189411517955347 22
1772812600198 0.000130155763582665 23
1772812610128 0.00012409087903140744 24
1772812626214 0.00012661100452013925 25
1772812636149 0.00012060591229899301 26
1772812646137 0.0001223029031200965 27
1772812656078 0.00012711159302737662 28
1772812665950 0.00012249847701157284 29
1772812679757 0.00012216477137234655 30
1772812696769 0.0001233711133671675 21
1772812706757 0.00012234874795284076 22
1772812716670 0.00012462310871384508 23
1772812726472 0.00012214410031179622 24
1772812742275 0.00012814906570550395 25
1772812752192 0.00012225676454591562 26
1772812762171 0.0001228257218085418 27
1772812772160 0.00012466804187854732 28
1772812782028 0.00012369728423907214 29
1772812795575 0.00012332581047327918 30
1772812812417 0.0001237564447020267 31
1772812822275 0.00012217531485527892 32
1772812832110 0.00012565320250771186 33
1772812841999 0.00013296911509934226 34
1772812857775 0.00012706228123940183 35
1772812867688 0.00012011997167916334 36
1772812877558 0.00012132422623717341 37
1772812887786 0.0001223928948614551 38
1772812898003 0.0001241758732771805 39
1772812911805 0.00012431685487112308 40
1772812929435 0.0001254798805690927 41
1772812939507 0.00012649218617212537 42
1772812949649 0.0001258532149357817 43
1772812959903 0.0001286848898140206 44
1772812976122 0.00012972508728386 45
1772812986355 0.00012661071545800858 46
1772812996606 0.00012700205906297275 47
1772813006866 0.00012780698337945588 48
1772813017104 0.00012436150291928388 49
1772813030870 0.0001272859068819641 50
1772813048140 0.00012387003457151708 51
1772813058239 0.00012324260423710653 52
1772813068398 0.000123222654080176 53
1772813078626 0.0001260505133640571 54
1772813094559 0.00012061994227185484 55
1772813104498 0.0001210439409804091 56
1772813114628 0.00011737795527439485 57
1772813124697 0.00011938138934204236 58
1772813134657 0.0001196533008287585 59
1772813148170 0.00011938860376608593 60
1772813158103 0.00012434664745705317 61
1772813168014 0.00011594962156944852 62
1772813177910 0.00011664041675578495 63
1772813187877 0.00011931012152380367 64
1772813201333 0.00011888021734322614 65
1772813211275 0.00012168073937470771 66
1772813221362 0.00012211570012581096 67
1772813231350 0.00011929485004944345 68
1772813241324 0.00011797669924133451 69
1772813254897 0.00012263136065847132 70
1772813271234 0.00012044469544094527 71
1772813281235 0.000122749075497799 72
1772813291127 0.0001207203616499094 73
1772813300984 0.0001215009505045765 74
1772813316736 0.00012362480710786277 75
1772813326651 0.00012807304676595182 76
1772813336628 0.00012611184974122979 77
1772813346564 0.00013205241537348513 78
1772813356461 0.00012524378154987452 79
1772813369983 0.0001270233637417776 80
1772813386471 0.00012158228910920271 81
1772813396413 0.00011946745098961097 82
1772813406317 0.00012422695383970683 83
1772813416188 0.00012013434168408878 84
1772813431899 0.00011998729247161214 85
1772813441886 0.0001224017268358384 86
1772813451809 0.00011990450981653688 87
1772813461852 0.00012525859834057722 88
1772813471778 0.00011972380722811732 89
1772813485240 0.00012056952065002195 90
1772813495213 0.00012471028738078723 91
1772813505098 0.0001215970268454613 92
1772813515036 0.00012108182570281384 93
1772813525001 0.00012409405107238877 94
1772813537867 0.0001216971511489194 95
1772813547173 0.00011427930697270746 96
1772813556590 0.00011671218519312471 97
1772813565871 0.00011794572258828621 98
1772813575425 0.00011482910495503562 99
1772813588439 0.00012332020391985936 100
