1772812359878 7.988847053173597e-06 1
1772812369926 8.770248818877902e-06 2
1772812379472 8.366783127218312e-06 3
1772812388942 7.602394681758622e-06 4
1772812404629 8.226589876969467e-06 5
1772812414085 7.5959390221359664e-06 6
1772812423650 7.528650206207741e-06 7
1772812433046 7.567539365844181e-06 8
1772812442532 7.5955839882974726e-06 9
1772812455527 7.456595391358008e-06 10
1772812464980 7.403288080618168e-06 11
1772812474304 7.637348489528235e-06 12
1772812483658 7.469781013057671e-06 13
1772812493066 7.536038277601055e-06 14
1772812506026 7.546838698448773e-06 15
1772812515419 7.5903397279031105e-06 16
1772812524816 7.818983884630904e-06 17
1772812534231 7.457122346144914e-06 18
1772812543569 7.708955310859357e-06 19
1772812556317 7.686555130034235e-06 20
1772812579217 7.550838532906459e-06 21
1772812589643 7.90085990743761e-06 22
1772812600198 8.120760434620084e-06 23
1772812610129 7.617120039813664e-06 24
1772812626214 7.777206435607705e-06 25
1772812636149 7.560121474479156e-06 26
1772812646137 7.627295889849056e-06 27
1772812656078 7.931537377738108e-06 28
1772812665950 7.704310580305373e-06 29
1772812679757 8.124568167601087e-06 30
1772812696769 7.4253183607099385e-06 21
1772812706757 7.449541787520464e-06 22
1772812716670 7.567959435082241e-06 23
1772812726473 7.665052139594817e-06 24
1772812742275 7.696048594860804e-06 25
1772812752193 7.709234812250234e-06 26
1772812762171 7.493417221507267e-06 27
1772812772161 7.787089108908791e-06 28
1772812782028 7.4844250340454465e-06 29
1772812795575 7.818396993281092e-06 30
1772812812417 7.3878820823207045e-06 31
1772812822275 7.581086454621779e-06 32
1772812832110 7.650882704487635e-06 33
1772812841999 7.860195275683813e-06 34
1772812857775 7.796966339010524e-06 35
1772812867689 7.645090567723235e-06 36
1772812877562 7.479129842154459e-06 37
1772812887787 7.632747816570154e-06 38
1772812898004 7.776874929933513e-06 39
1772812911805 7.708575547640759e-06 40
1772812929435 7.794190282324243e-06 41
1772812939507 7.568526761013841e-06 42
1772812949649 7.578763029023741e-06 43
1772812959903 7.711081416001138e-06 44
1772812976122 7.589499422443661e-06 45
1772812986355 7.816765612512659e-06 46
1772812996606 7.587074677204257e-06 47
1772813006866 7.611296059667806e-06 48
1772813017104 7.665921854653372e-06 49
1772813030870 7.686918316053433e-06 50
1772813048140 7.401777789384318e-06 51
1772813058239 7.187786929249983e-06 52
1772813068399 7.444535650921213e-06 53
1772813078626 7.616931225813556e-06 54
1772813094559 7.57174468862064e-06 55
1772813104498 7.674835318710216e-06 56
1772813114628 7.146847865708337e-06 57
1772813124697 7.315511252641817e-06 58
1772813134657 7.346851753827336e-06 59
1772813148170 7.288271136251301e-06 60
1772813158103 7.506873189283544e-06 61
1772813168015 7.530308221248572e-06 62
1772813177911 7.455307747576631e-06 63
1772813187877 7.156153084245342e-06 64
1772813201334 7.375408362730968e-06 65
1772813211275 7.434473287003797e-06 66
1772813221362 7.549397692137365e-06 67
1772813231350 7.173558523303456e-06 68
1772813241325 7.681607509930311e-06 69
1772813254898 7.45587163480734e-06 70
1772813271235 7.455929426876351e-06 71
1772813281235 7.77773318945059e-06 72
1772813291127 7.75783514281062e-06 73
1772813300984 7.693950439177414e-06 74
1772813316736 7.770325979701845e-06 75
1772813326652 7.768492302097504e-06 76
1772813336628 7.567397563650503e-06 77
1772813346564 7.98821471071623e-06 78
1772813356462 7.778329516998754e-06 79
1772813369984 8.032144470977884e-06 80
1772813386471 7.5283546910681115e-06 81
1772813396413 7.912831929251008e-06 82
1772813406317 7.649283824595246e-06 83
1772813416188 8.125937901592793e-06 84
1772813431899 7.592410750075927e-06 85
1772813441886 7.73927413642634e-06 86
1772813451813 7.582453992621228e-06 87
1772813461853 7.6261755291432455e-06 88
1772813471778 7.831580154347482e-06 89
1772813485241 8.046566753356012e-06 90
1772813495213 7.68735224663303e-06 91
1772813505099 7.638975928266784e-06 92
1772813515036 7.614646319684274e-06 93
1772813525001 7.7840180144086e-06 94
1772813537867 7.663040024245377e-06 95
1772813547173 7.138164384444596e-06 96
1772813556590 7.253660033338224e-06 97
1772813565871 7.242421338626116e-06 98
1772813575425 7.160962349233533e-06 99
1772813588439 7.934841163289414e-06 100
