1772812359878 2.280068188121234e-05 1
1772812369927 2.5264557496210018e-05 2
1772812379477 2.392458035716793e-05 3
1772812388943 2.1290197715257016e-05 4
1772812404630 2.306473010667587e-05 5
1772812414086 2.1021036287261005e-05 6
1772812423650 2.0877066342181752e-05 7
1772812433047 2.0754415674056155e-05 8
1772812442533 2.1694222860731896e-05 9
1772812455528 2.0546044245338326e-05 10
1772812464981 2.058315491145968e-05 11
1772812474304 2.1289608924605812e-05 12
1772812483658 2.1283498675500784e-05 13
1772812493066 2.071780310185597e-05 14
1772812506026 2.080338812300285e-05 15
1772812515420 2.125707865054496e-05 16
1772812524817 2.1314074246806087e-05 17
1772812534232 2.0714257302127777e-05 18
1772812543570 2.104232237860907e-05 19
1772812556318 2.13615545426709e-05 20
1772812579218 2.103983537603301e-05 21
1772812589644 2.212196195529886e-05 22
1772812600199 2.2817946056276567e-05 23
1772812610129 2.1267390459570416e-05 24
1772812626214 2.194187584419065e-05 25
1772812636150 2.1009095683826925e-05 26
1772812646138 2.1401616218747623e-05 27
1772812656079 2.1953236259604875e-05 28
1772812665950 2.1438290618749023e-05 29
1772812679758 2.2618421164963794e-05 30
1772812696769 2.095223011719262e-05 21
1772812706758 2.0919134985198045e-05 22
1772812716670 2.132105514126487e-05 23
1772812726473 2.1069054687810345e-05 24
1772812742276 2.179590114739877e-05 25
1772812752193 2.1349378355270517e-05 26
1772812762172 2.0988034962425014e-05 27
1772812772161 2.1584269138444057e-05 28
1772812782028 2.1328814413648777e-05 29
1772812795575 2.1792256399707076e-05 30
1772812812417 2.1152455210349812e-05 31
1772812822275 2.093527545039363e-05 32
1772812832111 2.135521385588151e-05 33
1772812842000 2.2295582927920892e-05 34
1772812857775 2.201700655401832e-05 35
1772812867689 2.149361527160701e-05 36
1772812877562 2.095576895103391e-05 37
1772812887787 2.1106063852743924e-05 38
1772812898004 2.170778198065195e-05 39
1772812911806 2.1506453365441113e-05 40
1772812929435 2.1873164114078388e-05 41
1772812939508 2.1356972448469423e-05 42
1772812949650 2.1265538750154474e-05 43
1772812959904 2.1438770521536966e-05 44
1772812976122 2.1282300577704105e-05 45
1772812986355 2.1735435874448088e-05 46
1772812996606 2.140073803412244e-05 47
1772813006867 2.1411278292235185e-05 48
1772813017105 2.1871462872558022e-05 49
1772813030871 2.1690776512487534e-05 50
1772813048141 2.117774263840495e-05 51
1772813058240 2.0342328517010683e-05 52
1772813068399 2.1273062915355015e-05 53
1772813078626 2.1660558170197592e-05 54
1772813094560 2.1426258368141234e-05 55
1772813104498 2.1692718805485154e-05 56
1772813114629 2.0388757903826485e-05 57
1772813124698 2.0445042193811994e-05 58
1772813134658 2.0807486956551246e-05 59
1772813148171 2.0555522050320184e-05 60
1772813158103 2.1223507098942474e-05 61
1772813168015 2.1465629768767516e-05 62
1772813177911 2.0869357024099354e-05 63
1772813187878 2.037675185570532e-05 64
1772813201334 2.065618346400966e-05 65
1772813211276 2.1234228498877345e-05 66
1772813221362 2.147902297867584e-05 67
1772813231351 2.038742370914833e-05 68
1772813241325 2.1377012688881926e-05 69
1772813254898 2.1211247560469795e-05 70
1772813271235 2.1105786961333774e-05 71
1772813281236 2.1746294978417877e-05 72
1772813291127 2.131556727254162e-05 73
1772813300985 2.118045344973279e-05 74
1772813316737 2.147092345498972e-05 75
1772813326652 2.1429423417325718e-05 76
1772813336629 2.1247163774738686e-05 77
1772813346564 2.2343011413994464e-05 78
1772813356462 2.1625959421761422e-05 79
1772813369984 2.248649313655655e-05 80
1772813386471 2.136094286887709e-05 81
1772813396413 2.1308043787644785e-05 82
1772813406318 2.1169387994397787e-05 83
1772813416188 2.2115214930268815e-05 84
1772813431899 2.1043988958872858e-05 85
1772813441886 2.091631467007087e-05 86
1772813451813 2.0769090502264886e-05 87
1772813461853 2.098871613403186e-05 88
1772813471779 2.1672318791019494e-05 89
1772813485242 2.171433110380513e-05 90
1772813495213 2.1421864600117097e-05 91
1772813505099 2.0671355735564675e-05 92
1772813515037 2.1273443896062585e-05 93
1772813525002 2.157365156556974e-05 94
1772813537868 2.080487417416836e-05 95
1772813547174 1.9600326706563467e-05 96
1772813556590 1.9703403003079483e-05 97
1772813565872 2.0189263069789486e-05 98
1772813575426 1.9528452358703325e-05 99
1772813588440 2.2172457353865805e-05 100
