1772812359879 6.459160604105248e-07 1
1772812369927 7.34201467574605e-07 2
1772812379477 6.719114590601023e-07 3
1772812388943 5.97772839495306e-07 4
1772812404631 6.321783154532715e-07 5
1772812414087 5.856729312745688e-07 6
1772812423651 5.911677163955218e-07 7
1772812433047 5.66595002523451e-07 8
1772812442534 6.152775279502837e-07 9
1772812455528 5.761776561667123e-07 10
1772812464982 5.835232502337433e-07 11
1772812474305 5.926901533481259e-07 12
1772812483659 6.166375936842405e-07 13
1772812493067 5.855387377783616e-07 14
1772812506027 5.903026526956661e-07 15
1772812515420 5.98143935847406e-07 16
1772812524817 6.002456842367825e-07 17
1772812534232 5.848728514540666e-07 18
1772812543570 5.898918420574565e-07 19
1772812556318 5.842287095698653e-07 20
1772812579218 5.844709947397491e-07 21
1772812589644 6.307915094391958e-07 22
1772812600199 6.492527779281077e-07 23
1772812610129 5.927634858030924e-07 24
1772812626215 6.197248693994475e-07 25
1772812636150 5.961846244042532e-07 26
1772812646138 6.123582892087422e-07 27
1772812656079 6.086500558925348e-07 28
1772812665951 5.934663835231905e-07 29
1772812679758 6.276969911144631e-07 30
1772812696769 5.821649188207132e-07 21
1772812706758 5.8584644539009e-07 22
1772812716671 6.162040542639506e-07 23
1772812726473 5.876737870911045e-07 24
1772812742276 6.265109893188077e-07 25
1772812752193 5.885684425632415e-07 26
1772812762172 6.024207374663629e-07 27
1772812772161 6.04436492116699e-07 28
1772812782029 6.025477952581852e-07 29
1772812795576 6.195696111883716e-07 30
1772812812418 5.805949625719559e-07 31
1772812822276 5.96250224745475e-07 32
1772812832111 6.153094030514708e-07 33
1772812842000 6.382469887201776e-07 34
1772812857776 6.25886512024148e-07 35
1772812867689 6.220180945311384e-07 36
1772812877563 5.992081809614857e-07 37
1772812887787 5.937118364256094e-07 38
1772812898005 6.49763839534612e-07 39
1772812911806 6.1245215780219e-07 40
1772812929436 6.109301088135422e-07 41
1772812939508 6.000524578032069e-07 42
1772812949650 6.152770476634923e-07 43
1772812959904 5.960587273569282e-07 44
1772812976123 6.109435624094775e-07 45
1772812986356 6.173817418232764e-07 46
1772812996607 5.986872058956685e-07 47
1772813006867 5.972397913834655e-07 48
1772813017105 6.240956276963134e-07 49
1772813030871 6.30261098830999e-07 50
1772813048141 5.878098391668743e-07 51
1772813058240 5.692570942059427e-07 52
1772813068399 5.990260406434642e-07 53
1772813078627 6.327394025545504e-07 54
1772813094560 6.066132280121805e-07 55
1772813104499 5.99622869971752e-07 56
1772813114629 5.682805779405476e-07 57
1772813124698 5.677050929972569e-07 58
1772813134658 5.766589381377496e-07 59
1772813148171 5.753893202362198e-07 60
1772813158104 5.931525784834682e-07 61
1772813168015 5.869587403322905e-07 62
1772813177911 5.86044286941451e-07 63
1772813187878 5.696071572979792e-07 64
1772813201334 5.755135122415229e-07 65
1772813211276 5.936074242569247e-07 66
1772813221363 5.988201776872882e-07 67
1772813231351 5.67859529137052e-07 68
1772813241325 5.936967104892281e-07 69
1772813254898 5.961838237471288e-07 70
1772813271235 5.935402438068364e-07 71
1772813281236 5.93156767395666e-07 72
1772813291128 6.031707156266971e-07 73
1772813300985 5.901745735597968e-07 74
1772813316737 6.137737728628172e-07 75
1772813326652 5.9956357392417e-07 76
1772813336629 5.993118683538564e-07 77
1772813346565 6.371667456508193e-07 78
1772813356462 6.116316791329047e-07 79
1772813369984 6.269607565430209e-07 80
1772813386472 5.965091014565842e-07 81
1772813396414 6.083129349446219e-07 82
1772813406318 6.091056073883524e-07 83
1772813416189 6.140736624326942e-07 84
1772813431900 6.13003426071766e-07 85
1772813441887 5.949558926255312e-07 86
1772813451813 5.935141187493243e-07 87
1772813461853 5.94329597407154e-07 88
1772813471779 6.13661243216767e-07 89
1772813485242 6.119144062108248e-07 90
1772813495214 6.16284550745351e-07 91
1772813505099 5.822132225053788e-07 92
1772813515037 6.110452151574107e-07 93
1772813525002 6.180823370603018e-07 94
1772813537868 5.971295778094154e-07 95
1772813547174 5.613103753614372e-07 96
1772813556590 5.613296234353318e-07 97
1772813565872 5.744168487510234e-07 98
1772813575426 5.573816887282432e-07 99
1772813588440 6.371941841012204e-07 100
