1772812359878 4.048830927757629e-05 1
1772812369927 4.7780722271259674e-05 2
1772812379473 4.2377489694122936e-05 3
1772812388942 3.960843634227733e-05 4
1772812404630 3.9853490002237054e-05 5
1772812414086 3.8819036928946983e-05 6
1772812423650 3.6975937270910695e-05 7
1772812433047 3.6507180116865624e-05 8
1772812442533 3.821492051930282e-05 9
1772812455528 3.7246661923681586e-05 10
1772812464981 3.771678026531695e-05 11
1772812474304 3.741775876421933e-05 12
1772812483658 3.85597034336107e-05 13
1772812493066 3.727579317782291e-05 14
1772812506026 3.768276251691097e-05 15
1772812515419 3.796227172165879e-05 16
1772812524817 3.809516476720139e-05 17
1772812534231 3.875256382979869e-05 18
1772812543569 3.7275813634103666e-05 19
1772812556317 3.778122474961106e-05 20
1772812579218 3.779715032733892e-05 21
1772812589645 3.981313083843551e-05 22
1772812600199 4.040128497035235e-05 23
1772812610130 3.804946589370268e-05 24
1772812626215 3.9018367999540086e-05 25
1772812636151 3.832505302383414e-05 26
1772812646138 3.813469444207985e-05 27
1772812656079 3.913402241490446e-05 28
1772812665951 3.755434886403906e-05 29
1772812679758 3.8445415770214835e-05 30
1772812696770 3.742531209896969e-05 21
1772812706759 3.712051743755497e-05 22
1772812716671 3.799009295090858e-05 23
1772812726474 3.776882197588572e-05 24
1772812742276 3.850955879991576e-05 25
1772812752194 3.7257447570095974e-05 26
1772812762172 3.805281575291596e-05 27
1772812772162 3.807726932008535e-05 28
1772812782032 3.7946147142257084e-05 29
1772812795576 3.8224690475681593e-05 30
1772812812418 3.749675990013633e-05 31
1772812822276 3.7408201353778586e-05 32
1772812832111 3.8156903402543845e-05 33
1772812842000 4.058019740215332e-05 34
1772812857780 3.979690379998444e-05 35
1772812867690 3.797427635153341e-05 36
1772812877563 3.747682660794749e-05 37
1772812887788 3.7944982541600206e-05 38
1772812898005 3.855079818924379e-05 39
1772812911806 3.851299814739453e-05 40
1772812929436 3.824844896001302e-05 41
1772812939508 3.865382753602482e-05 42
1772812949650 3.8239655390303495e-05 43
1772812959904 3.8978135722290427e-05 44
1772812976123 3.890845015832017e-05 45
1772812986356 3.8518852794938805e-05 46
1772812996607 3.819197628163023e-05 47
1772813006867 3.893733206537663e-05 48
1772813017106 3.854492701835998e-05 49
1772813030875 3.944178167690969e-05 50
1772813048141 3.820837546021264e-05 51
1772813058240 3.71394337449912e-05 52
1772813068400 3.796862855747717e-05 53
1772813078627 3.937631387227959e-05 54
1772813094560 3.9319814992811974e-05 55
1772813104499 3.823801211730458e-05 56
1772813114629 3.68987396564409e-05 57
1772813124698 3.6265172888854626e-05 58
1772813134659 3.7063425575164445e-05 59
1772813148171 3.688078497004147e-05 60
1772813158104 3.778594791278411e-05 61
1772813168016 3.661851770311833e-05 62
1772813177912 3.646459243282768e-05 63
1772813187878 3.6334099176128994e-05 64
1772813201335 3.681809847533307e-05 65
1772813211276 3.8130088590512926e-05 66
1772813221363 3.8209756382379866e-05 67
1772813231351 3.708585740988106e-05 68
1772813241326 3.730495251043197e-05 69
1772813254899 3.769014339061155e-05 70
1772813271236 3.7751392505457496e-05 71
1772813281236 3.787075317840002e-05 72
1772813291128 3.7335375098195716e-05 73
1772813300985 3.803184325351932e-05 74
1772813316738 3.801586986325324e-05 75
1772813326653 3.868612649794454e-05 76
1772813336629 3.766409734507196e-05 77
1772813346565 3.934082524006083e-05 78
1772813356463 3.8054868939346636e-05 79
1772813369984 3.9255132349565887e-05 80
1772813386472 3.835511360730501e-05 81
1772813396414 3.7439831698514324e-05 82
1772813406318 3.795609166919933e-05 83
1772813416189 3.744723074639131e-05 84
1772813431904 3.757895083911858e-05 85
1772813441887 3.776176397326381e-05 86
1772813451814 3.786938726759256e-05 87
1772813461854 3.827454034565321e-05 88
1772813471779 3.741561540187855e-05 89
1772813485243 3.782586638230886e-05 90
1772813495214 3.782044046543083e-05 91
1772813505100 3.7038293414628816e-05 92
1772813515037 3.821813402334726e-05 93
1772813525002 3.8295785819645925e-05 94
1772813537868 3.736462724621638e-05 95
1772813547174 3.48725548478489e-05 96
1772813556591 3.595448278844692e-05 97
1772813565872 3.592823279076142e-05 98
1772813575426 3.632001719173265e-05 99
1772813588440 3.8360170059396814e-05 100
