1772812359877 2.2213164119786702e-05 1
1772812369926 2.740949216392725e-05 2
1772812379472 2.3987177652487345e-05 3
1772812388942 2.1946973679266178e-05 4
1772812404629 2.2700356285518947e-05 5
1772812414085 2.2354800680641488e-05 6
1772812423649 2.1078625714175294e-05 7
1772812433046 2.1063253580262526e-05 8
1772812442532 2.1916164371584945e-05 9
1772812455527 2.0982684330620213e-05 10
1772812464980 2.123886864381605e-05 11
1772812474303 2.1561055874797674e-05 12
1772812483657 2.2304676289081385e-05 13
1772812493065 2.163910907171145e-05 14
1772812506025 2.1328897602407945e-05 15
1772812515418 2.1772143832487374e-05 16
1772812524816 2.2312235185628743e-05 17
1772812534231 2.1473078961628295e-05 18
1772812543569 2.1523325034363503e-05 19
1772812556317 2.1535685356942564e-05 20
1772812579219 2.1736761139723816e-05 21
1772812589645 2.2721016882015806e-05 22
1772812600200 2.3225931491676668e-05 23
1772812610130 2.179111664820634e-05 24
1772812626215 2.243957563557111e-05 25
1772812636151 2.212368034139436e-05 26
1772812646139 2.189306313058995e-05 27
1772812656079 2.2458937425437386e-05 28
1772812665951 2.1567333385947614e-05 29
1772812679759 2.197318988296459e-05 30
1772812696770 2.1477735636500504e-05 21
1772812706759 2.1307745963733022e-05 22
1772812716671 2.1911644693138258e-05 23
1772812726474 2.175975793973636e-05 24
1772812742276 2.232071319669629e-05 25
1772812752194 2.1687385430049277e-05 26
1772812762172 2.1746729683814024e-05 27
1772812772162 2.1985334104496328e-05 28
1772812782033 2.207471020361079e-05 29
1772812795576 2.2450157243507464e-05 30
1772812812418 2.1156020224296276e-05 31
1772812822276 2.1765246399144377e-05 32
1772812832112 2.18532681638134e-05 33
1772812842001 2.2649367688686982e-05 34
1772812857780 2.2671364736327502e-05 35
1772812867690 2.1494949789024117e-05 36
1772812877563 2.112337568785893e-05 37
1772812887788 2.1222631385163622e-05 38
1772812898005 2.2076014168494008e-05 39
1772812911807 2.187692708690279e-05 40
1772812929436 2.2154075316118805e-05 41
1772812939508 2.2160296380889745e-05 42
1772812949650 2.198458101823988e-05 43
1772812959904 2.2160557717365113e-05 44
1772812976123 2.210543875152153e-05 45
1772812986356 2.2039251745921083e-05 46
1772812996607 2.2199397089709495e-05 47
1772813006868 2.209223007557193e-05 48
1772813017106 2.2346791087207913e-05 49
1772813030875 2.2738414217311355e-05 50
1772813048141 2.165202229277089e-05 51
1772813058241 2.0872842799582093e-05 52
1772813068400 2.1605792476102875e-05 53
1772813078627 2.1777846180147746e-05 54
1772813094561 2.2505320972015787e-05 55
1772813104499 2.217583593851797e-05 56
1772813114629 2.0583597782829387e-05 57
1772813124699 2.076119455660092e-05 58
1772813134659 2.1260827932116003e-05 59
1772813148171 2.1085594173363704e-05 60
1772813158104 2.1584132395041282e-05 61
1772813168016 2.117728750097863e-05 62
1772813177912 2.106548038649139e-05 63
1772813187878 2.0882631778542304e-05 64
1772813201335 2.1017006474104404e-05 65
1772813211277 2.1712058536203392e-05 66
1772813221363 2.1877685092409947e-05 67
1772813231352 2.1039375175529234e-05 68
1772813241326 2.1544448477071658e-05 69
1772813254899 2.1432366368738804e-05 70
1772813271236 2.1347160442986483e-05 71
1772813281237 2.201664181026912e-05 72
1772813291128 2.1864843011498295e-05 73
1772813300985 2.2081536129592884e-05 74
1772813316738 2.2109857715586104e-05 75
1772813326653 2.2398642282382923e-05 76
1772813336629 2.1866750212966226e-05 77
1772813346565 2.259223205047469e-05 78
1772813356463 2.234969218215368e-05 79
1772813369985 2.3139271774942025e-05 80
1772813386472 2.1949667773886503e-05 81
1772813396414 2.1902091458192732e-05 82
1772813406319 2.168851196000844e-05 83
1772813416189 2.1828736044070164e-05 84
1772813431904 2.1594252641672404e-05 85
1772813441887 2.182563552676226e-05 86
1772813451814 2.1231942806728423e-05 87
1772813461854 2.1629912931245207e-05 88
1772813471780 2.1669108108189605e-05 89
1772813485243 2.2431480891165867e-05 90
1772813495214 2.1759023477850285e-05 91
1772813505100 2.1377542268612004e-05 92
1772813515038 2.215290978384386e-05 93
1772813525002 2.2052212029194666e-05 94
1772813537869 2.169160407282592e-05 95
1772813547174 2.026716455068324e-05 96
1772813556591 2.068974652861891e-05 97
1772813565873 2.0775349567475847e-05 98
1772813575426 2.0926157307947344e-05 99
1772813588440 2.2075919767172772e-05 100
