1772812359837 262.9826774759866 1
1772812369878 317.02882748825937 2
1772812379434 344.8011386517382 3
1772812388899 361.4394759726987 4
1772812404592 373.07268523123054 5
1772812414048 345.88241658691834 6
1772812423612 354.58172947948447 7
1772812433008 362.15746396409247 8
1772812442493 368.17243694686823 9
1772812455490 372.7960103277338 10
1772812464943 365.7867649513758 11
1772812474266 370.3077473586003 12
1772812483619 374.15780865978235 13
1772812493027 377.46108609161644 14
1772812505987 380.2064829205772 15
1772812515382 374.85099910582124 16
1772812524779 377.4994778224329 17
1772812534193 379.8423752664144 18
1772812543531 382.12458482712566 19
1772812556281 384.37024094460105 20
1772812579177 393.725978190983 21
1772812589597 388.98125584841006 22
1772812600161 385.1722924185968 23
1772812610087 389.46129737368574 24
1772812626175 392.9382268272145 25
1772812636107 357.7176000679221 26
1772812646099 363.23907993593 27
1772812656036 367.7257606830265 28
1772812665911 371.48730680135844 29
1772812679718 373.6130360332885 30
1772812696729 413.82023187636605 21
1772812706716 407.2712581345037 22
1772812716630 405.731342922098 23
1772812726435 406.2852033202203 24
1772812742236 405.6035557657188 25
1772812752154 368.7023511698817 26
1772812762133 372.94977065540166 27
1772812772122 376.1911746391302 28
1772812781989 379.2274586726187 29
1772812795537 381.37198093426514 30
1772812812378 414.7424381486148 31
1772812822236 410.28027312492 32
1772812832069 408.9980798841119 33
1772812841962 407.7853278878203 34
1772812857736 407.4659147596862 35
1772812867649 369.68230251073874 36
1772812877520 374.3690100150885 37
1772812887747 376.61811083870157 38
1772812897963 378.0677951879032 39
1772812911768 379.52122313690757 40
1772812929396 400.80955176546036 41
1772812939470 398.93633018489385 42
1772812949611 397.4918891156282 43
1772812959865 395.60310187241134 44
1772812976085 394.78190048030797 45
1772812986317 358.81281487528764 46
1772812996568 363.0050963971018 47
1772813006828 366.15988189024176 48
1772813017064 368.7247345552568 49
1772813030832 371.02396501225184 50
1772813048103 405.543694422197 51
1772813058198 400.8457343939807 52
1772813068360 398.4214800995081 53
1772813078585 396.50589587552935 54
1772813094522 396.5587490937437 55
1772813104454 362.5335496241604 56
1772813114590 367.2404922318075 57
1772813124658 370.35404057346125 58
1772813134619 373.54148296070906 59
1772813148130 376.4244968997212 60
1772813158064 367.2357023413554 61
1772813167976 369.9835289444757 62
1772813177872 372.4119734585577 63
1772813187838 374.34032012954884 64
1772813201295 376.256161866014 65
1772813211232 370.00508224699195 66
1772813221323 371.4482770399955 67
1772813231311 373.04476222088044 68
1772813241286 374.31830841126856 69
1772813254859 375.5302937357343 70
1772813271197 416.77838459058785 71
1772813281197 408.12923977987504 72
1772813291088 406.8587709124913 73
1772813300945 406.53849712665976 74
1772813316698 405.5469967961497 75
1772813326609 369.1041463952368 76
1772813336590 373.3237930438817 77
1772813346523 376.7630461174066 78
1772813356422 379.61310341284536 79
1772813369939 381.7288254105248 80
1772813386432 414.0892040023251 81
1772813396374 408.1221719846511 82
1772813406278 406.6386050872303 83
1772813416150 406.29372683000673 84
1772813431860 405.9055496104037 85
1772813441848 368.7481601483128 86
1772813451770 373.300561690213 87
1772813461813 376.27629888916016 88
1772813471735 379.0610170667077 89
1772813485197 381.60568883043265 90
1772813495172 371.62052478235535 91
1772813505059 374.1319888184467 92
1772813514995 376.20164015069594 93
1772813524962 377.88315346214927 94
1772813537826 380.40721253362295 95
1772813547135 375.6427767904787 96
1772813556551 378.2192415802423 97
1772813565834 380.8050229240845 98
1772813575385 382.674804964391 99
1772813588402 384.05633968305096 100
