1772812359836 262.98272286201376 1
1772812369877 399.0738825699659 2
1772812379434 418.08004758591164 3
1772812388899 422.65979732691 4
1772812404591 428.23779118595735 5
1772812414047 253.51624925606515 6
1772812423612 417.6371673474632 7
1772812433008 425.8830966456708 8
1772812442493 424.62504490167913 9
1772812455490 420.338483884004 10
1772812464943 307.9164007686857 11
1772812474265 428.6118577368599 12
1772812483619 427.53139545241896 13
1772812493026 426.4376980520057 14
1772812505987 423.3944653631479 15
1772812515381 309.48493968974236 16
1772812524779 425.6525296511065 17
1772812534193 424.68480045910843 18
1772812543530 428.50153120373994 19
1772812556281 432.72245588711723 20
1772812579177 393.72606050773055 21
1772812589597 384.38517083038926 22
1772812600161 377.8337575983104 23
1772812610087 402.9520772866102 24
1772812626175 407.52190342490536 25
1772812636107 247.02636036075862 26
1772812646098 400.3473196355716 27
1772812656035 402.5629202125736 28
1772812665910 404.6314605770508 29
1772812679718 393.9315808261608 30
1772812696729 413.8202710925726 21
1772812706716 400.96132482404954 22
1772812716629 402.72556438299574 23
1772812726435 407.9894586745031 24
1772812742236 402.93020580425446 25
1772812752154 253.43526953945548 26
1772812762132 400.6730154732791 27
1772812772122 400.5928691139327 28
1772812781989 405.4364945909572 29
1772812795536 401.85599538234624 30
1772812812377 414.74271052794194 31
1772812822236 405.9491544116852 32
1772812832069 406.49170988180686 33
1772812841962 404.2214751722015 34
1772812857736 406.2291327549603 35
1772812867649 252.59053432558025 36
1772812877520 405.22388462677344 37
1772812887746 393.1834038994409 38
1772812897963 390.11342217342343 39
1772812911768 393.1565451678917 40
1772812929396 400.80962875661737 41
1772812939470 397.1164103494403 42
1772812949611 394.66505590645403 43
1772812959865 390.07216603281665 44
1772812976085 391.5621872710285 45
1772812986317 246.52564285390255 46
1772812996568 390.40402522155176 47
1772813006828 389.91756521191303 48
1772813017063 390.64678313684226 49
1772813030831 393.1296015867248 50
1772813048103 405.5439359807663 51
1772813058197 396.28889160623703 52
1772813068359 393.69461492136946 53
1772813078585 390.9037384148887 54
1772813094521 396.8045429356684 55
1772813104454 253.70913438609594 56
1772813114590 398.2967205986646 57
1772813124658 393.7554325953653 58
1772813134618 401.1928265116005 59
1772813148130 404.5564075652692 60
1772813158064 295.1975055810728 61
1772813167976 403.2000543645297 62
1772813177872 404.28544761702267 63
1772813187837 401.3897014594726 64
1772813201295 405.3280815286424 65
1772813211231 296.20917880718747 66
1772813221322 396.2062394001845 67
1772813231311 402.4822101011289 68
1772813241285 398.8581356482097 69
1772813254859 400.17888664464056 70
1772813271196 416.77842988370685 71
1772813281197 399.865137125127 72
1772813291087 404.37373498779954 73
1772813300945 405.6132856256485 74
1772813316698 401.6608206186194 75
1772813326609 254.6894806803208 76
1772813336590 400.8491069575342 77
1772813346523 402.765899155498 78
1772813356421 404.0979590600433 79
1772813369939 401.9199717050228 80
1772813386432 414.0892468701232 81
1772813396374 402.3600158354351 82
1772813406278 403.7401732639498 83
1772813416150 405.294776020873 84
1772813431859 404.3918352093923 85
1772813441848 252.9854783253212 86
1772813451770 403.1981746542672 87
1772813461813 398.54734311823216 88
1772813471735 402.94847472700997 89
1772813485196 406.1758633850461 90
1772813495171 294.56573894444864 91
1772813505059 404.20980297915486 92
1772813514995 402.98726228575447 93
1772813524962 401.2280436884381 94
1772813537826 419.68249158567545 95
1772813547135 316.2516807171883 96
1772813556551 424.876456312453 97
1772813565834 430.9212904625904 98
1772813575385 419.80901185494247 99
1772813588402 412.3750203785516 100
