1772811731894 0.00014119948885769044 1
1772811741022 0.00013142509955858046 2
1772811750811 0.0001664034943299082 3
1772811760302 0.00014610762663227737 4
1772811776888 0.00016172167772850597 5
1772811786200 0.0001404215942516428 6
1772811796037 0.0001268161038424138 7
1772811805790 0.00014023323197811646 8
1772811815531 0.00016134993834471972 9
1772811828844 0.00018364215897111088 10
1772811837938 0.00012641134415095783 11
1772811847076 0.00012477869551974643 12
1772811856653 0.0001318267106793972 13
1772811866098 0.00012931348291623178 14
1772811878949 0.0001311343018153909 15
1772811888290 0.00013047795967625637 16
1772811898117 0.00014405067835931268 17
1772811907594 0.00014135324702406677 18
1772811917571 0.0001432420814502293 19
1772811931125 0.00015131997160498057 20
1772811948637 0.0001370778124581762 11
1772811958778 0.00012367448829499498 12
1772811969778 0.00013416635702341684 13
1772811979670 0.00012406678880430778 14
1772811995450 0.00013078401162495214 15
1772812005159 0.00011924790838352956 16
1772812015681 0.00013611264178750126 17
1772812025887 0.00013123043182026626 18
1772812036148 0.00013113558724720382 19
