1772811731895 8.095747274051303e-06 1
1772811741023 7.948700095447536e-06 2
1772811750812 9.32204747950575e-06 3
1772811760302 8.392199567339434e-06 4
1772811776888 9.053149489291954e-06 5
1772811786200 8.119323742885025e-06 6
1772811796038 7.904014050666634e-06 7
1772811805790 8.347856981838537e-06 8
1772811815531 9.000549567495466e-06 9
1772811828844 9.579245539795997e-06 10
1772811837938 7.649799274291247e-06 11
1772811847076 7.772246103517454e-06 12
1772811856653 7.77157179102285e-06 13
1772811866099 7.94816190984491e-06 14
1772811878950 7.993172418729138e-06 15
1772811888290 7.704309809515142e-06 16
1772811898117 8.4076272235239e-06 17
1772811907594 8.19280418755044e-06 18
