1772811731895 2.2821791333339667e-05 1
1772811741023 2.2717406426970268e-05 2
1772811750812 2.7210069290036503e-05 3
1772811760303 2.4192272694137814e-05 4
1772811776889 2.6784093056108043e-05 5
1772811786201 2.3359340629984422e-05 6
1772811796038 2.1841790500035998e-05 7
1772811805791 2.377076047801646e-05 8
1772811815532 2.549311271334537e-05 9
1772811828844 2.919243589705075e-05 10
1772811837939 2.1048941800409035e-05 11
1772811847077 2.1889304768849155e-05 12
1772811856654 2.1909517526058886e-05 13
1772811866099 2.194597809100414e-05 14
1772811878950 2.1827113736565562e-05 15
1772811888291 2.1813022572939248e-05 16
1772811898118 2.3850833131565883e-05 17
1772811907595 2.3689368740937737e-05 18
1772811917572 2.4240039625701234e-05 19
1772811931125 2.436163449305435e-05 20
1772811948638 2.2867705171508036e-05 11
1772811958779 2.144945249711571e-05 12
1772811969779 2.276995356690923e-05 13
1772811979670 2.1482583157749563e-05 14
1772811995451 2.2264553523263644e-05 15
1772812005160 2.0746515304001202e-05 16
1772812015682 2.265726726269671e-05 17
1772812025887 2.2512196344039067e-05 18
1772812036149 2.2869543771059865e-05 19
