1772811731894 6.933141355745192e-07 1
1772811741022 6.779225894759402e-07 2
1772811750811 9.42376403613429e-07 3
1772811760302 7.356704553840527e-07 4
1772811776888 8.882323709725219e-07 5
1772811786200 6.983674773853386e-07 6
1772811796037 6.487418125878566e-07 7
1772811805790 7.313946556808312e-07 8
1772811815531 8.800720041215973e-07 9
1772811828843 1.0050339418883153e-06 10
1772811837938 6.204402937502473e-07 11
1772811847075 6.281629354638887e-07 12
1772811856653 6.46843297589372e-07 13
1772811866098 6.314573698081912e-07 14
1772811878949 6.379562538679736e-07 15
1772811888290 6.420045264228035e-07 16
1772811898117 7.131479956946616e-07 17
1772811907594 7.1584415874685e-07 18
1772811917570 7.539979882276132e-07 19
1772811931124 7.587378576645766e-07 20
1772811948638 6.736301851917875e-07 11
1772811958779 6.037137579644174e-07 12
1772811969779 6.59382510025915e-07 13
1772811979671 6.028049425975298e-07 14
1772811995451 6.238005753143201e-07 15
1772812005160 5.760548029545054e-07 16
1772812015682 6.465768031123196e-07 17
1772812025888 6.487435026245074e-07 18
1772812036149 6.523092575479453e-07 19
