1772811731895 4.191198184278041e-05 1
1772811741023 3.968152916774913e-05 2
1772811750812 4.913243192714619e-05 3
1772811760302 4.265009257890486e-05 4
1772811776889 4.7321056780102324e-05 5
1772811786201 4.165990198670787e-05 6
1772811796038 3.8986547579885836e-05 7
1772811805791 4.147775705812108e-05 8
1772811815531 4.70438173826008e-05 9
1772811828844 5.204036539393201e-05 10
1772811837939 3.758571158216662e-05 11
1772811847076 3.821213651527942e-05 12
1772811856654 3.978572931356194e-05 13
1772811866099 3.9220678960418684e-05 14
1772811878950 3.900531426755863e-05 15
1772811888290 3.9085987922009176e-05 16
1772811898118 4.331055242081405e-05 17
1772811907595 4.318267934686828e-05 18
