1772811731895 2.3033355662356724e-05 1
1772811741023 2.2875486369052292e-05 2
1772811750812 2.6218834403680683e-05 3
1772811760303 2.3848820449635693e-05 4
1772811776889 2.6406810421951225e-05 5
1772811786202 2.3416003285898657e-05 6
1772811796039 2.2530717213257544e-05 7
1772811805791 2.4592350990722053e-05 8
1772811815532 2.556132745542626e-05 9
1772811828845 2.89845829053407e-05 10
1772811837939 2.1736405931404237e-05 11
1772811847077 2.2660783256947955e-05 12
1772811856654 2.27936794264715e-05 13
1772811866099 2.2596363489894876e-05 14
1772811878951 2.217348778903952e-05 15
1772811888291 2.2535878940410383e-05 16
1772811898118 2.5416282301947798e-05 17
1772811907595 2.3958331454595565e-05 18
1772811917572 2.4200808030393306e-05 19
1772811931126 2.4672651593554385e-05 20
1772811948638 2.343607745568751e-05 11
1772811958780 2.210483091038408e-05 12
1772811969780 2.29912167976484e-05 13
1772811979671 2.216618336277042e-05 14
1772811995451 2.2783700946769806e-05 15
1772812005161 2.1089417515244133e-05 16
1772812015683 2.316597241937679e-05 17
1772812025888 2.2917280538344197e-05 18
1772812036149 2.284086400743403e-05 19
