1772811732026 31714.228335539985 1
1772811741152 39487.07863360495 2
1772811750962 42273.747923266405 3
1772811760436 44104.03263454533 4
1772811777034 44905.69678977311 5
1772811786335 41556.485263370894 6
1772811796167 42495.698995418556 7
1772811805959 43272.51200490253 8
1772811815711 43850.870767782326 9
1772811828997 44371.12626747995 10
1772811838197 43667.52741136403 11
1772811847214 44348.973154679334 12
1772811856800 44755.008087359936 13
1772811866232 45151.92844759211 14
1772811879084 45553.17442629196 15
1772811888428 44935.99306234987 16
1772811898292 45162.3992940756 17
1772811907786 45437.78296790811 18
