1772811732025 31714.228945179304 1
1772811741152 52295.428697559815 2
1772811750961 49221.6895553198 3
1772811760436 50690.63801350316 4
1772811777034 48430.894011640856 5
1772811786335 30272.54606066009 6
1772811796167 49166.39541961758 7
1772811805959 49626.1935606582 8
1772811815711 49154.86266894106 9
1772811828997 49680.639772115035 10
1772811838197 37694.434930719966 11
1772811847214 53544.946060413895 12
1772811856799 50290.15197077499 13
1772811866232 51041.72324658313 14
1772811879083 52030.175883336495 15
1772811888428 37349.992510065356 16
1772811898292 49126.82912507176 17
1772811907785 50698.42821634439 18
1772811917899 47607.85038849035 19
1772811931337 49813.918032305504 20
1772811955116 50861.005678750895 21
1772811966229 43572.04167527146 22
1772811976378 47343.197748645085 23
1772811986361 48328.89953612192 24
1772812001832 50866.51608039478 25
1772812012160 29629.098125484583 26
1772812022421 46839.236997730426 27
1772812032602 47380.0852083784 28
1772812042827 47118.20519524501 29
