1772811731969 -1.0 1
1772811741103 -1.0 2
1772811750899 -1.0 3
1772811760387 -1.0 4
1772811776985 -1.0 5
1772811786288 -1.0 6
1772811796119 -1.0 7
1772811805893 -1.0 8
1772811815661 -1.0 9
1772811828945 -1.0 10
1772811838149 -1.0 11
1772811847163 -1.0 12
1772811856750 -1.0 13
1772811866185 -1.0 14
1772811879035 -1.0 15
1772811888381 -1.0 16
1772811898228 -1.0 17
1772811907725 -1.0 18
1772811917847 -1.0 19
1772811931289 -1.0 20
1772811955069 -1.0 21
1772811966167 -1.0 22
1772811976330 -1.0 23
1772811986306 -1.0 24
1772812001785 -1.0 25
1772812012102 -1.0 26
1772812022369 -1.0 27
1772812032545 -1.0 28
1772812042779 -1.0 29
