1772811731923 0.0 1
1772811741065 0.0 2
1772811750856 0.0 3
1772811760350 0.0 4
1772811776944 0.0 5
1772811786252 0.0 6
1772811796081 0.0 7
1772811805854 0.0 8
1772811815625 0.0 9
1772811828900 0.0 10
1772811838112 0.0 11
1772811847125 0.0 12
1772811856706 0.0 13
1772811866149 0.0 14
1772811878996 0.0 15
1772811888346 0.0 16
1772811898192 0.0 17
1772811907684 0.0 18
1772811917808 0.0 19
1772811931249 0.0 20
1772811955033 0.0 21
1772811966117 0.0 22
1772811976294 0.0 23
1772811986269 0.0 24
1772812001751 0.0 25
1772812012066 0.0 26
1772812022335 0.0 27
1772812032511 0.0 28
1772812042745 0.0 29
