1772811731934 1.0 1
1772811741073 1.0 2
1772811750865 1.0 3
1772811760359 1.0 4
1772811776953 1.0 5
1772811786261 1.0 6
1772811796089 1.0 7
1772811805863 1.0 8
1772811815633 1.0 9
1772811828911 1.0 10
1772811838120 1.0 11
1772811847134 1.0 12
1772811856716 1.0 13
1772811866157 1.0 14
1772811879003 1.0 15
1772811888354 1.0 16
1772811898200 1.0 17
1772811907694 1.0 18
1772811917817 1.0 19
1772811931258 1.0 20
1772811955041 1.0 21
1772811966127 1.0 22
1772811976303 1.0 23
1772811986277 1.0 24
1772812001759 1.0 25
1772812012074 1.0 26
1772812022344 1.0 27
1772812032519 1.0 28
1772812042753 1.0 29
