1772811731964 0.0 1
1772811741098 0.0 2
1772811750893 0.0 3
1772811760382 0.0 4
1772811776980 0.0 5
1772811786284 0.0 6
1772811796114 0.0 7
1772811805889 0.0 8
1772811815657 0.0 9
1772811828941 0.0 10
1772811838145 0.0 11
1772811847159 0.0 12
1772811856744 0.0 13
1772811866180 0.0 14
1772811879031 0.0 15
1772811888377 0.0 16
1772811898223 0.0 17
1772811907720 0.0 18
1772811917842 0.0 19
1772811931284 0.0 20
1772811955063 0.0 21
1772811966162 0.0 22
1772811976325 0.0 23
1772811986301 0.0 24
1772812001781 0.0 25
1772812012097 0.0 26
1772812022365 0.0 27
1772812032541 0.0 28
1772812042774 0.0 29
