1772811731931 1.0 1
1772811741070 1.0 2
1772811750862 1.0 3
1772811760356 1.0 4
1772811776950 1.0 5
1772811786258 1.0 6
1772811796087 1.0 7
1772811805860 1.0 8
1772811815630 1.0 9
1772811828906 1.0 10
1772811838118 1.0 11
1772811847131 1.0 12
1772811856713 1.0 13
1772811866155 1.0 14
1772811879001 1.0 15
1772811888351 1.0 16
1772811898197 1.0 17
1772811907690 1.0 18
1772811917814 1.0 19
1772811931255 1.0 20
1772811955038 1.0 21
1772811966123 1.0 22
1772811976300 1.0 23
1772811986275 1.0 24
1772812001756 1.0 25
1772812012072 1.0 26
1772812022341 1.0 27
1772812032517 1.0 28
1772812042750 1.0 29
