1772811731938 1.0 1
1772811741078 1.0 2
1772811750869 1.0 3
1772811760363 1.0 4
1772811776957 1.0 5
1772811786265 1.0 6
1772811796093 1.0 7
1772811805867 1.0 8
1772811815637 1.0 9
1772811828917 1.0 10
1772811838124 1.0 11
1772811847138 1.0 12
1772811856720 1.0 13
1772811866161 1.0 14
1772811879007 1.0 15
1772811888358 1.0 16
1772811898204 1.0 17
1772811907698 1.0 18
1772811917821 1.0 19
1772811931262 1.0 20
1772811955045 1.0 21
1772811966133 1.0 22
1772811976307 1.0 23
1772811986281 1.0 24
1772812001763 1.0 25
1772812012078 1.0 26
1772812022347 1.0 27
1772812032523 1.0 28
1772812042756 1.0 29
