1772811731931 1.0 1
1772811741071 1.0 2
1772811750863 1.0 3
1772811760357 1.0 4
1772811776950 1.0 5
1772811786259 1.0 6
1772811796087 1.0 7
1772811805861 1.0 8
1772811815631 1.0 9
1772811828907 1.0 10
1772811838118 1.0 11
1772811847131 1.0 12
1772811856714 1.0 13
1772811866155 1.0 14
1772811879001 1.0 15
1772811888352 1.0 16
1772811898198 1.0 17
1772811907691 1.0 18
1772811917815 1.0 19
1772811931256 1.0 20
1772811955039 1.0 21
1772811966124 1.0 22
1772811976300 1.0 23
1772811986275 1.0 24
1772812001757 1.0 25
1772812012072 1.0 26
1772812022342 1.0 27
1772812032517 1.0 28
1772812042751 1.0 29
