1772811731926 0.0 1
1772811741067 0.0 2
1772811750858 0.0 3
1772811760353 0.0 4
1772811776947 0.0 5
1772811786254 0.0 6
1772811796084 0.0 7
1772811805856 0.0 8
1772811815627 0.0 9
1772811828902 0.0 10
1772811838114 0.0 11
1772811847127 0.0 12
1772811856709 0.0 13
1772811866151 0.0 14
1772811878998 0.0 15
1772811888348 0.0 16
1772811898194 0.0 17
1772811907687 0.0 18
1772811917811 0.0 19
1772811931252 0.0 20
1772811955035 0.0 21
1772811966119 0.0 22
1772811976297 0.0 23
1772811986271 0.0 24
1772812001753 0.0 25
1772812012068 0.0 26
1772812022338 0.0 27
1772812032514 0.0 28
1772812042747 0.0 29
