1772811731971 0.3 1
1772811741105 0.3 2
1772811750903 0.3 3
1772811760389 0.3 4
1772811776987 0.3 5
1772811786290 0.3 6
1772811796121 0.3 7
1772811805896 0.3 8
1772811815664 0.3 9
1772811828948 0.3 10
1772811838152 0.3 11
1772811847166 0.3 12
1772811856752 0.3 13
1772811866187 0.3 14
1772811879037 0.3 15
1772811888383 0.3 16
1772811898235 0.3 17
1772811907727 0.3 18
1772811917849 0.3 19
1772811931291 0.3 20
1772811955071 0.3 21
1772811966170 0.3 22
1772811976332 0.3 23
1772811986308 0.3 24
1772812001787 0.3 25
1772812012104 0.3 26
1772812022371 0.3 27
1772812032548 0.3 28
1772812042782 0.3 29
