1772811731932 0.0 1
1772811741072 0.0 2
1772811750863 0.0 3
1772811760357 0.0 4
1772811776951 0.0 5
1772811786260 0.0 6
1772811796088 0.0 7
1772811805861 0.0 8
1772811815632 0.0 9
1772811828909 0.0 10
1772811838119 0.0 11
1772811847132 0.0 12
1772811856714 0.0 13
1772811866156 0.0 14
1772811879002 0.0 15
1772811888352 0.0 16
1772811898198 0.0 17
1772811907691 0.0 18
1772811917815 0.0 19
1772811931256 0.0 20
1772811955040 0.0 21
1772811966125 0.0 22
1772811976301 0.0 23
1772811986276 0.0 24
1772812001758 0.0 25
1772812012073 0.0 26
1772812022342 0.0 27
1772812032518 0.0 28
1772812042751 0.0 29
