1772811731973 0.0 1
1772811741107 0.0 2
1772811750906 0.0 3
1772811760390 0.0 4
1772811776989 0.0 5
1772811786292 0.0 6
1772811796122 0.0 7
1772811805897 0.0 8
1772811815665 0.0 9
1772811828949 0.0 10
1772811838153 0.0 11
1772811847167 0.0 12
1772811856753 0.0 13
1772811866188 0.0 14
1772811879038 0.0 15
1772811888385 0.0 16
1772811898237 0.0 17
1772811907729 0.0 18
1772811917851 0.0 19
1772811931292 0.0 20
1772811955072 0.0 21
1772811966172 0.0 22
1772811976333 0.0 23
1772811986309 0.0 24
1772812001788 0.0 25
1772812012105 0.0 26
1772812022373 0.0 27
1772812032550 0.0 28
1772812042783 0.0 29
