1772811731962 60.0 1
1772811741096 60.0 2
1772811750891 60.0 3
1772811760380 60.0 4
1772811776978 60.0 5
1772811786282 60.0 6
1772811796112 60.0 7
1772811805886 60.0 8
1772811815655 60.0 9
1772811828939 60.0 10
1772811838143 60.0 11
1772811847157 60.0 12
1772811856742 60.0 13
1772811866179 60.0 14
1772811879029 60.0 15
1772811888375 60.0 16
1772811898221 60.0 17
1772811907717 60.0 18
1772811917840 60.0 19
1772811931282 60.0 20
1772811955062 60.0 21
1772811966159 60.0 22
1772811976324 60.0 23
1772811986299 60.0 24
1772812001779 60.0 25
1772812012095 60.0 26
1772812022363 60.0 27
1772812032539 60.0 28
1772812042772 60.0 29
