1772811731924 20.0 1
1772811741066 20.0 2
1772811750857 20.0 3
1772811760351 20.0 4
1772811776945 20.0 5
1772811786253 20.0 6
1772811796082 20.0 7
1772811805855 20.0 8
1772811815626 20.0 9
1772811828901 20.0 10
1772811838113 20.0 11
1772811847126 20.0 12
1772811856707 20.0 13
1772811866149 20.0 14
1772811878996 20.0 15
1772811888346 20.0 16
1772811898193 20.0 17
1772811907685 20.0 18
1772811917809 20.0 19
1772811931250 20.0 20
1772811955034 20.0 21
1772811966118 20.0 22
1772811976295 20.0 23
1772811986270 20.0 24
1772812001752 20.0 25
1772812012067 20.0 26
1772812022336 20.0 27
1772812032512 20.0 28
1772812042746 20.0 29
