1772811731924 1.0 1
1772811741066 1.0 2
1772811750857 1.0 3
1772811760351 1.0 4
1772811776945 1.0 5
1772811786252 1.0 6
1772811796082 1.0 7
1772811805855 1.0 8
1772811815625 1.0 9
1772811828900 1.0 10
1772811838112 1.0 11
1772811847126 1.0 12
1772811856707 1.0 13
1772811866149 1.0 14
1772811878996 1.0 15
1772811888346 1.0 16
1772811898192 1.0 17
1772811907685 1.0 18
1772811917809 1.0 19
1772811931250 1.0 20
1772811955034 1.0 21
1772811966118 1.0 22
1772811976295 1.0 23
1772811986270 1.0 24
1772812001752 1.0 25
1772812012066 1.0 26
1772812022336 1.0 27
1772812032512 1.0 28
1772812042746 1.0 29
