1772811731966 -1.0 1
1772811741100 -1.0 2
1772811750895 -1.0 3
1772811760384 -1.0 4
1772811776982 -1.0 5
1772811786286 -1.0 6
1772811796116 -1.0 7
1772811805890 -1.0 8
1772811815659 -1.0 9
1772811828943 -1.0 10
1772811838147 -1.0 11
1772811847160 -1.0 12
1772811856747 -1.0 13
1772811866182 -1.0 14
1772811879032 -1.0 15
1772811888378 -1.0 16
1772811898225 -1.0 17
1772811907722 -1.0 18
1772811917844 -1.0 19
1772811931286 -1.0 20
1772811955065 -1.0 21
1772811966164 -1.0 22
1772811976327 -1.0 23
1772811986303 -1.0 24
1772812001782 -1.0 25
1772812012099 -1.0 26
1772812022366 -1.0 27
1772812032543 -1.0 28
1772812042776 -1.0 29
