1772811731939 1.0 1
1772811741079 1.0 2
1772811750870 1.0 3
1772811760364 1.0 4
1772811776957 1.0 5
1772811786266 1.0 6
1772811796094 1.0 7
1772811805868 1.0 8
1772811815638 1.0 9
1772811828918 1.0 10
1772811838125 1.0 11
1772811847139 1.0 12
1772811856721 1.0 13
1772811866162 1.0 14
1772811879008 1.0 15
1772811888358 1.0 16
1772811898204 1.0 17
1772811907699 1.0 18
1772811917822 1.0 19
1772811931263 1.0 20
1772811955046 1.0 21
1772811966136 1.0 22
1772811976307 1.0 23
1772811986283 1.0 24
1772812001764 1.0 25
1772812012079 1.0 26
1772812022348 1.0 27
1772812032524 1.0 28
1772812042757 1.0 29
