1772811731963 30.0 1
1772811741097 30.0 2
1772811750892 30.0 3
1772811760381 30.0 4
1772811776979 30.0 5
1772811786283 30.0 6
1772811796113 30.0 7
1772811805887 30.0 8
1772811815656 30.0 9
1772811828940 30.0 10
1772811838144 30.0 11
1772811847158 30.0 12
1772811856743 30.0 13
1772811866179 30.0 14
1772811879030 30.0 15
1772811888376 30.0 16
1772811898222 30.0 17
1772811907718 30.0 18
1772811917841 30.0 19
1772811931283 30.0 20
1772811955062 30.0 21
1772811966160 30.0 22
1772811976324 30.0 23
1772811986300 30.0 24
1772812001780 30.0 25
1772812012096 30.0 26
1772812022364 30.0 27
1772812032540 30.0 28
1772812042773 30.0 29
