1772811731963 1800.0 1
1772811741097 1800.0 2
1772811750892 1800.0 3
1772811760381 1800.0 4
1772811776979 1800.0 5
1772811786283 1800.0 6
1772811796113 1800.0 7
1772811805888 1800.0 8
1772811815656 1800.0 9
1772811828940 1800.0 10
1772811838144 1800.0 11
1772811847158 1800.0 12
1772811856743 1800.0 13
1772811866180 1800.0 14
1772811879030 1800.0 15
1772811888376 1800.0 16
1772811898223 1800.0 17
1772811907719 1800.0 18
1772811917841 1800.0 19
1772811931283 1800.0 20
1772811955063 1800.0 21
1772811966161 1800.0 22
1772811976325 1800.0 23
1772811986300 1800.0 24
1772812001780 1800.0 25
1772812012096 1800.0 26
1772812022364 1800.0 27
1772812032540 1800.0 28
1772812042774 1800.0 29
