1772811731930 1.0 1
1772811741070 1.0 2
1772811750861 1.0 3
1772811760355 1.0 4
1772811776949 1.0 5
1772811786258 1.0 6
1772811796086 1.0 7
1772811805859 1.0 8
1772811815630 1.0 9
1772811828905 1.0 10
1772811838117 1.0 11
1772811847130 1.0 12
1772811856712 1.0 13
1772811866153 1.0 14
1772811879000 1.0 15
1772811888350 1.0 16
1772811898196 1.0 17
1772811907689 1.0 18
1772811917813 1.0 19
1772811931254 1.0 20
1772811955038 1.0 21
1772811966123 1.0 22
1772811976299 1.0 23
1772811986274 1.0 24
1772812001756 1.0 25
1772812012071 1.0 26
1772812022340 1.0 27
1772812032516 1.0 28
1772812042749 1.0 29
