1772811731959 0.0 1
1772811741094 0.0 2
1772811750889 0.0 3
1772811760379 0.0 4
1772811776977 0.0 5
1772811786280 0.0 6
1772811796110 0.0 7
1772811805884 0.0 8
1772811815653 0.0 9
1772811828937 0.0 10
1772811838141 0.0 11
1772811847155 0.0 12
1772811856740 0.0 13
1772811866177 0.0 14
1772811879027 0.0 15
1772811888373 0.0 16
1772811898220 0.0 17
1772811907715 0.0 18
1772811917838 0.0 19
1772811931280 0.0 20
1772811955060 0.0 21
1772811966157 0.0 22
1772811976322 0.0 23
1772811986297 0.0 24
1772812001777 0.0 25
1772812012093 0.0 26
1772812022361 0.0 27
1772812032537 0.0 28
1772812042771 0.0 29
