1772811731960 0.0 1
1772811741095 0.0 2
1772811750890 0.0 3
1772811760379 0.0 4
1772811776977 0.0 5
1772811786281 0.0 6
1772811796111 0.0 7
1772811805885 0.0 8
1772811815654 0.0 9
1772811828938 0.0 10
1772811838142 0.0 11
1772811847155 0.0 12
1772811856741 0.0 13
1772811866177 0.0 14
1772811879028 0.0 15
1772811888374 0.0 16
1772811898220 0.0 17
1772811907716 0.0 18
1772811917839 0.0 19
1772811931281 0.0 20
1772811955060 0.0 21
1772811966158 0.0 22
1772811976322 0.0 23
1772811986297 0.0 24
1772812001778 0.0 25
1772812012094 0.0 26
1772812022362 0.0 27
1772812032538 0.0 28
1772812042771 0.0 29
