1772811731936 0.99 1
1772811741076 0.99 2
1772811750868 0.99 3
1772811760361 0.99 4
1772811776955 0.99 5
1772811786263 0.99 6
1772811796091 0.99 7
1772811805865 0.99 8
1772811815635 0.99 9
1772811828913 0.99 10
1772811838123 0.99 11
1772811847136 0.99 12
1772811856718 0.99 13
1772811866160 0.99 14
1772811879005 0.99 15
1772811888356 0.99 16
1772811898202 0.99 17
1772811907696 0.99 18
1772811917819 0.99 19
1772811931260 0.99 20
1772811955043 0.99 21
1772811966130 0.99 22
1772811976305 0.99 23
1772811986279 0.99 24
1772812001761 0.99 25
1772812012076 0.99 26
1772812022345 0.99 27
1772812032521 0.99 28
1772812042755 0.99 29
