1772811731961 0.0 1
1772811741096 0.0 2
1772811750890 0.0 3
1772811760380 0.0 4
1772811776978 0.0 5
1772811786282 0.0 6
1772811796112 0.0 7
1772811805886 0.0 8
1772811815655 0.0 9
1772811828938 0.0 10
1772811838142 0.0 11
1772811847156 0.0 12
1772811856741 0.0 13
1772811866178 0.0 14
1772811879028 0.0 15
1772811888374 0.0 16
1772811898221 0.0 17
1772811907717 0.0 18
1772811917839 0.0 19
1772811931282 0.0 20
1772811955061 0.0 21
1772811966159 0.0 22
1772811976323 0.0 23
1772811986298 0.0 24
1772812001778 0.0 25
1772812012095 0.0 26
1772812022362 0.0 27
1772812032539 0.0 28
1772812042772 0.0 29
