1772811731941 0.0 1
1772811741080 0.0 2
1772811750872 0.0 3
1772811760365 0.0 4
1772811776958 0.0 5
1772811786267 0.0 6
1772811796095 0.0 7
1772811805869 0.0 8
1772811815639 0.0 9
1772811828919 0.0 10
1772811838126 0.0 11
1772811847140 0.0 12
1772811856723 0.0 13
1772811866163 0.0 14
1772811879009 0.0 15
1772811888359 0.0 16
1772811898206 0.0 17
1772811907701 0.0 18
1772811917823 0.0 19
1772811931264 0.0 20
1772811955047 0.0 21
1772811966138 0.0 22
1772811976308 0.0 23
1772811986284 0.0 24
1772812001765 0.0 25
1772812012080 0.0 26
1772812022349 0.0 27
1772812032525 0.0 28
1772812042758 0.0 29
