1772811731941 1.0 1
1772811741080 1.0 2
1772811750872 1.0 3
1772811760365 1.0 4
1772811776959 1.0 5
1772811786267 1.0 6
1772811796095 1.0 7
1772811805869 1.0 8
1772811815639 1.0 9
1772811828919 1.0 10
1772811838126 1.0 11
1772811847140 1.0 12
1772811856723 1.0 13
1772811866163 1.0 14
1772811879009 1.0 15
1772811888360 1.0 16
1772811898206 1.0 17
1772811907701 1.0 18
1772811917824 1.0 19
1772811931264 1.0 20
1772811955047 1.0 21
1772811966139 1.0 22
1772811976309 1.0 23
1772811986284 1.0 24
1772812001765 1.0 25
1772812012080 1.0 26
1772812022349 1.0 27
1772812032525 1.0 28
1772812042758 1.0 29
