1772811731954 0.0 1
1772811741093 0.0 2
1772811750886 0.0 3
1772811760377 0.0 4
1772811776975 0.0 5
1772811786279 0.0 6
1772811796108 0.0 7
1772811805883 0.0 8
1772811815651 0.0 9
1772811828935 0.0 10
1772811838139 0.0 11
1772811847152 0.0 12
1772811856738 0.0 13
1772811866175 0.0 14
1772811879025 0.0 15
1772811888371 0.0 16
1772811898218 0.0 17
1772811907713 0.0 18
1772811917836 0.0 19
1772811931278 0.0 20
1772811955058 0.0 21
1772811966155 0.0 22
1772811976320 0.0 23
1772811986295 0.0 24
1772812001776 0.0 25
1772812012091 0.0 26
1772812022359 0.0 27
1772812032536 0.0 28
1772812042769 0.0 29
