1772811731970 0.2 1
1772811741104 0.2 2
1772811750901 0.2 3
1772811760388 0.2 4
1772811776986 0.2 5
1772811786289 0.2 6
1772811796120 0.2 7
1772811805894 0.2 8
1772811815662 0.2 9
1772811828947 0.2 10
1772811838151 0.2 11
1772811847165 0.2 12
1772811856751 0.2 13
1772811866186 0.2 14
1772811879036 0.2 15
1772811888382 0.2 16
1772811898233 0.2 17
1772811907726 0.2 18
1772811917848 0.2 19
1772811931290 0.2 20
1772811955070 0.2 21
1772811966169 0.2 22
1772811976331 0.2 23
1772811986307 0.2 24
1772812001786 0.2 25
1772812012103 0.2 26
1772812022370 0.2 27
1772812032547 0.2 28
1772812042781 0.2 29
