1772811731970 0.01 1
1772811741104 0.01 2
1772811750902 0.01 3
1772811760388 0.01 4
1772811776986 0.01 5
1772811786290 0.01 6
1772811796120 0.01 7
1772811805895 0.01 8
1772811815663 0.01 9
1772811828947 0.01 10
1772811838151 0.01 11
1772811847165 0.01 12
1772811856751 0.01 13
1772811866186 0.01 14
1772811879036 0.01 15
1772811888382 0.01 16
1772811898234 0.01 17
1772811907726 0.01 18
1772811917848 0.01 19
1772811931290 0.01 20
1772811955070 0.01 21
1772811966169 0.01 22
1772811976331 0.01 23
1772811986307 0.01 24
1772812001786 0.01 25
1772812012103 0.01 26
1772812022370 0.01 27
1772812032547 0.01 28
1772812042781 0.01 29
