1772811731936 0.0 1
1772811741075 0.0 2
1772811750867 0.0 3
1772811760360 0.0 4
1772811776954 0.0 5
1772811786263 0.0 6
1772811796091 0.0 7
1772811805865 0.0 8
1772811815635 0.0 9
1772811828912 0.0 10
1772811838122 0.0 11
1772811847135 0.0 12
1772811856718 0.0 13
1772811866159 0.0 14
1772811879005 0.0 15
1772811888355 0.0 16
1772811898201 0.0 17
1772811907696 0.0 18
1772811917818 0.0 19
1772811931260 0.0 20
1772811955043 0.0 21
1772811966129 0.0 22
1772811976304 0.0 23
1772811986279 0.0 24
1772812001760 0.0 25
1772812012076 0.0 26
1772812022345 0.0 27
1772812032521 0.0 28
1772812042754 0.0 29
