1772811731937 5e-05 1
1772811741076 5e-05 2
1772811750868 5e-05 3
1772811760361 5e-05 4
1772811776955 5e-05 5
1772811786263 5e-05 6
1772811796092 5e-05 7
1772811805866 5e-05 8
1772811815635 5e-05 9
1772811828914 5e-05 10
1772811838123 5e-05 11
1772811847136 5e-05 12
1772811856718 5e-05 13
1772811866160 5e-05 14
1772811879006 5e-05 15
1772811888356 5e-05 16
1772811898202 5e-05 17
1772811907696 5e-05 18
1772811917819 5e-05 19
1772811931261 5e-05 20
1772811955044 5e-05 21
1772811966130 5e-05 22
1772811976305 5e-05 23
1772811986280 5e-05 24
1772812001761 5e-05 25
1772812012077 5e-05 26
1772812022346 5e-05 27
1772812032521 5e-05 28
1772812042755 5e-05 29
