1772811731961 1000.0 1
1772811741096 1000.0 2
1772811750891 1000.0 3
1772811760380 1000.0 4
1772811776978 1000.0 5
1772811786282 1000.0 6
1772811796112 1000.0 7
1772811805886 1000.0 8
1772811815655 1000.0 9
1772811828939 1000.0 10
1772811838143 1000.0 11
1772811847156 1000.0 12
1772811856742 1000.0 13
1772811866178 1000.0 14
1772811879029 1000.0 15
1772811888375 1000.0 16
1772811898221 1000.0 17
1772811907717 1000.0 18
1772811917840 1000.0 19
1772811931282 1000.0 20
1772811955061 1000.0 21
1772811966159 1000.0 22
1772811976323 1000.0 23
1772811986298 1000.0 24
1772812001779 1000.0 25
1772812012095 1000.0 26
1772812022363 1000.0 27
1772812032539 1000.0 28
1772812042772 1000.0 29
