1772811731935 3.0 1
1772811741075 3.0 2
1772811750867 3.0 3
1772811760360 3.0 4
1772811776954 3.0 5
1772811786262 3.0 6
1772811796091 3.0 7
1772811805864 3.0 8
1772811815634 3.0 9
1772811828912 3.0 10
1772811838122 3.0 11
1772811847135 3.0 12
1772811856717 3.0 13
1772811866159 3.0 14
1772811879004 3.0 15
1772811888355 3.0 16
1772811898201 3.0 17
1772811907695 3.0 18
1772811917818 3.0 19
1772811931259 3.0 20
1772811955042 3.0 21
1772811966129 3.0 22
1772811976304 3.0 23
1772811986279 3.0 24
1772812001760 3.0 25
1772812012075 3.0 26
1772812022345 3.0 27
1772812032520 3.0 28
1772812042754 3.0 29
