1772811731954 100.0 1
1772811741093 100.0 2
1772811750887 100.0 3
1772811760377 100.0 4
1772811776976 100.0 5
1772811786279 100.0 6
1772811796109 100.0 7
1772811805883 100.0 8
1772811815652 100.0 9
1772811828935 100.0 10
1772811838140 100.0 11
1772811847153 100.0 12
1772811856739 100.0 13
1772811866175 100.0 14
1772811879026 100.0 15
1772811888372 100.0 16
1772811898219 100.0 17
1772811907714 100.0 18
1772811917836 100.0 19
1772811931279 100.0 20
1772811955059 100.0 21
1772811966156 100.0 22
1772811976320 100.0 23
1772811986296 100.0 24
1772812001776 100.0 25
1772812012092 100.0 26
1772812022360 100.0 27
1772812032536 100.0 28
1772812042770 100.0 29
