1772811731954 60.0 1
1772811741093 60.0 2
1772811750887 60.0 3
1772811760377 60.0 4
1772811776975 60.0 5
1772811786279 60.0 6
1772811796109 60.0 7
1772811805883 60.0 8
1772811815652 60.0 9
1772811828935 60.0 10
1772811838139 60.0 11
1772811847152 60.0 12
1772811856738 60.0 13
1772811866175 60.0 14
1772811879025 60.0 15
1772811888372 60.0 16
1772811898218 60.0 17
1772811907714 60.0 18
1772811917836 60.0 19
1772811931279 60.0 20
1772811955058 60.0 21
1772811966155 60.0 22
1772811976320 60.0 23
1772811986295 60.0 24
1772812001776 60.0 25
1772812012092 60.0 26
1772812022360 60.0 27
1772812032536 60.0 28
1772812042769 60.0 29
