1772811731958 0.0 1
1772811741094 0.0 2
1772811750888 0.0 3
1772811760378 0.0 4
1772811776976 0.0 5
1772811786279 0.0 6
1772811796109 0.0 7
1772811805883 0.0 8
1772811815652 0.0 9
1772811828936 0.0 10
1772811838140 0.0 11
1772811847153 0.0 12
1772811856739 0.0 13
1772811866176 0.0 14
1772811879026 0.0 15
1772811888372 0.0 16
1772811898219 0.0 17
1772811907714 0.0 18
1772811917837 0.0 19
1772811931279 0.0 20
1772811955059 0.0 21
1772811966156 0.0 22
1772811976321 0.0 23
1772811986296 0.0 24
1772812001776 0.0 25
1772812012092 0.0 26
1772812022360 0.0 27
1772812032537 0.0 28
1772812042770 0.0 29
