1772811731938 128.0 1
1772811741077 128.0 2
1772811750869 128.0 3
1772811760362 128.0 4
1772811776956 128.0 5
1772811786264 128.0 6
1772811796092 128.0 7
1772811805867 128.0 8
1772811815636 128.0 9
1772811828916 128.0 10
1772811838124 128.0 11
1772811847137 128.0 12
1772811856719 128.0 13
1772811866161 128.0 14
1772811879007 128.0 15
1772811888357 128.0 16
1772811898203 128.0 17
1772811907697 128.0 18
1772811917820 128.0 19
1772811931262 128.0 20
1772811955044 128.0 21
1772811966132 128.0 22
1772811976306 128.0 23
1772811986281 128.0 24
1772812001762 128.0 25
1772812012078 128.0 26
1772812022346 128.0 27
1772812032522 128.0 28
1772812042756 128.0 29
