1772811731926 1.0 1
1772811741067 1.0 2
1772811750858 1.0 3
1772811760352 1.0 4
1772811776946 1.0 5
1772811786254 1.0 6
1772811796083 1.0 7
1772811805856 1.0 8
1772811815627 1.0 9
1772811828902 1.0 10
1772811838114 1.0 11
1772811847127 1.0 12
1772811856709 1.0 13
1772811866150 1.0 14
1772811878997 1.0 15
1772811888348 1.0 16
1772811898194 1.0 17
1772811907686 1.0 18
1772811917810 1.0 19
1772811931251 1.0 20
1772811955035 1.0 21
1772811966119 1.0 22
1772811976296 1.0 23
1772811986271 1.0 24
1772812001753 1.0 25
1772812012068 1.0 26
1772812022338 1.0 27
1772812032513 1.0 28
1772812042747 1.0 29
