1772811731929 0.0 1
1772811741069 0.0 2
1772811750861 0.0 3
1772811760355 0.0 4
1772811776948 0.0 5
1772811786257 0.0 6
1772811796085 0.0 7
1772811805859 0.0 8
1772811815629 0.0 9
1772811828904 0.0 10
1772811838116 0.0 11
1772811847129 0.0 12
1772811856711 0.0 13
1772811866153 0.0 14
1772811878999 0.0 15
1772811888350 0.0 16
1772811898196 0.0 17
1772811907689 0.0 18
1772811917813 0.0 19
1772811931254 0.0 20
1772811955037 0.0 21
1772811966122 0.0 22
1772811976298 0.0 23
1772811986273 0.0 24
1772812001755 0.0 25
1772812012070 0.0 26
1772812022340 0.0 27
1772812032515 0.0 28
1772812042749 0.0 29
