1772811731935 0.0 1
1772811741074 0.0 2
1772811750866 0.0 3
1772811760359 0.0 4
1772811776953 0.0 5
1772811786262 0.0 6
1772811796090 0.0 7
1772811805863 0.0 8
1772811815634 0.0 9
1772811828911 0.0 10
1772811838121 0.0 11
1772811847134 0.0 12
1772811856717 0.0 13
1772811866158 0.0 14
1772811879004 0.0 15
1772811888354 0.0 16
1772811898201 0.0 17
1772811907694 0.0 18
1772811917818 0.0 19
1772811931259 0.0 20
1772811955042 0.0 21
1772811966128 0.0 22
1772811976303 0.0 23
1772811986278 0.0 24
1772812001760 0.0 25
1772812012075 0.0 26
1772812022344 0.0 27
1772812032520 0.0 28
1772812042753 0.0 29
