1772811731927 2.0 1
1772811741068 2.0 2
1772811750860 2.0 3
1772811760354 2.0 4
1772811776947 2.0 5
1772811786255 2.0 6
1772811796084 2.0 7
1772811805857 2.0 8
1772811815628 2.0 9
1772811828903 2.0 10
1772811838115 2.0 11
1772811847128 2.0 12
1772811856710 2.0 13
1772811866152 2.0 14
1772811878999 2.0 15
1772811888349 2.0 16
1772811898195 2.0 17
1772811907687 2.0 18
1772811917811 2.0 19
1772811931253 2.0 20
1772811955036 2.0 21
1772811966121 2.0 22
1772811976297 2.0 23
1772811986272 2.0 24
1772812001754 2.0 25
1772812012069 2.0 26
1772812022339 2.0 27
1772812032514 2.0 28
1772812042748 2.0 29
