1772811731962 100.0 1
1772811741097 100.0 2
1772811750892 100.0 3
1772811760381 100.0 4
1772811776979 100.0 5
1772811786283 100.0 6
1772811796113 100.0 7
1772811805887 100.0 8
1772811815656 100.0 9
1772811828939 100.0 10
1772811838143 100.0 11
1772811847157 100.0 12
1772811856742 100.0 13
1772811866179 100.0 14
1772811879029 100.0 15
1772811888375 100.0 16
1772811898222 100.0 17
1772811907718 100.0 18
1772811917840 100.0 19
1772811931283 100.0 20
1772811955062 100.0 21
1772811966160 100.0 22
1772811976324 100.0 23
1772811986300 100.0 24
1772812001780 100.0 25
1772812012096 100.0 26
1772812022363 100.0 27
1772812032540 100.0 28
1772812042773 100.0 29
