1772811731937 30.0 1
1772811741077 30.0 2
1772811750869 30.0 3
1772811760362 30.0 4
1772811776956 30.0 5
1772811786264 30.0 6
1772811796092 30.0 7
1772811805866 30.0 8
1772811815636 30.0 9
1772811828916 30.0 10
1772811838123 30.0 11
1772811847137 30.0 12
1772811856719 30.0 13
1772811866160 30.0 14
1772811879006 30.0 15
1772811888357 30.0 16
1772811898203 30.0 17
1772811907697 30.0 18
1772811917820 30.0 19
1772811931261 30.0 20
1772811955044 30.0 21
1772811966131 30.0 22
1772811976305 30.0 23
1772811986280 30.0 24
1772812001762 30.0 25
1772812012078 30.0 26
1772812022346 30.0 27
1772812032522 30.0 28
1772812042755 30.0 29
