1772811731928 1.0 1
1772811741069 1.0 2
1772811750860 1.0 3
1772811760354 1.0 4
1772811776948 1.0 5
1772811786257 1.0 6
1772811796085 1.0 7
1772811805858 1.0 8
1772811815629 1.0 9
1772811828904 1.0 10
1772811838116 1.0 11
1772811847129 1.0 12
1772811856711 1.0 13
1772811866152 1.0 14
1772811878999 1.0 15
1772811888350 1.0 16
1772811898196 1.0 17
1772811907688 1.0 18
1772811917812 1.0 19
1772811931253 1.0 20
1772811955037 1.0 21
1772811966121 1.0 22
1772811976298 1.0 23
1772811986273 1.0 24
1772812001755 1.0 25
1772812012070 1.0 26
1772812022339 1.0 27
1772812032515 1.0 28
1772812042749 1.0 29
