1772811731945 0.0 1
1772811741085 0.0 2
1772811750876 0.0 3
1772811760369 0.0 4
1772811776963 0.0 5
1772811786271 0.0 6
1772811796099 0.0 7
1772811805873 0.0 8
1772811815643 0.0 9
1772811828923 0.0 10
1772811838130 0.0 11
1772811847143 0.0 12
1772811856727 0.0 13
1772811866166 0.0 14
1772811879013 0.0 15
1772811888364 0.0 16
1772811898210 0.0 17
1772811907705 0.0 18
1772811917828 0.0 19
1772811931267 0.0 20
1772811955050 0.0 21
1772811966146 0.0 22
1772811976312 0.0 23
1772811986287 0.0 24
1772812001768 0.0 25
1772812012084 0.0 26
1772812022352 0.0 27
1772812032528 0.0 28
1772812042762 0.0 29
