1772811731944 67108864.0 1
1772811741083 67108864.0 2
1772811750875 67108864.0 3
1772811760368 67108864.0 4
1772811776962 67108864.0 5
1772811786270 67108864.0 6
1772811796098 67108864.0 7
1772811805872 67108864.0 8
1772811815642 67108864.0 9
1772811828922 67108864.0 10
1772811838129 67108864.0 11
1772811847143 67108864.0 12
1772811856726 67108864.0 13
1772811866166 67108864.0 14
1772811879012 67108864.0 15
1772811888363 67108864.0 16
1772811898209 67108864.0 17
1772811907704 67108864.0 18
1772811917827 67108864.0 19
1772811931267 67108864.0 20
1772811955049 67108864.0 21
1772811966145 67108864.0 22
1772811976311 67108864.0 23
1772811986287 67108864.0 24
1772812001767 67108864.0 25
1772812012083 67108864.0 26
1772812022351 67108864.0 27
1772812032527 67108864.0 28
1772812042761 67108864.0 29
