1772811731944 1.0 1
1772811741084 1.0 2
1772811750876 1.0 3
1772811760369 1.0 4
1772811776962 1.0 5
1772811786271 1.0 6
1772811796098 1.0 7
1772811805873 1.0 8
1772811815643 1.0 9
1772811828923 1.0 10
1772811838130 1.0 11
1772811847143 1.0 12
1772811856727 1.0 13
1772811866166 1.0 14
1772811879013 1.0 15
1772811888363 1.0 16
1772811898209 1.0 17
1772811907704 1.0 18
1772811917827 1.0 19
1772811931267 1.0 20
1772811955050 1.0 21
1772811966145 1.0 22
1772811976312 1.0 23
1772811986287 1.0 24
1772812001768 1.0 25
1772812012083 1.0 26
1772812022352 1.0 27
1772812032528 1.0 28
1772812042761 1.0 29
