1772811731940 100.0 1
1772811741079 100.0 2
1772811750871 100.0 3
1772811760364 100.0 4
1772811776958 100.0 5
1772811786266 100.0 6
1772811796094 100.0 7
1772811805868 100.0 8
1772811815638 100.0 9
1772811828918 100.0 10
1772811838125 100.0 11
1772811847139 100.0 12
1772811856721 100.0 13
1772811866162 100.0 14
1772811879008 100.0 15
1772811888359 100.0 16
1772811898205 100.0 17
1772811907700 100.0 18
1772811917822 100.0 19
1772811931263 100.0 20
1772811955046 100.0 21
1772811966136 100.0 22
1772811976308 100.0 23
1772811986283 100.0 24
1772812001764 100.0 25
1772812012079 100.0 26
1772812022348 100.0 27
1772812032524 100.0 28
1772812042757 100.0 29
