1772811731942 10.0 1
1772811741081 10.0 2
1772811750873 10.0 3
1772811760366 10.0 4
1772811776960 10.0 5
1772811786268 10.0 6
1772811796096 10.0 7
1772811805870 10.0 8
1772811815640 10.0 9
1772811828921 10.0 10
1772811838128 10.0 11
1772811847141 10.0 12
1772811856724 10.0 13
1772811866164 10.0 14
1772811879010 10.0 15
1772811888361 10.0 16
1772811898207 10.0 17
1772811907702 10.0 18
1772811917825 10.0 19
1772811931265 10.0 20
1772811955048 10.0 21
1772811966141 10.0 22
1772811976310 10.0 23
1772811986285 10.0 24
1772812001766 10.0 25
1772812012081 10.0 26
1772812022350 10.0 27
1772812032526 10.0 28
1772812042759 10.0 29
