1772811731942 0.0 1
1772811741082 0.0 2
1772811750874 0.0 3
1772811760366 0.0 4
1772811776960 0.0 5
1772811786269 0.0 6
1772811796096 0.0 7
1772811805871 0.0 8
1772811815641 0.0 9
1772811828921 0.0 10
1772811838128 0.0 11
1772811847142 0.0 12
1772811856725 0.0 13
1772811866165 0.0 14
1772811879011 0.0 15
1772811888361 0.0 16
1772811898207 0.0 17
1772811907703 0.0 18
1772811917825 0.0 19
1772811931266 0.0 20
1772811955048 0.0 21
1772811966141 0.0 22
1772811976310 0.0 23
1772811986285 0.0 24
1772812001766 0.0 25
1772812012082 0.0 26
1772812022350 0.0 27
1772812032526 0.0 28
1772812042760 0.0 29
