1772811731961 1.0 1
1772811741096 1.0 2
1772811750890 1.0 3
1772811760380 1.0 4
1772811776978 1.0 5
1772811786281 1.0 6
1772811796111 1.0 7
1772811805885 1.0 8
1772811815654 1.0 9
1772811828938 1.0 10
1772811838142 1.0 11
1772811847156 1.0 12
1772811856741 1.0 13
1772811866178 1.0 14
1772811879028 1.0 15
1772811888374 1.0 16
1772811898221 1.0 17
1772811907717 1.0 18
1772811917839 1.0 19
1772811931281 1.0 20
1772811955061 1.0 21
1772811966158 1.0 22
1772811976323 1.0 23
1772811986298 1.0 24
1772812001778 1.0 25
1772812012094 1.0 26
1772812022362 1.0 27
1772812032538 1.0 28
1772812042772 1.0 29
