1772811731930 60.0 1
1772811741070 60.0 2
1772811750862 60.0 3
1772811760356 60.0 4
1772811776949 60.0 5
1772811786258 60.0 6
1772811796086 60.0 7
1772811805860 60.0 8
1772811815630 60.0 9
1772811828906 60.0 10
1772811838117 60.0 11
1772811847130 60.0 12
1772811856713 60.0 13
1772811866154 60.0 14
1772811879001 60.0 15
1772811888351 60.0 16
1772811898197 60.0 17
1772811907690 60.0 18
1772811917814 60.0 19
1772811931255 60.0 20
1772811955038 60.0 21
1772811966123 60.0 22
1772811976299 60.0 23
1772811986274 60.0 24
1772812001756 60.0 25
1772812012071 60.0 26
1772812022341 60.0 27
1772812032516 60.0 28
1772812042750 60.0 29
