1772811731972 -1.0 1
1772811741106 -1.0 2
1772811750904 -1.0 3
1772811760389 -1.0 4
1772811776988 -1.0 5
1772811786291 -1.0 6
1772811796121 -1.0 7
1772811805896 -1.0 8
1772811815664 -1.0 9
1772811828948 -1.0 10
1772811838152 -1.0 11
1772811847166 -1.0 12
1772811856752 -1.0 13
1772811866187 -1.0 14
1772811879038 -1.0 15
1772811888384 -1.0 16
1772811898236 -1.0 17
1772811907728 -1.0 18
1772811917849 -1.0 19
1772811931291 -1.0 20
1772811955071 -1.0 21
1772811966171 -1.0 22
1772811976332 -1.0 23
1772811986308 -1.0 24
1772812001788 -1.0 25
1772812012104 -1.0 26
1772812022372 -1.0 27
1772812032549 -1.0 28
1772812042783 -1.0 29
