1772811731925 0.0 1
1772811741066 0.0 2
1772811750857 0.0 3
1772811760352 0.0 4
1772811776945 0.0 5
1772811786253 0.0 6
1772811796083 0.0 7
1772811805855 0.0 8
1772811815626 0.0 9
1772811828901 0.0 10
1772811838113 0.0 11
1772811847126 0.0 12
1772811856708 0.0 13
1772811866150 0.0 14
1772811878997 0.0 15
1772811888347 0.0 16
1772811898193 0.0 17
1772811907685 0.0 18
1772811917809 0.0 19
1772811931251 0.0 20
1772811955034 0.0 21
1772811966118 0.0 22
1772811976296 0.0 23
1772811986270 0.0 24
1772812001752 0.0 25
1772812012067 0.0 26
1772812022337 0.0 27
1772812032512 0.0 28
1772812042746 0.0 29
