1772811731937 4000.0 1
1772811741077 4000.0 2
1772811750868 4000.0 3
1772811760362 4000.0 4
1772811776955 4000.0 5
1772811786264 4000.0 6
1772811796092 4000.0 7
1772811805866 4000.0 8
1772811815636 4000.0 9
1772811828914 4000.0 10
1772811838123 4000.0 11
1772811847136 4000.0 12
1772811856719 4000.0 13
1772811866160 4000.0 14
1772811879006 4000.0 15
1772811888357 4000.0 16
1772811898203 4000.0 17
1772811907697 4000.0 18
1772811917820 4000.0 19
1772811931261 4000.0 20
1772811955044 4000.0 21
1772811966131 4000.0 22
1772811976305 4000.0 23
1772811986280 4000.0 24
1772812001761 4000.0 25
1772812012077 4000.0 26
1772812022346 4000.0 27
1772812032522 4000.0 28
1772812042755 4000.0 29
