1772811731970 1.0 1
1772811741104 1.0 2
1772811750901 1.0 3
1772811760387 1.0 4
1772811776986 1.0 5
1772811786289 1.0 6
1772811796119 1.0 7
1772811805894 1.0 8
1772811815662 1.0 9
1772811828946 1.0 10
1772811838150 1.0 11
1772811847165 1.0 12
1772811856750 1.0 13
1772811866185 1.0 14
1772811879036 1.0 15
1772811888382 1.0 16
1772811898231 1.0 17
1772811907726 1.0 18
1772811917847 1.0 19
1772811931289 1.0 20
1772811955069 1.0 21
1772811966168 1.0 22
1772811976330 1.0 23
1772811986306 1.0 24
1772812001786 1.0 25
1772812012102 1.0 26
1772812022370 1.0 27
1772812032546 1.0 28
1772812042780 1.0 29
