1772811731972 10.0 1
1772811741106 10.0 2
1772811750904 10.0 3
1772811760389 10.0 4
1772811776988 10.0 5
1772811786291 10.0 6
1772811796121 10.0 7
1772811805896 10.0 8
1772811815664 10.0 9
1772811828948 10.0 10
1772811838152 10.0 11
1772811847166 10.0 12
1772811856752 10.0 13
1772811866187 10.0 14
1772811879037 10.0 15
1772811888383 10.0 16
1772811898235 10.0 17
1772811907728 10.0 18
1772811917849 10.0 19
1772811931291 10.0 20
1772811955071 10.0 21
1772811966170 10.0 22
1772811976332 10.0 23
1772811986308 10.0 24
1772812001787 10.0 25
1772812012104 10.0 26
1772812022372 10.0 27
1772812032549 10.0 28
1772812042782 10.0 29
