1772811731971 1.0 1
1772811741105 1.0 2
1772811750902 1.0 3
1772811760388 1.0 4
1772811776987 1.0 5
1772811786290 1.0 6
1772811796120 1.0 7
1772811805895 1.0 8
1772811815663 1.0 9
1772811828947 1.0 10
1772811838151 1.0 11
1772811847165 1.0 12
1772811856751 1.0 13
1772811866186 1.0 14
1772811879037 1.0 15
1772811888383 1.0 16
1772811898234 1.0 17
1772811907727 1.0 18
1772811917848 1.0 19
1772811931290 1.0 20
1772811955070 1.0 21
1772811966169 1.0 22
1772811976331 1.0 23
1772811986307 1.0 24
1772812001787 1.0 25
1772812012103 1.0 26
1772812022371 1.0 27
1772812032547 1.0 28
1772812042781 1.0 29
