1772811731967 -1.0 1
1772811741101 -1.0 2
1772811750896 -1.0 3
1772811760385 -1.0 4
1772811776983 -1.0 5
1772811786286 -1.0 6
1772811796117 -1.0 7
1772811805891 -1.0 8
1772811815659 -1.0 9
1772811828943 -1.0 10
1772811838147 -1.0 11
1772811847161 -1.0 12
1772811856748 -1.0 13
1772811866183 -1.0 14
1772811879033 -1.0 15
1772811888379 -1.0 16
1772811898226 -1.0 17
1772811907723 -1.0 18
1772811917845 -1.0 19
1772811931286 -1.0 20
1772811955066 -1.0 21
1772811966165 -1.0 22
1772811976328 -1.0 23
1772811986304 -1.0 24
1772812001783 -1.0 25
1772812012100 -1.0 26
1772812022367 -1.0 27
1772812032543 -1.0 28
1772812042777 -1.0 29
