1772811731786 1.0 1
1772811740914 1.0 2
1772811750688 1.0 3
1772811760196 1.0 4
1772811776795 1.0 5
1772811786099 1.0 6
1772811795931 1.0 7
1772811805661 1.0 8
1772811815426 1.0 9
1772811828749 1.0 10
1772811837834 1.0 11
1772811846970 1.0 12
1772811856548 1.0 13
1772811865995 1.0 14
1772811878854 1.0 15
1772811888185 1.0 16
1772811898005 1.0 17
1772811907486 1.0 18
1772811917447 1.0 19
1772811931020 1.0 20
1772811948536 1.0 11
1772811958668 1.0 12
1772811969680 1.0 13
1772811979568 1.0 14
1772811995353 1.0 15
1772812005058 1.0 16
1772812015578 1.0 17
1772812025780 1.0 18
1772812036044 1.0 19
