1772811731789 31596.0 1
1772811740917 31596.0 2
1772811750691 31596.0 3
1772811760199 31596.0 4
1772811776797 31596.0 5
1772811786101 31596.0 6
1772811795934 31596.0 7
1772811805668 31596.0 8
1772811815428 31596.0 9
1772811828751 31596.0 10
1772811837837 31596.0 11
1772811846973 31596.0 12
1772811856551 31596.0 13
1772811865997 31596.0 14
1772811878856 31596.0 15
1772811888187 31596.0 16
1772811898008 31596.0 17
1772811907488 31596.0 18
1772811917450 31596.0 19
1772811931022 31596.0 20
1772811948538 32381.0 11
1772811958670 32381.0 12
1772811969683 32381.0 13
1772811979571 32381.0 14
1772811995355 32381.0 15
1772812005060 32381.0 16
1772812015582 32381.0 17
1772812025783 32381.0 18
1772812036046 32381.0 19
