1772811731789 9.299347877502441 1
1772811740917 18.280513763427734 2
1772811750691 27.904871940612793 3
1772811760199 37.25012683868408 4
1772811776797 47.04226565361023 5
1772811786101 56.201679706573486 6
1772811795935 65.87889075279236 7
1772811805668 75.43359470367432 8
1772811815429 85.00815463066101 9
1772811828751 94.5604395866394 10
1772811837837 103.5104193687439 11
1772811846974 112.50247836112976 12
1772811856551 121.92700338363647 13
1772811865997 131.2216465473175 14
1772811878857 140.34538745880127 15
1772811888187 149.5396604537964 16
1772811898008 159.20124053955078 17
1772811907488 168.52122950553894 18
1772811917450 178.32927346229553 19
1772811931022 187.97491431236267 20
1772811948539 9.690246820449829 11
1772811958670 19.651549816131592 12
1772811969683 30.502068758010864 13
1772811979571 40.23893213272095 14
1772811995355 50.050771951675415 15
1772812005061 59.61888670921326 16
1772812015583 69.95819878578186 17
1772812025783 79.984543800354 18
1772812036046 90.07708978652954 19
