1772811731788 1772811731.0 1
1772811740916 1772811740.0 2
1772811750690 1772811750.0 3
1772811760198 1772811760.0 4
1772811776796 1772811770.0 5
1772811786100 1772811786.0 6
1772811795933 1772811795.0 7
1772811805667 1772811805.0 8
1772811815427 1772811815.0 9
1772811828750 1772811825.0 10
1772811837836 1772811837.0 11
1772811846972 1772811846.0 12
1772811856550 1772811856.0 13
1772811865996 1772811865.0 14
1772811878856 1772811875.0 15
1772811888186 1772811888.0 16
1772811898007 1772811897.0 17
1772811907487 1772811907.0 18
1772811917449 1772811917.0 19
1772811931021 1772811927.0 20
1772811948538 1772811948.0 11
1772811958669 1772811958.0 12
1772811969682 1772811969.0 13
1772811979570 1772811979.0 14
1772811995354 1772811989.0 15
1772812005059 1772812005.0 16
1772812015579 1772812015.0 17
1772812025782 1772812025.0 18
1772812036045 1772812035.0 19
