1772811731788 9.299347877502441 1
1772811740917 18.280513763427734 2
1772811750690 27.904871940612793 3
1772811760199 37.25012683868408 4
1772811776796 47.04226565361023 5
1772811786100 56.201679706573486 6
1772811795934 65.87889075279236 7
1772811805668 75.43359470367432 8
1772811815428 85.00815463066101 9
1772811828751 94.5604395866394 10
1772811837836 103.5104193687439 11
1772811846973 112.50247836112976 12
1772811856550 121.92700338363647 13
1772811865997 131.2216465473175 14
1772811878856 140.34538745880127 15
1772811888187 149.5396604537964 16
1772811898008 159.20124053955078 17
1772811907488 168.52122950553894 18
