1772811731788 9.299347877502441 1
1772811740916 8.981165885925293 2
1772811750690 9.624358177185059 3
1772811760198 9.345254898071289 4
1772811776796 9.792138814926147 5
1772811786100 9.159414052963257 6
1772811795934 9.677211046218872 7
1772811805667 9.554703950881958 8
1772811815428 9.574559926986694 9
1772811828750 9.552284955978394 10
1772811837836 8.949979782104492 11
1772811846973 8.992058992385864 12
1772811856550 9.424525022506714 13
1772811865997 9.29464316368103 14
1772811878856 9.123740911483765 15
1772811888187 9.194272994995117 16
1772811898007 9.661580085754395 17
1772811907487 9.31998896598816 18
1772811917449 9.808043956756592 19
1772811931021 9.645640850067139 20
1772811948538 9.690246820449829 11
1772811958669 9.961302995681763 12
1772811969682 10.850518941879272 13
1772811979570 9.736863374710083 14
1772811995354 9.811839818954468 15
1772812005060 9.568114757537842 16
1772812015580 10.339312076568604 17
1772812025782 10.026345014572144 18
1772812036045 10.092545986175537 19
