1772811731787 1.0 1
1772811740915 2.0 2
1772811750689 3.0 3
1772811760198 4.0 4
1772811776795 5.0 5
1772811786100 6.0 6
1772811795933 7.0 7
1772811805666 8.0 8
1772811815427 9.0 9
1772811828750 10.0 10
1772811837835 11.0 11
1772811846972 12.0 12
1772811856549 13.0 13
1772811865996 14.0 14
1772811878855 15.0 15
1772811888186 16.0 16
1772811898007 17.0 17
1772811907487 18.0 18
1772811917449 19.0 19
1772811931021 20.0 20
1772811948537 11.0 11
1772811958669 12.0 12
1772811969681 13.0 13
1772811979570 14.0 14
1772811995354 15.0 15
1772812005059 16.0 16
1772812015579 17.0 17
1772812025781 18.0 18
1772812036045 19.0 19
