1772811731885 0.0 1
1772811741014 0.0 2
1772811750803 0.0 3
1772811760294 0.0 4
1772811776880 0.0 5
1772811786192 0.0 6
1772811796029 0.0 7
1772811805782 0.0 8
1772811815522 0.0 9
1772811828836 0.0 10
1772811837930 0.0 11
1772811847066 0.0 12
1772811856643 0.0 13
1772811866090 0.0 14
1772811878942 0.0 15
1772811888280 0.0 16
1772811898108 0.0 17
1772811907585 0.0 18
1772811917562 0.0 19
1772811931117 0.0 20
1772811948628 0.0 11
1772811958770 0.0 12
1772811969770 0.0 13
1772811979662 0.0 14
1772811995442 0.0 15
1772812005151 0.0 16
1772812015673 0.0 17
1772812025878 0.0 18
1772812036139 0.0 19
