1772811731884 0.0 1
1772811741013 0.0 2
1772811750802 0.0 3
1772811760293 0.0 4
1772811776880 0.0 5
1772811786191 0.0 6
1772811796028 0.0 7
1772811805781 0.0 8
1772811815521 0.0 9
1772811828835 0.0 10
1772811837929 0.0 11
1772811847066 0.0 12
1772811856642 0.0 13
1772811866090 0.0 14
1772811878941 0.0 15
1772811888280 0.0 16
1772811898107 0.0 17
1772811907584 0.0 18
1772811917561 0.0 19
1772811931116 0.0 20
1772811948627 0.0 11
1772811958769 0.0 12
1772811969770 0.0 13
1772811979661 0.0 14
1772811995441 0.0 15
1772812005150 0.0 16
1772812015672 0.0 17
1772812025877 0.0 18
1772812036138 0.0 19
