1772811731880 1.0 1
1772811741010 1.0 2
1772811750798 1.0 3
1772811760290 1.0 4
1772811776877 1.0 5
1772811786188 1.0 6
1772811796025 1.0 7
1772811805777 1.0 8
1772811815517 1.0 9
1772811828832 1.0 10
1772811837926 1.0 11
1772811847062 1.0 12
1772811856639 1.0 13
1772811866087 1.0 14
1772811878938 1.0 15
1772811888277 1.0 16
1772811898102 1.0 17
1772811907581 1.0 18
1772811917557 1.0 19
1772811931113 1.0 20
1772811948624 1.0 11
1772811958765 1.0 12
1772811969766 1.0 13
1772811979658 1.0 14
1772811995438 1.0 15
1772812005147 1.0 16
1772812015669 1.0 17
1772812025874 1.0 18
1772812036134 1.0 19
