1772811731880 64.0 1
1772811741009 64.0 2
1772811750798 64.0 3
1772811760289 64.0 4
1772811776876 64.0 5
1772811786188 64.0 6
1772811796025 64.0 7
1772811805777 64.0 8
1772811815517 64.0 9
1772811828832 64.0 10
1772811837926 64.0 11
1772811847062 64.0 12
1772811856639 64.0 13
1772811866086 64.0 14
1772811878938 64.0 15
1772811888276 64.0 16
1772811898101 64.0 17
1772811907580 64.0 18
1772811917557 64.0 19
1772811931113 64.0 20
1772811948624 64.0 11
1772811958765 64.0 12
1772811969766 64.0 13
1772811979658 64.0 14
1772811995438 64.0 15
1772812005147 64.0 16
1772812015669 64.0 17
1772812025874 64.0 18
1772812036134 64.0 19
