1772811731881 50.0 1
1772811741011 50.0 2
1772811750799 50.0 3
1772811760291 50.0 4
1772811776877 50.0 5
1772811786189 50.0 6
1772811796026 50.0 7
1772811805778 50.0 8
1772811815519 50.0 9
1772811828833 50.0 10
1772811837927 50.0 11
1772811847063 50.0 12
1772811856640 50.0 13
1772811866087 50.0 14
1772811878939 50.0 15
1772811888277 50.0 16
1772811898102 50.0 17
1772811907581 50.0 18
1772811917558 50.0 19
1772811931114 50.0 20
1772811948625 50.0 11
1772811958766 50.0 12
1772811969767 50.0 13
1772811979659 50.0 14
1772811995439 50.0 15
1772812005148 50.0 16
1772812015670 50.0 17
1772812025875 50.0 18
1772812036135 50.0 19
