1772811731881 32.0 1
1772811741010 32.0 2
1772811750799 32.0 3
1772811760290 32.0 4
1772811776877 32.0 5
1772811786189 32.0 6
1772811796025 32.0 7
1772811805777 32.0 8
1772811815518 32.0 9
1772811828832 32.0 10
1772811837926 32.0 11
1772811847063 32.0 12
1772811856639 32.0 13
1772811866087 32.0 14
1772811878938 32.0 15
1772811888277 32.0 16
1772811898102 32.0 17
1772811907581 32.0 18
1772811917557 32.0 19
1772811931113 32.0 20
1772811948625 32.0 11
1772811958766 32.0 12
1772811969766 32.0 13
1772811979658 32.0 14
1772811995438 32.0 15
1772812005147 32.0 16
1772812015669 32.0 17
1772812025874 32.0 18
1772812036135 32.0 19
