1772811731882 0.0 1
1772811741012 0.0 2
1772811750801 0.0 3
1772811760292 0.0 4
1772811776878 0.0 5
1772811786190 0.0 6
1772811796027 0.0 7
1772811805779 0.0 8
1772811815520 0.0 9
1772811828834 0.0 10
1772811837928 0.0 11
1772811847064 0.0 12
1772811856641 0.0 13
1772811866088 0.0 14
1772811878940 0.0 15
1772811888278 0.0 16
1772811898105 0.0 17
1772811907583 0.0 18
1772811917559 0.0 19
1772811931115 0.0 20
1772811948626 0.0 11
1772811958768 0.0 12
1772811969768 0.0 13
1772811979660 0.0 14
1772811995440 0.0 15
1772812005149 0.0 16
1772812015671 0.0 17
1772812025876 0.0 18
1772812036136 0.0 19
