1772811731882 2.0 1
1772811741011 2.0 2
1772811750800 2.0 3
1772811760291 2.0 4
1772811776878 2.0 5
1772811786190 2.0 6
1772811796026 2.0 7
1772811805779 2.0 8
1772811815520 2.0 9
1772811828833 2.0 10
1772811837927 2.0 11
1772811847064 2.0 12
1772811856641 2.0 13
1772811866088 2.0 14
1772811878939 2.0 15
1772811888278 2.0 16
1772811898104 2.0 17
1772811907582 2.0 18
1772811917559 2.0 19
1772811931114 2.0 20
1772811948626 2.0 11
1772811958767 2.0 12
1772811969767 2.0 13
1772811979659 2.0 14
1772811995439 2.0 15
1772812005148 2.0 16
1772812015671 2.0 17
1772812025875 2.0 18
1772812036136 2.0 19
