1772811731883 1.0 1
1772811741012 1.0 2
1772811750801 1.0 3
1772811760292 1.0 4
1772811776879 1.0 5
1772811786190 1.0 6
1772811796027 1.0 7
1772811805779 1.0 8
1772811815520 1.0 9
1772811828834 1.0 10
1772811837928 1.0 11
1772811847064 1.0 12
1772811856642 1.0 13
1772811866089 1.0 14
1772811878940 1.0 15
1772811888279 1.0 16
1772811898106 1.0 17
1772811907583 1.0 18
1772811917559 1.0 19
1772811931115 1.0 20
1772811948626 1.0 11
1772811958768 1.0 12
1772811969768 1.0 13
1772811979660 1.0 14
1772811995440 1.0 15
1772812005149 1.0 16
1772812015671 1.0 17
1772812025876 1.0 18
1772812036137 1.0 19
