1772811731877 0.0 1
1772811741006 0.0 2
1772811750794 0.0 3
1772811760286 0.0 4
1772811776873 0.0 5
1772811786185 0.0 6
1772811796022 0.0 7
1772811805774 0.0 8
1772811815513 0.0 9
1772811828829 0.0 10
1772811837922 0.0 11
1772811847059 0.0 12
1772811856636 0.0 13
1772811866083 0.0 14
1772811878935 0.0 15
1772811888273 0.0 16
1772811898098 0.0 17
1772811907577 0.0 18
1772811917553 0.0 19
1772811931110 0.0 20
1772811948621 0.0 11
1772811958761 0.0 12
1772811969762 0.0 13
1772811979654 0.0 14
1772811995434 0.0 15
1772812005144 0.0 16
1772812015665 0.0 17
1772812025870 0.0 18
1772812036131 0.0 19
