1772811731877 20.0 1
1772811741006 20.0 2
1772811750795 20.0 3
1772811760286 20.0 4
1772811776874 20.0 5
1772811786185 20.0 6
1772811796022 20.0 7
1772811805774 20.0 8
1772811815514 20.0 9
1772811828829 20.0 10
1772811837922 20.0 11
1772811847059 20.0 12
1772811856636 20.0 13
1772811866083 20.0 14
1772811878935 20.0 15
1772811888273 20.0 16
1772811898098 20.0 17
1772811907577 20.0 18
1772811917553 20.0 19
1772811931110 20.0 20
1772811948621 20.0 11
1772811958761 20.0 12
1772811969763 20.0 13
1772811979655 20.0 14
1772811995435 20.0 15
1772812005144 20.0 16
1772812015666 20.0 17
1772812025871 20.0 18
1772812036131 20.0 19
