1772811731884 -1.0 1
1772811741013 -1.0 2
1772811750802 -1.0 3
1772811760293 -1.0 4
1772811776880 -1.0 5
1772811786192 -1.0 6
1772811796028 -1.0 7
1772811805781 -1.0 8
1772811815522 -1.0 9
1772811828835 -1.0 10
1772811837929 -1.0 11
1772811847066 -1.0 12
1772811856643 -1.0 13
1772811866090 -1.0 14
1772811878941 -1.0 15
1772811888280 -1.0 16
1772811898107 -1.0 17
1772811907585 -1.0 18
1772811917561 -1.0 19
1772811931116 -1.0 20
1772811948628 -1.0 11
1772811958770 -1.0 12
1772811969770 -1.0 13
1772811979661 -1.0 14
1772811995441 -1.0 15
1772812005151 -1.0 16
1772812015673 -1.0 17
1772812025878 -1.0 18
1772812036138 -1.0 19
