1772811731878 256.0 1
1772811741008 256.0 2
1772811750796 256.0 3
1772811760288 256.0 4
1772811776875 256.0 5
1772811786187 256.0 6
1772811796023 256.0 7
1772811805775 256.0 8
1772811815515 256.0 9
1772811828830 256.0 10
1772811837924 256.0 11
1772811847061 256.0 12
1772811856637 256.0 13
1772811866085 256.0 14
1772811878936 256.0 15
1772811888274 256.0 16
1772811898099 256.0 17
1772811907579 256.0 18
1772811917555 256.0 19
1772811931111 256.0 20
1772811948622 256.0 11
1772811958764 256.0 12
1772811969764 256.0 13
1772811979656 256.0 14
1772811995436 256.0 15
1772812005145 256.0 16
1772812015667 256.0 17
1772812025872 256.0 18
1772812036132 256.0 19
