1772811731877 0.0 1
1772811741007 0.0 2
1772811750795 0.0 3
1772811760287 0.0 4
1772811776874 0.0 5
1772811786186 0.0 6
1772811796022 0.0 7
1772811805774 0.0 8
1772811815514 0.0 9
1772811828829 0.0 10
1772811837923 0.0 11
1772811847060 0.0 12
1772811856636 0.0 13
1772811866084 0.0 14
1772811878935 0.0 15
1772811888273 0.0 16
1772811898098 0.0 17
1772811907578 0.0 18
1772811917554 0.0 19
1772811931110 0.0 20
1772811948621 0.0 11
1772811958762 0.0 12
1772811969763 0.0 13
1772811979655 0.0 14
1772811995435 0.0 15
1772812005144 0.0 16
1772812015666 0.0 17
1772812025871 0.0 18
1772812036131 0.0 19
