1772811731799 0.0 1
1772811740926 0.0 2
1772811750708 0.0 3
1772811760208 0.0 4
1772811776805 0.0 5
1772811786110 0.0 6
1772811795947 0.0 7
1772811805677 0.0 8
1772811815437 0.0 9
1772811828759 0.0 10
1772811837845 0.0 11
1772811846987 0.0 12
1772811856560 0.0 13
1772811866007 0.0 14
1772811878864 0.0 15
1772811888196 0.0 16
1772811898023 0.0 17
1772811907498 0.0 18
1772811917460 0.0 19
1772811931030 0.0 20
1772811948547 0.0 11
1772811958680 0.0 12
1772811969692 0.0 13
1772811979580 0.0 14
1772811995363 0.0 15
1772812005069 0.0 16
1772812015592 0.0 17
1772812025791 0.0 18
1772812036054 0.0 19
