1772811731798 2.0 1
1772811740926 2.0 2
1772811750708 2.0 3
1772811760208 2.0 4
1772811776804 2.0 5
1772811786109 2.0 6
1772811795947 2.0 7
1772811805677 2.0 8
1772811815437 2.0 9
1772811828758 2.0 10
1772811837845 2.0 11
1772811846987 2.0 12
1772811856560 2.0 13
1772811866006 2.0 14
1772811878864 2.0 15
1772811888196 2.0 16
1772811898023 2.0 17
1772811907497 2.0 18
1772811917460 2.0 19
1772811931029 2.0 20
1772811948546 2.0 11
1772811958679 2.0 12
1772811969691 2.0 13
1772811979580 2.0 14
1772811995363 2.0 15
1772812005069 2.0 16
1772812015592 2.0 17
1772812025791 2.0 18
1772812036054 2.0 19
