1772812360030 0.0 1
1772812370059 0.0 2
1772812379604 0.0 3
1772812389074 0.0 4
1772812404483 0.0 5
1772812413943 0.0 6
1772812423460 0.0 7
1772812432842 0.0 8
1772812442259 0.0 9
1772812455263 0.0 10
1772812464586 0.0 11
1772812474033 0.0 12
1772812483382 0.0 13
1772812492750 0.0 14
1772812505729 0.0 15
1772812515117 0.0 16
1772812524502 0.0 17
1772812533910 0.0 18
1772812543143 0.0 19
1772812556037 0.0 20
1772812572493 0.0 11
1772812582980 0.0 12
1772812593563 0.0 13
1772812603916 0.0 14
1772812619727 0.0 15
1772812629972 0.0 16
1772812639928 0.0 17
1772812649884 0.0 18
1772812659782 0.0 19
1772812673487 0.0 20
1772812683606 0.0 21
1772812693578 0.0 22
1772812703542 0.0 23
1772812713502 0.0 24
1772812726933 0.0 25
1772812736881 0.0 26
1772812746754 0.0 27
1772812756692 0.0 28
1772812766662 0.0 29
1772812780131 0.0 30
1772812790054 0.0 31
1772812799972 0.0 32
1772812809909 0.0 33
1772812819666 0.0 34
1772812833195 0.0 35
1772812843130 0.0 36
1772812852943 0.0 37
1772812862864 0.0 38
1772812872744 0.0 39
1772812886394 0.0 40
1772812896681 0.0 41
1772812906871 0.0 42
1772812917016 0.0 43
1772812927381 0.0 44
1772812941138 0.0 45
1772812951352 0.0 46
1772812961617 0.0 47
1772812971743 0.0 48
1772812981878 0.0 49
1772812995765 0.0 50
1772813006043 0.0 51
1772813016275 0.0 52
1772813026430 0.0 53
1772813036518 0.0 54
1772813050356 0.0 55
1772813060523 0.0 56
1772813070748 0.0 57
1772813080806 0.0 58
1772813090782 0.0 59
1772813104320 0.0 60
1772813114471 0.0 61
1772813124495 0.0 62
1772813134460 0.0 63
1772813144365 0.0 64
1772813157847 0.0 65
1772813167652 0.0 66
1772813177566 0.0 67
1772813187530 0.0 68
1772813197505 0.0 69
1772813210993 0.0 70
1772813221062 0.0 71
1772813230984 0.0 72
1772813240919 0.0 73
1772813250797 0.0 74
1772813264191 0.0 75
1772813274164 0.0 76
1772813284251 0.0 77
1772813294136 0.0 78
1772813304069 0.0 79
1772813317482 0.0 80
1772813327360 0.0 81
1772813337238 0.0 82
1772813347147 0.0 83
1772813357051 0.0 84
1772813370560 0.0 85
1772813380497 0.0 86
1772813390390 0.0 87
1772813400358 0.0 88
1772813410261 0.0 89
1772813423611 0.0 90
1772813433534 0.0 91
1772813443528 0.0 92
1772813453623 0.0 93
1772813463609 0.0 94
1772813477048 0.0 95
1772813487021 0.0 96
1772813496970 0.0 97
1772813506741 0.0 98
1772813516709 0.0 99
1772813530192 0.0 100
