1772812360029 -1.0 1
1772812370059 -1.0 2
1772812379604 -1.0 3
1772812389073 -1.0 4
1772812404482 -1.0 5
1772812413943 -1.0 6
1772812423460 -1.0 7
1772812432842 -1.0 8
1772812442259 -1.0 9
1772812455262 -1.0 10
1772812464585 -1.0 11
1772812474033 -1.0 12
1772812483381 -1.0 13
1772812492750 -1.0 14
1772812505728 -1.0 15
1772812515117 -1.0 16
1772812524502 -1.0 17
1772812533910 -1.0 18
1772812543143 -1.0 19
1772812556036 -1.0 20
1772812572493 -1.0 11
1772812582979 -1.0 12
1772812593562 -1.0 13
1772812603916 -1.0 14
1772812619726 -1.0 15
1772812629971 -1.0 16
1772812639928 -1.0 17
1772812649884 -1.0 18
1772812659781 -1.0 19
1772812673486 -1.0 20
1772812683606 -1.0 21
1772812693578 -1.0 22
1772812703542 -1.0 23
1772812713502 -1.0 24
1772812726933 -1.0 25
1772812736881 -1.0 26
1772812746754 -1.0 27
1772812756691 -1.0 28
1772812766662 -1.0 29
1772812780130 -1.0 30
1772812790054 -1.0 31
1772812799972 -1.0 32
1772812809908 -1.0 33
1772812819666 -1.0 34
1772812833195 -1.0 35
1772812843129 -1.0 36
1772812852943 -1.0 37
1772812862863 -1.0 38
1772812872744 -1.0 39
1772812886394 -1.0 40
1772812896681 -1.0 41
1772812906871 -1.0 42
1772812917015 -1.0 43
1772812927380 -1.0 44
1772812941138 -1.0 45
1772812951352 -1.0 46
1772812961616 -1.0 47
1772812971743 -1.0 48
1772812981877 -1.0 49
1772812995765 -1.0 50
1772813006042 -1.0 51
1772813016275 -1.0 52
1772813026429 -1.0 53
1772813036518 -1.0 54
1772813050356 -1.0 55
1772813060523 -1.0 56
1772813070747 -1.0 57
1772813080806 -1.0 58
1772813090782 -1.0 59
1772813104320 -1.0 60
1772813114471 -1.0 61
1772813124495 -1.0 62
1772813134460 -1.0 63
1772813144365 -1.0 64
1772813157847 -1.0 65
1772813167652 -1.0 66
1772813177566 -1.0 67
1772813187530 -1.0 68
1772813197505 -1.0 69
1772813210993 -1.0 70
1772813221062 -1.0 71
1772813230983 -1.0 72
1772813240919 -1.0 73
1772813250797 -1.0 74
1772813264191 -1.0 75
1772813274164 -1.0 76
1772813284251 -1.0 77
1772813294136 -1.0 78
1772813304069 -1.0 79
1772813317482 -1.0 80
1772813327359 -1.0 81
1772813337237 -1.0 82
1772813347146 -1.0 83
1772813357051 -1.0 84
1772813370560 -1.0 85
1772813380497 -1.0 86
1772813390390 -1.0 87
1772813400358 -1.0 88
1772813410261 -1.0 89
1772813423610 -1.0 90
1772813433534 -1.0 91
1772813443527 -1.0 92
1772813453623 -1.0 93
1772813463608 -1.0 94
1772813477048 -1.0 95
1772813487021 -1.0 96
1772813496970 -1.0 97
1772813506741 -1.0 98
1772813516709 -1.0 99
1772813530192 -1.0 100
