1772812360029 0.0 1
1772812370058 0.0 2
1772812379603 0.0 3
1772812389073 0.0 4
1772812404482 0.0 5
1772812413942 0.0 6
1772812423459 0.0 7
1772812432841 0.0 8
1772812442258 0.0 9
1772812455262 0.0 10
1772812464585 0.0 11
1772812474033 0.0 12
1772812483381 0.0 13
1772812492749 0.0 14
1772812505728 0.0 15
1772812515117 0.0 16
1772812524501 0.0 17
1772812533909 0.0 18
1772812543142 0.0 19
1772812556036 0.0 20
1772812572492 0.0 11
1772812582979 0.0 12
1772812593562 0.0 13
1772812603915 0.0 14
1772812619726 0.0 15
1772812629971 0.0 16
1772812639928 0.0 17
1772812649883 0.0 18
1772812659781 0.0 19
1772812673486 0.0 20
1772812683605 0.0 21
1772812693577 0.0 22
1772812703542 0.0 23
1772812713502 0.0 24
1772812726933 0.0 25
1772812736881 0.0 26
1772812746754 0.0 27
1772812756691 0.0 28
1772812766662 0.0 29
1772812780130 0.0 30
1772812790053 0.0 31
1772812799971 0.0 32
1772812809908 0.0 33
1772812819665 0.0 34
1772812833194 0.0 35
1772812843129 0.0 36
1772812852942 0.0 37
1772812862863 0.0 38
1772812872744 0.0 39
1772812886393 0.0 40
1772812896681 0.0 41
1772812906870 0.0 42
1772812917015 0.0 43
1772812927380 0.0 44
1772812941137 0.0 45
1772812951351 0.0 46
1772812961616 0.0 47
1772812971743 0.0 48
1772812981877 0.0 49
1772812995764 0.0 50
1772813006042 0.0 51
1772813016275 0.0 52
1772813026429 0.0 53
1772813036517 0.0 54
1772813050355 0.0 55
1772813060522 0.0 56
1772813070747 0.0 57
1772813080805 0.0 58
1772813090781 0.0 59
1772813104319 0.0 60
1772813114470 0.0 61
1772813124494 0.0 62
1772813134459 0.0 63
1772813144364 0.0 64
1772813157847 0.0 65
1772813167651 0.0 66
1772813177566 0.0 67
1772813187529 0.0 68
1772813197504 0.0 69
1772813210992 0.0 70
1772813221061 0.0 71
1772813230983 0.0 72
1772813240918 0.0 73
1772813250797 0.0 74
1772813264191 0.0 75
1772813274163 0.0 76
1772813284250 0.0 77
1772813294135 0.0 78
1772813304068 0.0 79
1772813317481 0.0 80
1772813327359 0.0 81
1772813337237 0.0 82
1772813347146 0.0 83
1772813357051 0.0 84
1772813370559 0.0 85
1772813380496 0.0 86
1772813390389 0.0 87
1772813400357 0.0 88
1772813410260 0.0 89
1772813423610 0.0 90
1772813433533 0.0 91
1772813443527 0.0 92
1772813453622 0.0 93
1772813463608 0.0 94
1772813477047 0.0 95
1772813487021 0.0 96
1772813496969 0.0 97
1772813506741 0.0 98
1772813516708 0.0 99
1772813530191 0.0 100
