1772812360027 2.0 1
1772812370056 2.0 2
1772812379601 2.0 3
1772812389071 2.0 4
1772812404480 2.0 5
1772812413940 2.0 6
1772812423458 2.0 7
1772812432839 2.0 8
1772812442256 2.0 9
1772812455260 2.0 10
1772812464583 2.0 11
1772812474031 2.0 12
1772812483379 2.0 13
1772812492747 2.0 14
1772812505726 2.0 15
1772812515115 2.0 16
1772812524499 2.0 17
1772812533907 2.0 18
1772812543141 2.0 19
1772812556034 2.0 20
1772812572491 2.0 11
1772812582977 2.0 12
1772812593559 2.0 13
1772812603913 2.0 14
1772812619724 2.0 15
1772812629969 2.0 16
1772812639926 2.0 17
1772812649882 2.0 18
1772812659779 2.0 19
1772812673484 2.0 20
1772812683604 2.0 21
1772812693576 2.0 22
1772812703540 2.0 23
1772812713500 2.0 24
1772812726931 2.0 25
1772812736879 2.0 26
1772812746752 2.0 27
1772812756689 2.0 28
1772812766660 2.0 29
1772812780128 2.0 30
1772812790051 2.0 31
1772812799970 2.0 32
1772812809906 2.0 33
1772812819663 2.0 34
1772812833193 2.0 35
1772812843127 2.0 36
1772812852940 2.0 37
1772812862861 2.0 38
1772812872742 2.0 39
1772812886392 2.0 40
1772812896679 2.0 41
1772812906868 2.0 42
1772812917013 2.0 43
1772812927378 2.0 44
1772812941135 2.0 45
1772812951350 2.0 46
1772812961614 2.0 47
1772812971741 2.0 48
1772812981875 2.0 49
1772812995762 2.0 50
1772813006040 2.0 51
1772813016273 2.0 52
1772813026427 2.0 53
1772813036516 2.0 54
1772813050354 2.0 55
1772813060520 2.0 56
1772813070745 2.0 57
1772813080804 2.0 58
1772813090780 2.0 59
1772813104318 2.0 60
1772813114469 2.0 61
1772813124492 2.0 62
1772813134458 2.0 63
1772813144362 2.0 64
1772813157845 2.0 65
1772813167649 2.0 66
1772813177564 2.0 67
1772813187528 2.0 68
1772813197502 2.0 69
1772813210991 2.0 70
1772813221059 2.0 71
1772813230981 2.0 72
1772813240917 2.0 73
1772813250795 2.0 74
1772813264189 2.0 75
1772813274161 2.0 76
1772813284248 2.0 77
1772813294133 2.0 78
1772813304067 2.0 79
1772813317479 2.0 80
1772813327357 2.0 81
1772813337235 2.0 82
1772813347144 2.0 83
1772813357048 2.0 84
1772813370557 2.0 85
1772813380494 2.0 86
1772813390387 2.0 87
1772813400356 2.0 88
1772813410258 2.0 89
1772813423608 2.0 90
1772813433531 2.0 91
1772813443525 2.0 92
1772813453621 2.0 93
1772813463606 2.0 94
1772813477046 2.0 95
1772813487019 2.0 96
1772813496968 2.0 97
1772813506739 2.0 98
1772813516706 2.0 99
1772813530189 2.0 100
