1772812360026 32.0 1
1772812370055 32.0 2
1772812379600 32.0 3
1772812389070 32.0 4
1772812404479 32.0 5
1772812413939 32.0 6
1772812423457 32.0 7
1772812432838 32.0 8
1772812442255 32.0 9
1772812455259 32.0 10
1772812464582 32.0 11
1772812474030 32.0 12
1772812483378 32.0 13
1772812492746 32.0 14
1772812505725 32.0 15
1772812515114 32.0 16
1772812524498 32.0 17
1772812533907 32.0 18
1772812543140 32.0 19
1772812556033 32.0 20
1772812572490 32.0 11
1772812582975 32.0 12
1772812593558 32.0 13
1772812603912 32.0 14
1772812619723 32.0 15
1772812629968 32.0 16
1772812639925 32.0 17
1772812649881 32.0 18
1772812659778 32.0 19
1772812673481 32.0 20
1772812683603 32.0 21
1772812693575 32.0 22
1772812703539 32.0 23
1772812713499 32.0 24
1772812726930 32.0 25
1772812736878 32.0 26
1772812746751 32.0 27
1772812756688 32.0 28
1772812766659 32.0 29
1772812780127 32.0 30
1772812790050 32.0 31
1772812799969 32.0 32
1772812809905 32.0 33
1772812819662 32.0 34
1772812833192 32.0 35
1772812843126 32.0 36
1772812852940 32.0 37
1772812862860 32.0 38
1772812872741 32.0 39
1772812886391 32.0 40
1772812896678 32.0 41
1772812906867 32.0 42
1772812917012 32.0 43
1772812927377 32.0 44
1772812941134 32.0 45
1772812951349 32.0 46
1772812961613 32.0 47
1772812971740 32.0 48
1772812981874 32.0 49
1772812995761 32.0 50
1772813006039 32.0 51
1772813016272 32.0 52
1772813026426 32.0 53
1772813036515 32.0 54
1772813050353 32.0 55
1772813060519 32.0 56
1772813070744 32.0 57
1772813080803 32.0 58
1772813090779 32.0 59
1772813104316 32.0 60
1772813114468 32.0 61
1772813124491 32.0 62
1772813134457 32.0 63
1772813144361 32.0 64
1772813157844 32.0 65
1772813167648 32.0 66
1772813177562 32.0 67
1772813187527 32.0 68
1772813197501 32.0 69
1772813210990 32.0 70
1772813221058 32.0 71
1772813230980 32.0 72
1772813240915 32.0 73
1772813250794 32.0 74
1772813264188 32.0 75
1772813274160 32.0 76
1772813284248 32.0 77
1772813294132 32.0 78
1772813304066 32.0 79
1772813317478 32.0 80
1772813327356 32.0 81
1772813337234 32.0 82
1772813347143 32.0 83
1772813357047 32.0 84
1772813370556 32.0 85
1772813380493 32.0 86
1772813390386 32.0 87
1772813400355 32.0 88
1772813410257 32.0 89
1772813423607 32.0 90
1772813433530 32.0 91
1772813443524 32.0 92
1772813453620 32.0 93
1772813463605 32.0 94
1772813477045 32.0 95
1772813487018 32.0 96
1772813496967 32.0 97
1772813506738 32.0 98
1772813516706 32.0 99
1772813530188 32.0 100
