1772812360025 1.0 1
1772812370055 1.0 2
1772812379600 1.0 3
1772812389070 1.0 4
1772812404479 1.0 5
1772812413939 1.0 6
1772812423456 1.0 7
1772812432838 1.0 8
1772812442255 1.0 9
1772812455259 1.0 10
1772812464582 1.0 11
1772812474029 1.0 12
1772812483378 1.0 13
1772812492746 1.0 14
1772812505725 1.0 15
1772812515114 1.0 16
1772812524498 1.0 17
1772812533906 1.0 18
1772812543139 1.0 19
1772812556033 1.0 20
1772812572489 1.0 11
1772812582975 1.0 12
1772812593558 1.0 13
1772812603912 1.0 14
1772812619723 1.0 15
1772812629968 1.0 16
1772812639924 1.0 17
1772812649880 1.0 18
1772812659778 1.0 19
1772812673480 1.0 20
1772812683602 1.0 21
1772812693575 1.0 22
1772812703539 1.0 23
1772812713499 1.0 24
1772812726929 1.0 25
1772812736878 1.0 26
1772812746751 1.0 27
1772812756688 1.0 28
1772812766658 1.0 29
1772812780127 1.0 30
1772812790050 1.0 31
1772812799968 1.0 32
1772812809905 1.0 33
1772812819662 1.0 34
1772812833191 1.0 35
1772812843126 1.0 36
1772812852939 1.0 37
1772812862860 1.0 38
1772812872740 1.0 39
1772812886390 1.0 40
1772812896677 1.0 41
1772812906867 1.0 42
1772812917012 1.0 43
1772812927377 1.0 44
1772812941134 1.0 45
1772812951348 1.0 46
1772812961613 1.0 47
1772812971740 1.0 48
1772812981874 1.0 49
1772812995760 1.0 50
1772813006039 1.0 51
1772813016272 1.0 52
1772813026426 1.0 53
1772813036514 1.0 54
1772813050352 1.0 55
1772813060519 1.0 56
1772813070744 1.0 57
1772813080802 1.0 58
1772813090778 1.0 59
1772813104316 1.0 60
1772813114468 1.0 61
1772813124491 1.0 62
1772813134456 1.0 63
1772813144361 1.0 64
1772813157843 1.0 65
1772813167648 1.0 66
1772813177562 1.0 67
1772813187527 1.0 68
1772813197501 1.0 69
1772813210989 1.0 70
1772813221058 1.0 71
1772813230980 1.0 72
1772813240915 1.0 73
1772813250794 1.0 74
1772813264188 1.0 75
1772813274160 1.0 76
1772813284247 1.0 77
1772813294132 1.0 78
1772813304065 1.0 79
1772813317478 1.0 80
1772813327356 1.0 81
1772813337234 1.0 82
1772813347143 1.0 83
1772813357047 1.0 84
1772813370555 1.0 85
1772813380493 1.0 86
1772813390386 1.0 87
1772813400354 1.0 88
1772813410257 1.0 89
1772813423607 1.0 90
1772813433530 1.0 91
1772813443524 1.0 92
1772813453619 1.0 93
1772813463605 1.0 94
1772813477045 1.0 95
1772813487017 1.0 96
1772813496966 1.0 97
1772813506737 1.0 98
1772813516705 1.0 99
1772813530188 1.0 100
