1772812360027 0.0 1
1772812370057 0.0 2
1772812379602 0.0 3
1772812389071 0.0 4
1772812404481 0.0 5
1772812413941 0.0 6
1772812423458 0.0 7
1772812432840 0.0 8
1772812442257 0.0 9
1772812455261 0.0 10
1772812464584 0.0 11
1772812474031 0.0 12
1772812483380 0.0 13
1772812492748 0.0 14
1772812505727 0.0 15
1772812515115 0.0 16
1772812524500 0.0 17
1772812533908 0.0 18
1772812543141 0.0 19
1772812556035 0.0 20
1772812572491 0.0 11
1772812582978 0.0 12
1772812593560 0.0 13
1772812603914 0.0 14
1772812619725 0.0 15
1772812629969 0.0 16
1772812639926 0.0 17
1772812649882 0.0 18
1772812659779 0.0 19
1772812673485 0.0 20
1772812683604 0.0 21
1772812693576 0.0 22
1772812703540 0.0 23
1772812713500 0.0 24
1772812726931 0.0 25
1772812736879 0.0 26
1772812746752 0.0 27
1772812756690 0.0 28
1772812766660 0.0 29
1772812780129 0.0 30
1772812790052 0.0 31
1772812799970 0.0 32
1772812809907 0.0 33
1772812819664 0.0 34
1772812833193 0.0 35
1772812843128 0.0 36
1772812852941 0.0 37
1772812862861 0.0 38
1772812872742 0.0 39
1772812886392 0.0 40
1772812896679 0.0 41
1772812906869 0.0 42
1772812917013 0.0 43
1772812927378 0.0 44
1772812941136 0.0 45
1772812951350 0.0 46
1772812961615 0.0 47
1772812971742 0.0 48
1772812981875 0.0 49
1772812995763 0.0 50
1772813006041 0.0 51
1772813016273 0.0 52
1772813026428 0.0 53
1772813036516 0.0 54
1772813050354 0.0 55
1772813060521 0.0 56
1772813070745 0.0 57
1772813080804 0.0 58
1772813090780 0.0 59
1772813104318 0.0 60
1772813114469 0.0 61
1772813124493 0.0 62
1772813134458 0.0 63
1772813144363 0.0 64
1772813157845 0.0 65
1772813167650 0.0 66
1772813177564 0.0 67
1772813187528 0.0 68
1772813197503 0.0 69
1772813210991 0.0 70
1772813221060 0.0 71
1772813230981 0.0 72
1772813240917 0.0 73
1772813250795 0.0 74
1772813264189 0.0 75
1772813274162 0.0 76
1772813284249 0.0 77
1772813294134 0.0 78
1772813304067 0.0 79
1772813317480 0.0 80
1772813327358 0.0 81
1772813337236 0.0 82
1772813347145 0.0 83
1772813357049 0.0 84
1772813370558 0.0 85
1772813380495 0.0 86
1772813390388 0.0 87
1772813400356 0.0 88
1772813410259 0.0 89
1772813423609 0.0 90
1772813433532 0.0 91
1772813443526 0.0 92
1772813453621 0.0 93
1772813463606 0.0 94
1772813477046 0.0 95
1772813487019 0.0 96
1772813496968 0.0 97
1772813506739 0.0 98
1772813516707 0.0 99
1772813530190 0.0 100
