1772812360026 50.0 1
1772812370056 50.0 2
1772812379601 50.0 3
1772812389070 50.0 4
1772812404480 50.0 5
1772812413940 50.0 6
1772812423457 50.0 7
1772812432839 50.0 8
1772812442255 50.0 9
1772812455260 50.0 10
1772812464583 50.0 11
1772812474030 50.0 12
1772812483379 50.0 13
1772812492747 50.0 14
1772812505726 50.0 15
1772812515114 50.0 16
1772812524499 50.0 17
1772812533907 50.0 18
1772812543140 50.0 19
1772812556034 50.0 20
1772812572490 50.0 11
1772812582976 50.0 12
1772812593559 50.0 13
1772812603913 50.0 14
1772812619724 50.0 15
1772812629968 50.0 16
1772812639925 50.0 17
1772812649881 50.0 18
1772812659778 50.0 19
1772812673482 50.0 20
1772812683603 50.0 21
1772812693575 50.0 22
1772812703539 50.0 23
1772812713499 50.0 24
1772812726930 50.0 25
1772812736879 50.0 26
1772812746751 50.0 27
1772812756689 50.0 28
1772812766659 50.0 29
1772812780128 50.0 30
1772812790051 50.0 31
1772812799969 50.0 32
1772812809906 50.0 33
1772812819662 50.0 34
1772812833192 50.0 35
1772812843127 50.0 36
1772812852940 50.0 37
1772812862860 50.0 38
1772812872741 50.0 39
1772812886391 50.0 40
1772812896678 50.0 41
1772812906868 50.0 42
1772812917012 50.0 43
1772812927377 50.0 44
1772812941135 50.0 45
1772812951349 50.0 46
1772812961614 50.0 47
1772812971741 50.0 48
1772812981875 50.0 49
1772812995761 50.0 50
1772813006039 50.0 51
1772813016272 50.0 52
1772813026427 50.0 53
1772813036515 50.0 54
1772813050353 50.0 55
1772813060520 50.0 56
1772813070744 50.0 57
1772813080803 50.0 58
1772813090779 50.0 59
1772813104317 50.0 60
1772813114468 50.0 61
1772813124492 50.0 62
1772813134457 50.0 63
1772813144362 50.0 64
1772813157844 50.0 65
1772813167649 50.0 66
1772813177563 50.0 67
1772813187527 50.0 68
1772813197502 50.0 69
1772813210990 50.0 70
1772813221059 50.0 71
1772813230980 50.0 72
1772813240916 50.0 73
1772813250794 50.0 74
1772813264188 50.0 75
1772813274161 50.0 76
1772813284248 50.0 77
1772813294133 50.0 78
1772813304066 50.0 79
1772813317479 50.0 80
1772813327357 50.0 81
1772813337235 50.0 82
1772813347144 50.0 83
1772813357048 50.0 84
1772813370556 50.0 85
1772813380494 50.0 86
1772813390387 50.0 87
1772813400355 50.0 88
1772813410258 50.0 89
1772813423608 50.0 90
1772813433531 50.0 91
1772813443525 50.0 92
1772813453620 50.0 93
1772813463605 50.0 94
1772813477045 50.0 95
1772813487018 50.0 96
1772813496967 50.0 97
1772813506738 50.0 98
1772813516706 50.0 99
1772813530189 50.0 100
