1772812360025 64.0 1
1772812370055 64.0 2
1772812379600 64.0 3
1772812389069 64.0 4
1772812404479 64.0 5
1772812413939 64.0 6
1772812423456 64.0 7
1772812432838 64.0 8
1772812442255 64.0 9
1772812455259 64.0 10
1772812464582 64.0 11
1772812474029 64.0 12
1772812483378 64.0 13
1772812492746 64.0 14
1772812505725 64.0 15
1772812515113 64.0 16
1772812524498 64.0 17
1772812533906 64.0 18
1772812543139 64.0 19
1772812556033 64.0 20
1772812572489 64.0 11
1772812582975 64.0 12
1772812593558 64.0 13
1772812603912 64.0 14
1772812619723 64.0 15
1772812629967 64.0 16
1772812639924 64.0 17
1772812649880 64.0 18
1772812659777 64.0 19
1772812673480 64.0 20
1772812683602 64.0 21
1772812693574 64.0 22
1772812703538 64.0 23
1772812713498 64.0 24
1772812726929 64.0 25
1772812736877 64.0 26
1772812746750 64.0 27
1772812756688 64.0 28
1772812766658 64.0 29
1772812780126 64.0 30
1772812790050 64.0 31
1772812799968 64.0 32
1772812809905 64.0 33
1772812819661 64.0 34
1772812833191 64.0 35
1772812843125 64.0 36
1772812852939 64.0 37
1772812862860 64.0 38
1772812872740 64.0 39
1772812886390 64.0 40
1772812896677 64.0 41
1772812906867 64.0 42
1772812917011 64.0 43
1772812927376 64.0 44
1772812941134 64.0 45
1772812951348 64.0 46
1772812961613 64.0 47
1772812971740 64.0 48
1772812981874 64.0 49
1772812995760 64.0 50
1772813006039 64.0 51
1772813016271 64.0 52
1772813026426 64.0 53
1772813036514 64.0 54
1772813050352 64.0 55
1772813060519 64.0 56
1772813070743 64.0 57
1772813080802 64.0 58
1772813090778 64.0 59
1772813104316 64.0 60
1772813114467 64.0 61
1772813124490 64.0 62
1772813134456 64.0 63
1772813144361 64.0 64
1772813157843 64.0 65
1772813167648 64.0 66
1772813177562 64.0 67
1772813187526 64.0 68
1772813197501 64.0 69
1772813210989 64.0 70
1772813221058 64.0 71
1772813230979 64.0 72
1772813240915 64.0 73
1772813250793 64.0 74
1772813264187 64.0 75
1772813274160 64.0 76
1772813284247 64.0 77
1772813294132 64.0 78
1772813304065 64.0 79
1772813317478 64.0 80
1772813327356 64.0 81
1772813337233 64.0 82
1772813347143 64.0 83
1772813357046 64.0 84
1772813370555 64.0 85
1772813380493 64.0 86
1772813390386 64.0 87
1772813400354 64.0 88
1772813410257 64.0 89
1772813423607 64.0 90
1772813433530 64.0 91
1772813443524 64.0 92
1772813453619 64.0 93
1772813463605 64.0 94
1772813477044 64.0 95
1772813487017 64.0 96
1772813496966 64.0 97
1772813506737 64.0 98
1772813516705 64.0 99
1772813530188 64.0 100
