1772812360028 84.0 1
1772812370057 84.0 2
1772812379602 84.0 3
1772812389072 84.0 4
1772812404481 84.0 5
1772812413941 84.0 6
1772812423458 84.0 7
1772812432840 84.0 8
1772812442257 84.0 9
1772812455261 84.0 10
1772812464584 84.0 11
1772812474032 84.0 12
1772812483380 84.0 13
1772812492749 84.0 14
1772812505727 84.0 15
1772812515116 84.0 16
1772812524500 84.0 17
1772812533909 84.0 18
1772812543142 84.0 19
1772812556035 84.0 20
1772812572492 84.0 11
1772812582978 84.0 12
1772812593561 84.0 13
1772812603915 84.0 14
1772812619725 84.0 15
1772812629970 84.0 16
1772812639927 84.0 17
1772812649883 84.0 18
1772812659780 84.0 19
1772812673485 84.0 20
1772812683605 84.0 21
1772812693577 84.0 22
1772812703541 84.0 23
1772812713501 84.0 24
1772812726932 84.0 25
1772812736880 84.0 26
1772812746753 84.0 27
1772812756690 84.0 28
1772812766661 84.0 29
1772812780129 84.0 30
1772812790052 84.0 31
1772812799971 84.0 32
1772812809907 84.0 33
1772812819664 84.0 34
1772812833194 84.0 35
1772812843128 84.0 36
1772812852942 84.0 37
1772812862862 84.0 38
1772812872743 84.0 39
1772812886393 84.0 40
1772812896680 84.0 41
1772812906869 84.0 42
1772812917014 84.0 43
1772812927379 84.0 44
1772812941136 84.0 45
1772812951351 84.0 46
1772812961615 84.0 47
1772812971742 84.0 48
1772812981876 84.0 49
1772812995763 84.0 50
1772813006041 84.0 51
1772813016274 84.0 52
1772813026428 84.0 53
1772813036516 84.0 54
1772813050355 84.0 55
1772813060521 84.0 56
1772813070746 84.0 57
1772813080805 84.0 58
1772813090780 84.0 59
1772813104319 84.0 60
1772813114470 84.0 61
1772813124493 84.0 62
1772813134459 84.0 63
1772813144363 84.0 64
1772813157846 84.0 65
1772813167651 84.0 66
1772813177565 84.0 67
1772813187529 84.0 68
1772813197503 84.0 69
1772813210992 84.0 70
1772813221060 84.0 71
1772813230982 84.0 72
1772813240918 84.0 73
1772813250796 84.0 74
1772813264190 84.0 75
1772813274162 84.0 76
1772813284250 84.0 77
1772813294135 84.0 78
1772813304068 84.0 79
1772813317481 84.0 80
1772813327358 84.0 81
1772813337236 84.0 82
1772813347145 84.0 83
1772813357050 84.0 84
1772813370558 84.0 85
1772813380495 84.0 86
1772813390388 84.0 87
1772813400356 84.0 88
1772813410259 84.0 89
1772813423609 84.0 90
1772813433532 84.0 91
1772813443526 84.0 92
1772813453622 84.0 93
1772813463607 84.0 94
1772813477047 84.0 95
1772813487020 84.0 96
1772813496969 84.0 97
1772813506740 84.0 98
1772813516707 84.0 99
1772813530190 84.0 100
