1772812360028 1.0 1
1772812370057 1.0 2
1772812379602 1.0 3
1772812389072 1.0 4
1772812404481 1.0 5
1772812413941 1.0 6
1772812423458 1.0 7
1772812432840 1.0 8
1772812442257 1.0 9
1772812455261 1.0 10
1772812464584 1.0 11
1772812474031 1.0 12
1772812483380 1.0 13
1772812492748 1.0 14
1772812505727 1.0 15
1772812515116 1.0 16
1772812524500 1.0 17
1772812533908 1.0 18
1772812543141 1.0 19
1772812556035 1.0 20
1772812572491 1.0 11
1772812582978 1.0 12
1772812593560 1.0 13
1772812603914 1.0 14
1772812619725 1.0 15
1772812629970 1.0 16
1772812639927 1.0 17
1772812649882 1.0 18
1772812659780 1.0 19
1772812673485 1.0 20
1772812683604 1.0 21
1772812693576 1.0 22
1772812703541 1.0 23
1772812713501 1.0 24
1772812726932 1.0 25
1772812736880 1.0 26
1772812746753 1.0 27
1772812756690 1.0 28
1772812766661 1.0 29
1772812780129 1.0 30
1772812790052 1.0 31
1772812799970 1.0 32
1772812809907 1.0 33
1772812819664 1.0 34
1772812833193 1.0 35
1772812843128 1.0 36
1772812852941 1.0 37
1772812862862 1.0 38
1772812872743 1.0 39
1772812886392 1.0 40
1772812896679 1.0 41
1772812906869 1.0 42
1772812917014 1.0 43
1772812927379 1.0 44
1772812941136 1.0 45
1772812951350 1.0 46
1772812961615 1.0 47
1772812971742 1.0 48
1772812981876 1.0 49
1772812995763 1.0 50
1772813006041 1.0 51
1772813016274 1.0 52
1772813026428 1.0 53
1772813036516 1.0 54
1772813050354 1.0 55
1772813060521 1.0 56
1772813070746 1.0 57
1772813080804 1.0 58
1772813090780 1.0 59
1772813104318 1.0 60
1772813114469 1.0 61
1772813124493 1.0 62
1772813134458 1.0 63
1772813144363 1.0 64
1772813157846 1.0 65
1772813167650 1.0 66
1772813177565 1.0 67
1772813187528 1.0 68
1772813197503 1.0 69
1772813210991 1.0 70
1772813221060 1.0 71
1772813230982 1.0 72
1772813240917 1.0 73
1772813250796 1.0 74
1772813264190 1.0 75
1772813274162 1.0 76
1772813284249 1.0 77
1772813294134 1.0 78
1772813304067 1.0 79
1772813317480 1.0 80
1772813327358 1.0 81
1772813337236 1.0 82
1772813347145 1.0 83
1772813357049 1.0 84
1772813370558 1.0 85
1772813380495 1.0 86
1772813390388 1.0 87
1772813400356 1.0 88
1772813410259 1.0 89
1772813423609 1.0 90
1772813433532 1.0 91
1772813443526 1.0 92
1772813453621 1.0 93
1772813463607 1.0 94
1772813477046 1.0 95
1772813487019 1.0 96
1772813496968 1.0 97
1772813506739 1.0 98
1772813516707 1.0 99
1772813530190 1.0 100
