1772812360021 0.0 1
1772812370052 0.0 2
1772812379596 0.0 3
1772812389066 0.0 4
1772812404476 0.0 5
1772812413934 0.0 6
1772812423453 0.0 7
1772812432835 0.0 8
1772812442251 0.0 9
1772812455256 0.0 10
1772812464578 0.0 11
1772812474026 0.0 12
1772812483374 0.0 13
1772812492743 0.0 14
1772812505722 0.0 15
1772812515110 0.0 16
1772812524495 0.0 17
1772812533903 0.0 18
1772812543136 0.0 19
1772812556030 0.0 20
1772812572486 0.0 11
1772812582972 0.0 12
1772812593552 0.0 13
1772812603909 0.0 14
1772812619720 0.0 15
1772812629964 0.0 16
1772812639921 0.0 17
1772812649877 0.0 18
1772812659774 0.0 19
1772812673476 0.0 20
1772812683599 0.0 21
1772812693571 0.0 22
1772812703535 0.0 23
1772812713495 0.0 24
1772812726926 0.0 25
1772812736875 0.0 26
1772812746747 0.0 27
1772812756684 0.0 28
1772812766655 0.0 29
1772812780123 0.0 30
1772812790047 0.0 31
1772812799965 0.0 32
1772812809902 0.0 33
1772812819658 0.0 34
1772812833188 0.0 35
1772812843122 0.0 36
1772812852936 0.0 37
1772812862856 0.0 38
1772812872737 0.0 39
1772812886386 0.0 40
1772812896674 0.0 41
1772812906864 0.0 42
1772812917007 0.0 43
1772812927373 0.0 44
1772812941131 0.0 45
1772812951345 0.0 46
1772812961610 0.0 47
1772812971737 0.0 48
1772812981871 0.0 49
1772812995756 0.0 50
1772813006036 0.0 51
1772813016268 0.0 52
1772813026423 0.0 53
1772813036511 0.0 54
1772813050349 0.0 55
1772813060516 0.0 56
1772813070741 0.0 57
1772813080799 0.0 58
1772813090775 0.0 59
1772813104313 0.0 60
1772813114465 0.0 61
1772813124487 0.0 62
1772813134453 0.0 63
1772813144358 0.0 64
1772813157840 0.0 65
1772813167645 0.0 66
1772813177558 0.0 67
1772813187523 0.0 68
1772813197498 0.0 69
1772813210986 0.0 70
1772813221055 0.0 71
1772813230976 0.0 72
1772813240912 0.0 73
1772813250790 0.0 74
1772813264184 0.0 75
1772813274157 0.0 76
1772813284244 0.0 77
1772813294129 0.0 78
1772813304062 0.0 79
1772813317475 0.0 80
1772813327353 0.0 81
1772813337230 0.0 82
1772813347140 0.0 83
1772813357043 0.0 84
1772813370551 0.0 85
1772813380490 0.0 86
1772813390383 0.0 87
1772813400351 0.0 88
1772813410254 0.0 89
1772813423603 0.0 90
1772813433527 0.0 91
1772813443521 0.0 92
1772813453616 0.0 93
1772813463601 0.0 94
1772813477041 0.0 95
1772813487014 0.0 96
1772813496963 0.0 97
1772813506734 0.0 98
1772813516702 0.0 99
1772813530185 0.0 100
