1772812360028 0.0 1
1772812370058 0.0 2
1772812379603 0.0 3
1772812389072 0.0 4
1772812404481 0.0 5
1772812413942 0.0 6
1772812423459 0.0 7
1772812432841 0.0 8
1772812442257 0.0 9
1772812455262 0.0 10
1772812464584 0.0 11
1772812474032 0.0 12
1772812483380 0.0 13
1772812492749 0.0 14
1772812505727 0.0 15
1772812515116 0.0 16
1772812524501 0.0 17
1772812533909 0.0 18
1772812543142 0.0 19
1772812556036 0.0 20
1772812572492 0.0 11
1772812582978 0.0 12
1772812593561 0.0 13
1772812603915 0.0 14
1772812619725 0.0 15
1772812629970 0.0 16
1772812639927 0.0 17
1772812649883 0.0 18
1772812659780 0.0 19
1772812673485 0.0 20
1772812683605 0.0 21
1772812693577 0.0 22
1772812703541 0.0 23
1772812713501 0.0 24
1772812726932 0.0 25
1772812736880 0.0 26
1772812746753 0.0 27
1772812756690 0.0 28
1772812766661 0.0 29
1772812780129 0.0 30
1772812790053 0.0 31
1772812799971 0.0 32
1772812809907 0.0 33
1772812819664 0.0 34
1772812833194 0.0 35
1772812843128 0.0 36
1772812852942 0.0 37
1772812862862 0.0 38
1772812872743 0.0 39
1772812886393 0.0 40
1772812896680 0.0 41
1772812906870 0.0 42
1772812917014 0.0 43
1772812927379 0.0 44
1772812941137 0.0 45
1772812951351 0.0 46
1772812961615 0.0 47
1772812971742 0.0 48
1772812981876 0.0 49
1772812995763 0.0 50
1772813006041 0.0 51
1772813016274 0.0 52
1772813026428 0.0 53
1772813036517 0.0 54
1772813050355 0.0 55
1772813060522 0.0 56
1772813070746 0.0 57
1772813080805 0.0 58
1772813090781 0.0 59
1772813104319 0.0 60
1772813114470 0.0 61
1772813124494 0.0 62
1772813134459 0.0 63
1772813144364 0.0 64
1772813157846 0.0 65
1772813167651 0.0 66
1772813177565 0.0 67
1772813187529 0.0 68
1772813197504 0.0 69
1772813210992 0.0 70
1772813221060 0.0 71
1772813230982 0.0 72
1772813240918 0.0 73
1772813250796 0.0 74
1772813264190 0.0 75
1772813274163 0.0 76
1772813284250 0.0 77
1772813294135 0.0 78
1772813304068 0.0 79
1772813317481 0.0 80
1772813327358 0.0 81
1772813337236 0.0 82
1772813347145 0.0 83
1772813357050 0.0 84
1772813370559 0.0 85
1772813380496 0.0 86
1772813390388 0.0 87
1772813400357 0.0 88
1772813410260 0.0 89
1772813423609 0.0 90
1772813433533 0.0 91
1772813443526 0.0 92
1772813453622 0.0 93
1772813463607 0.0 94
1772813477047 0.0 95
1772813487020 0.0 96
1772813496969 0.0 97
1772813506740 0.0 98
1772813516708 0.0 99
1772813530191 0.0 100
