1772812360021 20.0 1
1772812370052 20.0 2
1772812379597 20.0 3
1772812389067 20.0 4
1772812404476 20.0 5
1772812413935 20.0 6
1772812423453 20.0 7
1772812432835 20.0 8
1772812442252 20.0 9
1772812455256 20.0 10
1772812464579 20.0 11
1772812474026 20.0 12
1772812483375 20.0 13
1772812492743 20.0 14
1772812505722 20.0 15
1772812515111 20.0 16
1772812524495 20.0 17
1772812533903 20.0 18
1772812543136 20.0 19
1772812556030 20.0 20
1772812572486 20.0 11
1772812582972 20.0 12
1772812593553 20.0 13
1772812603909 20.0 14
1772812619720 20.0 15
1772812629965 20.0 16
1772812639921 20.0 17
1772812649877 20.0 18
1772812659775 20.0 19
1772812673477 20.0 20
1772812683600 20.0 21
1772812693571 20.0 22
1772812703536 20.0 23
1772812713496 20.0 24
1772812726926 20.0 25
1772812736875 20.0 26
1772812746748 20.0 27
1772812756685 20.0 28
1772812766655 20.0 29
1772812780124 20.0 30
1772812790047 20.0 31
1772812799965 20.0 32
1772812809902 20.0 33
1772812819659 20.0 34
1772812833188 20.0 35
1772812843123 20.0 36
1772812852936 20.0 37
1772812862857 20.0 38
1772812872737 20.0 39
1772812886386 20.0 40
1772812896674 20.0 41
1772812906864 20.0 42
1772812917007 20.0 43
1772812927373 20.0 44
1772812941131 20.0 45
1772812951345 20.0 46
1772812961610 20.0 47
1772812971737 20.0 48
1772812981871 20.0 49
1772812995756 20.0 50
1772813006036 20.0 51
1772813016269 20.0 52
1772813026423 20.0 53
1772813036511 20.0 54
1772813050349 20.0 55
1772813060516 20.0 56
1772813070741 20.0 57
1772813080799 20.0 58
1772813090775 20.0 59
1772813104313 20.0 60
1772813114465 20.0 61
1772813124487 20.0 62
1772813134453 20.0 63
1772813144358 20.0 64
1772813157840 20.0 65
1772813167645 20.0 66
1772813177558 20.0 67
1772813187523 20.0 68
1772813197498 20.0 69
1772813210986 20.0 70
1772813221055 20.0 71
1772813230977 20.0 72
1772813240912 20.0 73
1772813250791 20.0 74
1772813264185 20.0 75
1772813274157 20.0 76
1772813284244 20.0 77
1772813294129 20.0 78
1772813304062 20.0 79
1772813317475 20.0 80
1772813327353 20.0 81
1772813337230 20.0 82
1772813347140 20.0 83
1772813357043 20.0 84
1772813370552 20.0 85
1772813380490 20.0 86
1772813390383 20.0 87
1772813400351 20.0 88
1772813410254 20.0 89
1772813423604 20.0 90
1772813433527 20.0 91
1772813443521 20.0 92
1772813453616 20.0 93
1772813463602 20.0 94
1772813477041 20.0 95
1772813487014 20.0 96
1772813496963 20.0 97
1772813506735 20.0 98
1772813516702 20.0 99
1772813530185 20.0 100
