1772812360023 256.0 1
1772812370053 256.0 2
1772812379598 256.0 3
1772812389068 256.0 4
1772812404477 256.0 5
1772812413937 256.0 6
1772812423454 256.0 7
1772812432836 256.0 8
1772812442253 256.0 9
1772812455257 256.0 10
1772812464580 256.0 11
1772812474028 256.0 12
1772812483376 256.0 13
1772812492744 256.0 14
1772812505723 256.0 15
1772812515112 256.0 16
1772812524496 256.0 17
1772812533905 256.0 18
1772812543137 256.0 19
1772812556031 256.0 20
1772812572487 256.0 11
1772812582973 256.0 12
1772812593554 256.0 13
1772812603911 256.0 14
1772812619721 256.0 15
1772812629966 256.0 16
1772812639923 256.0 17
1772812649878 256.0 18
1772812659776 256.0 19
1772812673478 256.0 20
1772812683601 256.0 21
1772812693573 256.0 22
1772812703537 256.0 23
1772812713497 256.0 24
1772812726928 256.0 25
1772812736876 256.0 26
1772812746749 256.0 27
1772812756686 256.0 28
1772812766657 256.0 29
1772812780125 256.0 30
1772812790048 256.0 31
1772812799967 256.0 32
1772812809903 256.0 33
1772812819660 256.0 34
1772812833189 256.0 35
1772812843124 256.0 36
1772812852938 256.0 37
1772812862858 256.0 38
1772812872739 256.0 39
1772812886388 256.0 40
1772812896676 256.0 41
1772812906865 256.0 42
1772812917009 256.0 43
1772812927375 256.0 44
1772812941132 256.0 45
1772812951346 256.0 46
1772812961611 256.0 47
1772812971738 256.0 48
1772812981872 256.0 49
1772812995758 256.0 50
1772813006037 256.0 51
1772813016270 256.0 52
1772813026424 256.0 53
1772813036512 256.0 54
1772813050350 256.0 55
1772813060518 256.0 56
1772813070742 256.0 57
1772813080801 256.0 58
1772813090776 256.0 59
1772813104314 256.0 60
1772813114466 256.0 61
1772813124489 256.0 62
1772813134455 256.0 63
1772813144359 256.0 64
1772813157842 256.0 65
1772813167646 256.0 66
1772813177560 256.0 67
1772813187525 256.0 68
1772813197499 256.0 69
1772813210987 256.0 70
1772813221056 256.0 71
1772813230978 256.0 72
1772813240913 256.0 73
1772813250792 256.0 74
1772813264186 256.0 75
1772813274158 256.0 76
1772813284245 256.0 77
1772813294130 256.0 78
1772813304063 256.0 79
1772813317476 256.0 80
1772813327354 256.0 81
1772813337232 256.0 82
1772813347141 256.0 83
1772813357045 256.0 84
1772813370553 256.0 85
1772813380491 256.0 86
1772813390384 256.0 87
1772813400352 256.0 88
1772813410255 256.0 89
1772813423605 256.0 90
1772813433529 256.0 91
1772813443522 256.0 92
1772813453618 256.0 93
1772813463603 256.0 94
1772813477043 256.0 95
1772813487016 256.0 96
1772813496965 256.0 97
1772813506736 256.0 98
1772813516703 256.0 99
1772813530186 256.0 100
