1772812360024 0.0 1
1772812370054 0.0 2
1772812379598 0.0 3
1772812389068 0.0 4
1772812404478 0.0 5
1772812413938 0.0 6
1772812423455 0.0 7
1772812432837 0.0 8
1772812442254 0.0 9
1772812455258 0.0 10
1772812464581 0.0 11
1772812474028 0.0 12
1772812483377 0.0 13
1772812492745 0.0 14
1772812505724 0.0 15
1772812515112 0.0 16
1772812524497 0.0 17
1772812533905 0.0 18
1772812543138 0.0 19
1772812556032 0.0 20
1772812572488 0.0 11
1772812582974 0.0 12
1772812593555 0.0 13
1772812603911 0.0 14
1772812619722 0.0 15
1772812629966 0.0 16
1772812639923 0.0 17
1772812649879 0.0 18
1772812659776 0.0 19
1772812673479 0.0 20
1772812683601 0.0 21
1772812693573 0.0 22
1772812703537 0.0 23
1772812713497 0.0 24
1772812726928 0.0 25
1772812736877 0.0 26
1772812746749 0.0 27
1772812756687 0.0 28
1772812766657 0.0 29
1772812780125 0.0 30
1772812790049 0.0 31
1772812799967 0.0 32
1772812809904 0.0 33
1772812819661 0.0 34
1772812833190 0.0 35
1772812843124 0.0 36
1772812852938 0.0 37
1772812862859 0.0 38
1772812872739 0.0 39
1772812886389 0.0 40
1772812896676 0.0 41
1772812906866 0.0 42
1772812917010 0.0 43
1772812927375 0.0 44
1772812941133 0.0 45
1772812951347 0.0 46
1772812961612 0.0 47
1772812971739 0.0 48
1772812981873 0.0 49
1772812995759 0.0 50
1772813006038 0.0 51
1772813016270 0.0 52
1772813026425 0.0 53
1772813036513 0.0 54
1772813050351 0.0 55
1772813060518 0.0 56
1772813070742 0.0 57
1772813080801 0.0 58
1772813090777 0.0 59
1772813104315 0.0 60
1772813114466 0.0 61
1772813124489 0.0 62
1772813134455 0.0 63
1772813144360 0.0 64
1772813157842 0.0 65
1772813167647 0.0 66
1772813177561 0.0 67
1772813187525 0.0 68
1772813197500 0.0 69
1772813210988 0.0 70
1772813221057 0.0 71
1772813230979 0.0 72
1772813240914 0.0 73
1772813250792 0.0 74
1772813264186 0.0 75
1772813274159 0.0 76
1772813284246 0.0 77
1772813294131 0.0 78
1772813304064 0.0 79
1772813317477 0.0 80
1772813327354 0.0 81
1772813337232 0.0 82
1772813347142 0.0 83
1772813357045 0.0 84
1772813370554 0.0 85
1772813380492 0.0 86
1772813390385 0.0 87
1772813400353 0.0 88
1772813410256 0.0 89
1772813423606 0.0 90
1772813433529 0.0 91
1772813443523 0.0 92
1772813453618 0.0 93
1772813463604 0.0 94
1772813477043 0.0 95
1772813487016 0.0 96
1772813496965 0.0 97
1772813506736 0.0 98
1772813516704 0.0 99
1772813530187 0.0 100
