1772812360023 20.0 1
1772812370053 20.0 2
1772812379598 20.0 3
1772812389067 20.0 4
1772812404477 20.0 5
1772812413937 20.0 6
1772812423454 20.0 7
1772812432836 20.0 8
1772812442253 20.0 9
1772812455257 20.0 10
1772812464580 20.0 11
1772812474027 20.0 12
1772812483376 20.0 13
1772812492744 20.0 14
1772812505723 20.0 15
1772812515112 20.0 16
1772812524496 20.0 17
1772812533904 20.0 18
1772812543137 20.0 19
1772812556031 20.0 20
1772812572487 20.0 11
1772812582973 20.0 12
1772812593554 20.0 13
1772812603910 20.0 14
1772812619721 20.0 15
1772812629966 20.0 16
1772812639922 20.0 17
1772812649878 20.0 18
1772812659776 20.0 19
1772812673478 20.0 20
1772812683600 20.0 21
1772812693572 20.0 22
1772812703537 20.0 23
1772812713497 20.0 24
1772812726927 20.0 25
1772812736876 20.0 26
1772812746749 20.0 27
1772812756686 20.0 28
1772812766656 20.0 29
1772812780125 20.0 30
1772812790048 20.0 31
1772812799966 20.0 32
1772812809903 20.0 33
1772812819660 20.0 34
1772812833189 20.0 35
1772812843124 20.0 36
1772812852937 20.0 37
1772812862858 20.0 38
1772812872738 20.0 39
1772812886388 20.0 40
1772812896675 20.0 41
1772812906865 20.0 42
1772812917009 20.0 43
1772812927374 20.0 44
1772812941132 20.0 45
1772812951346 20.0 46
1772812961611 20.0 47
1772812971738 20.0 48
1772812981872 20.0 49
1772812995758 20.0 50
1772813006037 20.0 51
1772813016270 20.0 52
1772813026424 20.0 53
1772813036512 20.0 54
1772813050350 20.0 55
1772813060517 20.0 56
1772813070742 20.0 57
1772813080801 20.0 58
1772813090776 20.0 59
1772813104314 20.0 60
1772813114466 20.0 61
1772813124488 20.0 62
1772813134454 20.0 63
1772813144359 20.0 64
1772813157841 20.0 65
1772813167646 20.0 66
1772813177560 20.0 67
1772813187524 20.0 68
1772813197499 20.0 69
1772813210987 20.0 70
1772813221056 20.0 71
1772813230978 20.0 72
1772813240913 20.0 73
1772813250792 20.0 74
1772813264186 20.0 75
1772813274158 20.0 76
1772813284245 20.0 77
1772813294130 20.0 78
1772813304063 20.0 79
1772813317476 20.0 80
1772813327354 20.0 81
1772813337231 20.0 82
1772813347141 20.0 83
1772813357044 20.0 84
1772813370553 20.0 85
1772813380491 20.0 86
1772813390384 20.0 87
1772813400352 20.0 88
1772813410255 20.0 89
1772813423605 20.0 90
1772813433528 20.0 91
1772813443522 20.0 92
1772813453617 20.0 93
1772813463603 20.0 94
1772813477042 20.0 95
1772813487015 20.0 96
1772813496965 20.0 97
1772813506736 20.0 98
1772813516703 20.0 99
1772813530186 20.0 100
