1772812360024 0.0 1
1772812370054 0.0 2
1772812379599 0.0 3
1772812389069 0.0 4
1772812404478 0.0 5
1772812413938 0.0 6
1772812423456 0.0 7
1772812432837 0.0 8
1772812442254 0.0 9
1772812455258 0.0 10
1772812464581 0.0 11
1772812474029 0.0 12
1772812483377 0.0 13
1772812492745 0.0 14
1772812505724 0.0 15
1772812515113 0.0 16
1772812524497 0.0 17
1772812533906 0.0 18
1772812543139 0.0 19
1772812556032 0.0 20
1772812572488 0.0 11
1772812582974 0.0 12
1772812593556 0.0 13
1772812603911 0.0 14
1772812619722 0.0 15
1772812629967 0.0 16
1772812639923 0.0 17
1772812649879 0.0 18
1772812659777 0.0 19
1772812673479 0.0 20
1772812683602 0.0 21
1772812693574 0.0 22
1772812703538 0.0 23
1772812713498 0.0 24
1772812726929 0.0 25
1772812736877 0.0 26
1772812746750 0.0 27
1772812756687 0.0 28
1772812766658 0.0 29
1772812780126 0.0 30
1772812790049 0.0 31
1772812799967 0.0 32
1772812809904 0.0 33
1772812819661 0.0 34
1772812833191 0.0 35
1772812843125 0.0 36
1772812852939 0.0 37
1772812862859 0.0 38
1772812872740 0.0 39
1772812886390 0.0 40
1772812896677 0.0 41
1772812906866 0.0 42
1772812917011 0.0 43
1772812927376 0.0 44
1772812941133 0.0 45
1772812951347 0.0 46
1772812961612 0.0 47
1772812971739 0.0 48
1772812981873 0.0 49
1772812995759 0.0 50
1772813006038 0.0 51
1772813016271 0.0 52
1772813026425 0.0 53
1772813036514 0.0 54
1772813050351 0.0 55
1772813060519 0.0 56
1772813070743 0.0 57
1772813080802 0.0 58
1772813090777 0.0 59
1772813104315 0.0 60
1772813114467 0.0 61
1772813124490 0.0 62
1772813134456 0.0 63
1772813144360 0.0 64
1772813157843 0.0 65
1772813167647 0.0 66
1772813177561 0.0 67
1772813187526 0.0 68
1772813197500 0.0 69
1772813210988 0.0 70
1772813221057 0.0 71
1772813230979 0.0 72
1772813240914 0.0 73
1772813250793 0.0 74
1772813264187 0.0 75
1772813274159 0.0 76
1772813284246 0.0 77
1772813294131 0.0 78
1772813304065 0.0 79
1772813317477 0.0 80
1772813327355 0.0 81
1772813337233 0.0 82
1772813347142 0.0 83
1772813357046 0.0 84
1772813370555 0.0 85
1772813380492 0.0 86
1772813390385 0.0 87
1772813400353 0.0 88
1772813410256 0.0 89
1772813423606 0.0 90
1772813433529 0.0 91
1772813443523 0.0 92
1772813453619 0.0 93
1772813463604 0.0 94
1772813477044 0.0 95
1772813487017 0.0 96
1772813496966 0.0 97
1772813506737 0.0 98
1772813516705 0.0 99
1772813530187 0.0 100
