1772812360022 0.0 1
1772812370052 0.0 2
1772812379597 0.0 3
1772812389067 0.0 4
1772812404477 0.0 5
1772812413936 0.0 6
1772812423454 0.0 7
1772812432835 0.0 8
1772812442252 0.0 9
1772812455257 0.0 10
1772812464579 0.0 11
1772812474027 0.0 12
1772812483375 0.0 13
1772812492744 0.0 14
1772812505722 0.0 15
1772812515111 0.0 16
1772812524495 0.0 17
1772812533904 0.0 18
1772812543137 0.0 19
1772812556031 0.0 20
1772812572487 0.0 11
1772812582972 0.0 12
1772812593553 0.0 13
1772812603910 0.0 14
1772812619721 0.0 15
1772812629965 0.0 16
1772812639922 0.0 17
1772812649878 0.0 18
1772812659775 0.0 19
1772812673477 0.0 20
1772812683600 0.0 21
1772812693572 0.0 22
1772812703536 0.0 23
1772812713496 0.0 24
1772812726927 0.0 25
1772812736875 0.0 26
1772812746748 0.0 27
1772812756685 0.0 28
1772812766656 0.0 29
1772812780124 0.0 30
1772812790048 0.0 31
1772812799966 0.0 32
1772812809902 0.0 33
1772812819659 0.0 34
1772812833189 0.0 35
1772812843123 0.0 36
1772812852937 0.0 37
1772812862857 0.0 38
1772812872738 0.0 39
1772812886387 0.0 40
1772812896675 0.0 41
1772812906864 0.0 42
1772812917008 0.0 43
1772812927374 0.0 44
1772812941132 0.0 45
1772812951346 0.0 46
1772812961610 0.0 47
1772812971737 0.0 48
1772812981871 0.0 49
1772812995757 0.0 50
1772813006036 0.0 51
1772813016269 0.0 52
1772813026423 0.0 53
1772813036512 0.0 54
1772813050350 0.0 55
1772813060517 0.0 56
1772813070741 0.0 57
1772813080800 0.0 58
1772813090776 0.0 59
1772813104313 0.0 60
1772813114465 0.0 61
1772813124488 0.0 62
1772813134454 0.0 63
1772813144359 0.0 64
1772813157841 0.0 65
1772813167646 0.0 66
1772813177559 0.0 67
1772813187524 0.0 68
1772813197499 0.0 69
1772813210987 0.0 70
1772813221055 0.0 71
1772813230977 0.0 72
1772813240913 0.0 73
1772813250791 0.0 74
1772813264185 0.0 75
1772813274158 0.0 76
1772813284245 0.0 77
1772813294130 0.0 78
1772813304063 0.0 79
1772813317476 0.0 80
1772813327353 0.0 81
1772813337231 0.0 82
1772813347140 0.0 83
1772813357044 0.0 84
1772813370552 0.0 85
1772813380491 0.0 86
1772813390384 0.0 87
1772813400352 0.0 88
1772813410254 0.0 89
1772813423604 0.0 90
1772813433528 0.0 91
1772813443521 0.0 92
1772813453617 0.0 93
1772813463602 0.0 94
1772813477042 0.0 95
1772813487015 0.0 96
1772813496964 0.0 97
1772813506735 0.0 98
1772813516703 0.0 99
1772813530186 0.0 100
