1772812360029 1.0 1
1772812370058 1.0 2
1772812379603 1.0 3
1772812389073 1.0 4
1772812404482 1.0 5
1772812413942 1.0 6
1772812423459 1.0 7
1772812432841 1.0 8
1772812442258 1.0 9
1772812455262 1.0 10
1772812464585 1.0 11
1772812474032 1.0 12
1772812483381 1.0 13
1772812492749 1.0 14
1772812505728 1.0 15
1772812515116 1.0 16
1772812524501 1.0 17
1772812533909 1.0 18
1772812543142 1.0 19
1772812556036 1.0 20
1772812572492 1.0 11
1772812582979 1.0 12
1772812593562 1.0 13
1772812603915 1.0 14
1772812619726 1.0 15
1772812629971 1.0 16
1772812639927 1.0 17
1772812649883 1.0 18
1772812659781 1.0 19
1772812673486 1.0 20
1772812683605 1.0 21
1772812693577 1.0 22
1772812703541 1.0 23
1772812713501 1.0 24
1772812726932 1.0 25
1772812736880 1.0 26
1772812746753 1.0 27
1772812756690 1.0 28
1772812766661 1.0 29
1772812780130 1.0 30
1772812790053 1.0 31
1772812799971 1.0 32
1772812809908 1.0 33
1772812819665 1.0 34
1772812833194 1.0 35
1772812843129 1.0 36
1772812852942 1.0 37
1772812862863 1.0 38
1772812872743 1.0 39
1772812886393 1.0 40
1772812896680 1.0 41
1772812906870 1.0 42
1772812917014 1.0 43
1772812927379 1.0 44
1772812941137 1.0 45
1772812951351 1.0 46
1772812961616 1.0 47
1772812971742 1.0 48
1772812981876 1.0 49
1772812995764 1.0 50
1772813006042 1.0 51
1772813016274 1.0 52
1772813026429 1.0 53
1772813036517 1.0 54
1772813050355 1.0 55
1772813060522 1.0 56
1772813070747 1.0 57
1772813080805 1.0 58
1772813090781 1.0 59
1772813104319 1.0 60
1772813114470 1.0 61
1772813124494 1.0 62
1772813134459 1.0 63
1772813144364 1.0 64
1772813157846 1.0 65
1772813167651 1.0 66
1772813177565 1.0 67
1772813187529 1.0 68
1772813197504 1.0 69
1772813210992 1.0 70
1772813221061 1.0 71
1772813230983 1.0 72
1772813240918 1.0 73
1772813250796 1.0 74
1772813264190 1.0 75
1772813274163 1.0 76
1772813284250 1.0 77
1772813294135 1.0 78
1772813304068 1.0 79
1772813317481 1.0 80
1772813327359 1.0 81
1772813337237 1.0 82
1772813347146 1.0 83
1772813357050 1.0 84
1772813370559 1.0 85
1772813380496 1.0 86
1772813390389 1.0 87
1772813400357 1.0 88
1772813410260 1.0 89
1772813423610 1.0 90
1772813433533 1.0 91
1772813443527 1.0 92
1772813453622 1.0 93
1772813463608 1.0 94
1772813477047 1.0 95
1772813487020 1.0 96
1772813496969 1.0 97
1772813506740 1.0 98
1772813516708 1.0 99
1772813530191 1.0 100
