1772811732028 1.0 1
1772811741154 1.0 2
1772811750964 1.0 3
1772811760438 1.0 4
1772811777036 1.0 5
1772811786338 1.0 6
1772811796170 1.0 7
1772811805962 1.0 8
1772811815713 1.0 9
1772811828999 1.0 10
1772811838199 1.0 11
1772811847216 1.0 12
1772811856801 1.0 13
1772811866234 1.0 14
1772811879086 1.0 15
1772811888430 1.0 16
1772811898294 1.0 17
1772811907787 1.0 18
1772811917903 1.0 19
1772811931338 1.0 20
1772811955119 1.0 21
1772811966233 1.0 22
1772811976381 1.0 23
1772811986365 1.0 24
1772812001835 1.0 25
1772812012163 1.0 26
1772812022424 1.0 27
1772812032606 1.0 28
1772812042830 1.0 29
