1772812359869 0.0 1
1772812369919 0.0 2
1772812379466 0.0 3
1772812388936 0.0 4
1772812404622 0.0 5
1772812414077 0.0 6
1772812423642 0.0 7
1772812433039 0.0 8
1772812442524 0.0 9
1772812455521 0.0 10
1772812464973 0.0 11
1772812474296 0.0 12
1772812483650 0.0 13
1772812493057 0.0 14
1772812506018 0.0 15
1772812515411 0.0 16
1772812524809 0.0 17
1772812534223 0.0 18
1772812543562 0.0 19
1772812556310 0.0 20
1772812579210 0.0 21
1772812589635 0.0 22
1772812600191 0.0 23
1772812610121 0.0 24
1772812626206 0.0 25
1772812636142 0.0 26
1772812646130 0.0 27
1772812656070 0.0 28
1772812665943 0.0 29
1772812679750 0.0 30
1772812696761 0.0 21
1772812706750 0.0 22
1772812716662 0.0 23
1772812726466 0.0 24
1772812742268 0.0 25
1772812752185 0.0 26
1772812762164 0.0 27
1772812772153 0.0 28
1772812782020 0.0 29
1772812795568 0.0 30
1772812812409 0.0 31
1772812822268 0.0 32
1772812832103 0.0 33
1772812841992 0.0 34
1772812857768 0.0 35
1772812867681 0.0 36
1772812877550 0.0 37
1772812887779 0.0 38
1772812897996 0.0 39
1772812911798 0.0 40
1772812929427 0.0 41
1772812939500 0.0 42
1772812949642 0.0 43
1772812959896 0.0 44
1772812976114 0.0 45
1772812986347 0.0 46
1772812996598 0.0 47
1772813006858 0.0 48
1772813017097 0.0 49
1772813030863 0.0 50
1772813048133 0.0 51
1772813058232 0.0 52
1772813068391 0.0 53
1772813078619 0.0 54
1772813094552 0.0 55
1772813104490 0.0 56
1772813114620 0.0 57
1772813124689 0.0 58
1772813134649 0.0 59
1772813148163 0.0 60
1772813158095 0.0 61
1772813168007 0.0 62
1772813177902 0.0 63
1772813187868 0.0 64
1772813201326 0.0 65
1772813211268 0.0 66
1772813221354 0.0 67
1772813231341 0.0 68
1772813241316 0.0 69
1772813254890 0.0 70
1772813271227 0.0 71
1772813281228 0.0 72
1772813291119 0.0 73
1772813300977 0.0 74
1772813316729 0.0 75
1772813326643 0.0 76
1772813336621 0.0 77
1772813346556 0.0 78
1772813356454 0.0 79
1772813369976 0.0 80
1772813386463 0.0 81
1772813396406 0.0 82
1772813406310 0.0 83
1772813416181 0.0 84
1772813431891 0.0 85
1772813441878 0.0 86
1772813451802 0.0 87
1772813461845 0.0 88
1772813471767 0.0 89
1772813485229 0.0 90
1772813495206 0.0 91
1772813505091 0.0 92
1772813515029 0.0 93
1772813524994 0.0 94
1772813537860 0.0 95
1772813547166 0.0 96
1772813556582 0.0 97
1772813565864 0.0 98
1772813575418 0.0 99
1772813588432 0.0 100
