1772812359864 0.0 1
1772812369914 0.0 2
1772812379460 0.0 3
1772812388930 0.0 4
1772812404617 0.0 5
1772812414072 0.0 6
1772812423637 0.0 7
1772812433033 0.0 8
1772812442518 0.0 9
1772812455516 0.0 10
1772812464968 0.0 11
1772812474290 0.0 12
1772812483644 0.0 13
1772812493051 0.0 14
1772812506012 0.0 15
1772812515406 0.0 16
1772812524804 0.0 17
1772812534218 0.0 18
1772812543556 0.0 19
1772812556304 0.0 20
1772812579204 0.0 21
1772812589630 0.0 22
1772812600186 0.0 23
1772812610116 0.0 24
1772812626201 0.0 25
1772812636137 0.0 26
1772812646125 0.0 27
1772812656065 0.0 28
1772812665937 0.0 29
1772812679745 0.0 30
1772812696756 0.0 21
1772812706745 0.0 22
1772812716656 0.0 23
1772812726460 0.0 24
1772812742263 0.0 25
1772812752180 0.0 26
1772812762159 0.0 27
1772812772148 0.0 28
1772812782015 0.0 29
1772812795563 0.0 30
1772812812404 0.0 31
1772812822262 0.0 32
1772812832098 0.0 33
1772812841987 0.0 34
1772812857763 0.0 35
1772812867676 0.0 36
1772812877545 0.0 37
1772812887773 0.0 38
1772812897990 0.0 39
1772812911793 0.0 40
1772812929422 0.0 41
1772812939495 0.0 42
1772812949636 0.0 43
1772812959890 0.0 44
1772812976109 0.0 45
1772812986342 0.0 46
1772812996593 0.0 47
1772813006853 0.0 48
1772813017091 0.0 49
1772813030858 0.0 50
1772813048128 0.0 51
1772813058227 0.0 52
1772813068386 0.0 53
1772813078613 0.0 54
1772813094547 0.0 55
1772813104482 0.0 56
1772813114614 0.0 57
1772813124684 0.0 58
1772813134643 0.0 59
1772813148157 0.0 60
1772813158090 0.0 61
1772813168002 0.0 62
1772813177896 0.0 63
1772813187862 0.0 64
1772813201321 0.0 65
1772813211262 0.0 66
1772813221348 0.0 67
1772813231336 0.0 68
1772813241311 0.0 69
1772813254885 0.0 70
1772813271222 0.0 71
1772813281223 0.0 72
1772813291114 0.0 73
1772813300972 0.0 74
1772813316724 0.0 75
1772813326638 0.0 76
1772813336616 0.0 77
1772813346551 0.0 78
1772813356448 0.0 79
1772813369967 0.0 80
1772813386458 0.0 81
1772813396400 0.0 82
1772813406305 0.0 83
1772813416176 0.0 84
1772813431886 0.0 85
1772813441873 0.0 86
1772813451796 0.0 87
1772813461840 0.0 88
1772813471762 0.0 89
1772813485223 0.0 90
1772813495201 0.0 91
1772813505086 0.0 92
1772813515024 0.0 93
1772813524988 0.0 94
1772813537852 0.0 95
1772813547161 0.0 96
1772813556577 0.0 97
1772813565860 0.0 98
1772813575413 0.0 99
1772813588427 0.0 100
