1772812359869 -1.0 1
1772812369918 -1.0 2
1772812379466 -1.0 3
1772812388935 -1.0 4
1772812404621 -1.0 5
1772812414077 -1.0 6
1772812423642 -1.0 7
1772812433038 -1.0 8
1772812442523 -1.0 9
1772812455521 -1.0 10
1772812464972 -1.0 11
1772812474296 -1.0 12
1772812483650 -1.0 13
1772812493057 -1.0 14
1772812506017 -1.0 15
1772812515411 -1.0 16
1772812524809 -1.0 17
1772812534223 -1.0 18
1772812543562 -1.0 19
1772812556309 -1.0 20
1772812579209 -1.0 21
1772812589635 -1.0 22
1772812600191 -1.0 23
1772812610120 -1.0 24
1772812626206 -1.0 25
1772812636142 -1.0 26
1772812646130 -1.0 27
1772812656070 -1.0 28
1772812665942 -1.0 29
1772812679749 -1.0 30
1772812696761 -1.0 21
1772812706750 -1.0 22
1772812716662 -1.0 23
1772812726465 -1.0 24
1772812742267 -1.0 25
1772812752185 -1.0 26
1772812762163 -1.0 27
1772812772153 -1.0 28
1772812782020 -1.0 29
1772812795567 -1.0 30
1772812812409 -1.0 31
1772812822267 -1.0 32
1772812832103 -1.0 33
1772812841992 -1.0 34
1772812857767 -1.0 35
1772812867680 -1.0 36
1772812877550 -1.0 37
1772812887778 -1.0 38
1772812897995 -1.0 39
1772812911798 -1.0 40
1772812929427 -1.0 41
1772812939499 -1.0 42
1772812949641 -1.0 43
1772812959895 -1.0 44
1772812976114 -1.0 45
1772812986347 -1.0 46
1772812996598 -1.0 47
1772813006858 -1.0 48
1772813017096 -1.0 49
1772813030862 -1.0 50
1772813048133 -1.0 51
1772813058231 -1.0 52
1772813068390 -1.0 53
1772813078618 -1.0 54
1772813094551 -1.0 55
1772813104489 -1.0 56
1772813114619 -1.0 57
1772813124688 -1.0 58
1772813134648 -1.0 59
1772813148162 -1.0 60
1772813158095 -1.0 61
1772813168006 -1.0 62
1772813177901 -1.0 63
1772813187867 -1.0 64
1772813201326 -1.0 65
1772813211267 -1.0 66
1772813221354 -1.0 67
1772813231341 -1.0 68
1772813241315 -1.0 69
1772813254890 -1.0 70
1772813271227 -1.0 71
1772813281228 -1.0 72
1772813291119 -1.0 73
1772813300976 -1.0 74
1772813316729 -1.0 75
1772813326643 -1.0 76
1772813336620 -1.0 77
1772813346556 -1.0 78
1772813356453 -1.0 79
1772813369976 -1.0 80
1772813386463 -1.0 81
1772813396405 -1.0 82
1772813406309 -1.0 83
1772813416180 -1.0 84
1772813431891 -1.0 85
1772813441878 -1.0 86
1772813451801 -1.0 87
1772813461845 -1.0 88
1772813471767 -1.0 89
1772813485228 -1.0 90
1772813495205 -1.0 91
1772813505090 -1.0 92
1772813515028 -1.0 93
1772813524993 -1.0 94
1772813537860 -1.0 95
1772813547165 -1.0 96
1772813556582 -1.0 97
1772813565864 -1.0 98
1772813575417 -1.0 99
1772813588432 -1.0 100
