1772812359866 50.0 1
1772812369916 50.0 2
1772812379462 50.0 3
1772812388932 50.0 4
1772812404618 50.0 5
1772812414074 50.0 6
1772812423639 50.0 7
1772812433035 50.0 8
1772812442520 50.0 9
1772812455518 50.0 10
1772812464970 50.0 11
1772812474292 50.0 12
1772812483646 50.0 13
1772812493053 50.0 14
1772812506014 50.0 15
1772812515408 50.0 16
1772812524806 50.0 17
1772812534220 50.0 18
1772812543558 50.0 19
1772812556306 50.0 20
1772812579206 50.0 21
1772812589632 50.0 22
1772812600188 50.0 23
1772812610118 50.0 24
1772812626203 50.0 25
1772812636139 50.0 26
1772812646127 50.0 27
1772812656067 50.0 28
1772812665939 50.0 29
1772812679746 50.0 30
1772812696758 50.0 21
1772812706747 50.0 22
1772812716659 50.0 23
1772812726462 50.0 24
1772812742264 50.0 25
1772812752182 50.0 26
1772812762161 50.0 27
1772812772150 50.0 28
1772812782017 50.0 29
1772812795564 50.0 30
1772812812406 50.0 31
1772812822264 50.0 32
1772812832100 50.0 33
1772812841989 50.0 34
1772812857764 50.0 35
1772812867678 50.0 36
1772812877547 50.0 37
1772812887775 50.0 38
1772812897992 50.0 39
1772812911795 50.0 40
1772812929424 50.0 41
1772812939496 50.0 42
1772812949638 50.0 43
1772812959892 50.0 44
1772812976111 50.0 45
1772812986344 50.0 46
1772812996595 50.0 47
1772813006855 50.0 48
1772813017093 50.0 49
1772813030859 50.0 50
1772813048130 50.0 51
1772813058229 50.0 52
1772813068387 50.0 53
1772813078615 50.0 54
1772813094549 50.0 55
1772813104485 50.0 56
1772813114616 50.0 57
1772813124686 50.0 58
1772813134645 50.0 59
1772813148159 50.0 60
1772813158092 50.0 61
1772813168004 50.0 62
1772813177898 50.0 63
1772813187864 50.0 64
1772813201323 50.0 65
1772813211264 50.0 66
1772813221350 50.0 67
1772813231338 50.0 68
1772813241313 50.0 69
1772813254887 50.0 70
1772813271224 50.0 71
1772813281225 50.0 72
1772813291116 50.0 73
1772813300973 50.0 74
1772813316726 50.0 75
1772813326640 50.0 76
1772813336617 50.0 77
1772813346553 50.0 78
1772813356451 50.0 79
1772813369972 50.0 80
1772813386460 50.0 81
1772813396402 50.0 82
1772813406307 50.0 83
1772813416177 50.0 84
1772813431888 50.0 85
1772813441875 50.0 86
1772813451798 50.0 87
1772813461842 50.0 88
1772813471764 50.0 89
1772813485225 50.0 90
1772813495202 50.0 91
1772813505088 50.0 92
1772813515026 50.0 93
1772813524990 50.0 94
1772813537857 50.0 95
1772813547163 50.0 96
1772813556579 50.0 97
1772813565861 50.0 98
1772813575414 50.0 99
1772813588429 50.0 100
