1772812359866 2.0 1
1772812369916 2.0 2
1772812379463 2.0 3
1772812388933 2.0 4
1772812404619 2.0 5
1772812414074 2.0 6
1772812423639 2.0 7
1772812433036 2.0 8
1772812442520 2.0 9
1772812455518 2.0 10
1772812464970 2.0 11
1772812474293 2.0 12
1772812483647 2.0 13
1772812493054 2.0 14
1772812506015 2.0 15
1772812515409 2.0 16
1772812524806 2.0 17
1772812534221 2.0 18
1772812543559 2.0 19
1772812556306 2.0 20
1772812579207 2.0 21
1772812589632 2.0 22
1772812600188 2.0 23
1772812610118 2.0 24
1772812626203 2.0 25
1772812636139 2.0 26
1772812646127 2.0 27
1772812656068 2.0 28
1772812665940 2.0 29
1772812679747 2.0 30
1772812696758 2.0 21
1772812706747 2.0 22
1772812716659 2.0 23
1772812726463 2.0 24
1772812742265 2.0 25
1772812752182 2.0 26
1772812762161 2.0 27
1772812772151 2.0 28
1772812782018 2.0 29
1772812795565 2.0 30
1772812812407 2.0 31
1772812822265 2.0 32
1772812832100 2.0 33
1772812841989 2.0 34
1772812857765 2.0 35
1772812867678 2.0 36
1772812877547 2.0 37
1772812887776 2.0 38
1772812897993 2.0 39
1772812911795 2.0 40
1772812929425 2.0 41
1772812939497 2.0 42
1772812949639 2.0 43
1772812959893 2.0 44
1772812976112 2.0 45
1772812986344 2.0 46
1772812996596 2.0 47
1772813006856 2.0 48
1772813017094 2.0 49
1772813030860 2.0 50
1772813048130 2.0 51
1772813058229 2.0 52
1772813068388 2.0 53
1772813078616 2.0 54
1772813094549 2.0 55
1772813104486 2.0 56
1772813114617 2.0 57
1772813124686 2.0 58
1772813134645 2.0 59
1772813148160 2.0 60
1772813158092 2.0 61
1772813168004 2.0 62
1772813177899 2.0 63
1772813187865 2.0 64
1772813201323 2.0 65
1772813211265 2.0 66
1772813221350 2.0 67
1772813231338 2.0 68
1772813241313 2.0 69
1772813254887 2.0 70
1772813271225 2.0 71
1772813281225 2.0 72
1772813291117 2.0 73
1772813300974 2.0 74
1772813316726 2.0 75
1772813326641 2.0 76
1772813336618 2.0 77
1772813346554 2.0 78
1772813356451 2.0 79
1772813369973 2.0 80
1772813386460 2.0 81
1772813396403 2.0 82
1772813406307 2.0 83
1772813416178 2.0 84
1772813431889 2.0 85
1772813441876 2.0 86
1772813451799 2.0 87
1772813461842 2.0 88
1772813471764 2.0 89
1772813485226 2.0 90
1772813495203 2.0 91
1772813505088 2.0 92
1772813515026 2.0 93
1772813524990 2.0 94
1772813537857 2.0 95
1772813547163 2.0 96
1772813556580 2.0 97
1772813565862 2.0 98
1772813575415 2.0 99
1772813588429 2.0 100
