1772812359864 64.0 1
1772812369915 64.0 2
1772812379461 64.0 3
1772812388931 64.0 4
1772812404617 64.0 5
1772812414073 64.0 6
1772812423638 64.0 7
1772812433034 64.0 8
1772812442518 64.0 9
1772812455517 64.0 10
1772812464969 64.0 11
1772812474291 64.0 12
1772812483645 64.0 13
1772812493052 64.0 14
1772812506013 64.0 15
1772812515407 64.0 16
1772812524805 64.0 17
1772812534219 64.0 18
1772812543557 64.0 19
1772812556305 64.0 20
1772812579205 64.0 21
1772812589631 64.0 22
1772812600187 64.0 23
1772812610117 64.0 24
1772812626202 64.0 25
1772812636137 64.0 26
1772812646126 64.0 27
1772812656066 64.0 28
1772812665938 64.0 29
1772812679745 64.0 30
1772812696757 64.0 21
1772812706746 64.0 22
1772812716657 64.0 23
1772812726461 64.0 24
1772812742263 64.0 25
1772812752181 64.0 26
1772812762160 64.0 27
1772812772149 64.0 28
1772812782016 64.0 29
1772812795563 64.0 30
1772812812405 64.0 31
1772812822263 64.0 32
1772812832099 64.0 33
1772812841988 64.0 34
1772812857763 64.0 35
1772812867676 64.0 36
1772812877546 64.0 37
1772812887774 64.0 38
1772812897991 64.0 39
1772812911794 64.0 40
1772812929423 64.0 41
1772812939495 64.0 42
1772812949637 64.0 43
1772812959891 64.0 44
1772812976110 64.0 45
1772812986343 64.0 46
1772812996594 64.0 47
1772813006854 64.0 48
1772813017092 64.0 49
1772813030858 64.0 50
1772813048129 64.0 51
1772813058228 64.0 52
1772813068386 64.0 53
1772813078614 64.0 54
1772813094548 64.0 55
1772813104484 64.0 56
1772813114615 64.0 57
1772813124684 64.0 58
1772813134644 64.0 59
1772813148158 64.0 60
1772813158091 64.0 61
1772813168002 64.0 62
1772813177897 64.0 63
1772813187863 64.0 64
1772813201322 64.0 65
1772813211263 64.0 66
1772813221348 64.0 67
1772813231337 64.0 68
1772813241312 64.0 69
1772813254886 64.0 70
1772813271223 64.0 71
1772813281224 64.0 72
1772813291115 64.0 73
1772813300972 64.0 74
1772813316725 64.0 75
1772813326639 64.0 76
1772813336616 64.0 77
1772813346552 64.0 78
1772813356449 64.0 79
1772813369970 64.0 80
1772813386459 64.0 81
1772813396401 64.0 82
1772813406305 64.0 83
1772813416176 64.0 84
1772813431887 64.0 85
1772813441874 64.0 86
1772813451797 64.0 87
1772813461841 64.0 88
1772813471763 64.0 89
1772813485224 64.0 90
1772813495201 64.0 91
1772813505087 64.0 92
1772813515025 64.0 93
1772813524989 64.0 94
1772813537852 64.0 95
1772813547162 64.0 96
1772813556578 64.0 97
1772813565860 64.0 98
1772813575413 64.0 99
1772813588428 64.0 100
