1772812359867 0.0 1
1772812369917 0.0 2
1772812379463 0.0 3
1772812388933 0.0 4
1772812404619 0.0 5
1772812414075 0.0 6
1772812423640 0.0 7
1772812433036 0.0 8
1772812442521 0.0 9
1772812455518 0.0 10
1772812464971 0.0 11
1772812474293 0.0 12
1772812483647 0.0 13
1772812493054 0.0 14
1772812506015 0.0 15
1772812515409 0.0 16
1772812524807 0.0 17
1772812534221 0.0 18
1772812543559 0.0 19
1772812556307 0.0 20
1772812579207 0.0 21
1772812589633 0.0 22
1772812600189 0.0 23
1772812610119 0.0 24
1772812626204 0.0 25
1772812636140 0.0 26
1772812646128 0.0 27
1772812656068 0.0 28
1772812665940 0.0 29
1772812679747 0.0 30
1772812696759 0.0 21
1772812706748 0.0 22
1772812716660 0.0 23
1772812726463 0.0 24
1772812742265 0.0 25
1772812752183 0.0 26
1772812762162 0.0 27
1772812772151 0.0 28
1772812782018 0.0 29
1772812795565 0.0 30
1772812812407 0.0 31
1772812822265 0.0 32
1772812832101 0.0 33
1772812841990 0.0 34
1772812857765 0.0 35
1772812867679 0.0 36
1772812877548 0.0 37
1772812887776 0.0 38
1772812897993 0.0 39
1772812911796 0.0 40
1772812929425 0.0 41
1772812939497 0.0 42
1772812949639 0.0 43
1772812959893 0.0 44
1772812976112 0.0 45
1772812986345 0.0 46
1772812996596 0.0 47
1772813006856 0.0 48
1772813017094 0.0 49
1772813030860 0.0 50
1772813048131 0.0 51
1772813058230 0.0 52
1772813068389 0.0 53
1772813078616 0.0 54
1772813094550 0.0 55
1772813104487 0.0 56
1772813114617 0.0 57
1772813124687 0.0 58
1772813134646 0.0 59
1772813148160 0.0 60
1772813158093 0.0 61
1772813168005 0.0 62
1772813177899 0.0 63
1772813187865 0.0 64
1772813201324 0.0 65
1772813211265 0.0 66
1772813221351 0.0 67
1772813231339 0.0 68
1772813241313 0.0 69
1772813254888 0.0 70
1772813271225 0.0 71
1772813281226 0.0 72
1772813291117 0.0 73
1772813300975 0.0 74
1772813316727 0.0 75
1772813326641 0.0 76
1772813336618 0.0 77
1772813346554 0.0 78
1772813356452 0.0 79
1772813369973 0.0 80
1772813386461 0.0 81
1772813396403 0.0 82
1772813406308 0.0 83
1772813416178 0.0 84
1772813431889 0.0 85
1772813441876 0.0 86
1772813451799 0.0 87
1772813461843 0.0 88
1772813471765 0.0 89
1772813485226 0.0 90
1772813495203 0.0 91
1772813505089 0.0 92
1772813515027 0.0 93
1772813524991 0.0 94
1772813537858 0.0 95
1772813547164 0.0 96
1772813556580 0.0 97
1772813565862 0.0 98
1772813575415 0.0 99
1772813588430 0.0 100
