1772812359864 1.0 1
1772812369915 1.0 2
1772812379461 1.0 3
1772812388931 1.0 4
1772812404617 1.0 5
1772812414073 1.0 6
1772812423637 1.0 7
1772812433034 1.0 8
1772812442518 1.0 9
1772812455516 1.0 10
1772812464968 1.0 11
1772812474291 1.0 12
1772812483645 1.0 13
1772812493052 1.0 14
1772812506013 1.0 15
1772812515407 1.0 16
1772812524804 1.0 17
1772812534219 1.0 18
1772812543557 1.0 19
1772812556305 1.0 20
1772812579205 1.0 21
1772812589631 1.0 22
1772812600186 1.0 23
1772812610116 1.0 24
1772812626202 1.0 25
1772812636137 1.0 26
1772812646126 1.0 27
1772812656066 1.0 28
1772812665938 1.0 29
1772812679745 1.0 30
1772812696757 1.0 21
1772812706745 1.0 22
1772812716657 1.0 23
1772812726461 1.0 24
1772812742263 1.0 25
1772812752181 1.0 26
1772812762159 1.0 27
1772812772149 1.0 28
1772812782016 1.0 29
1772812795563 1.0 30
1772812812405 1.0 31
1772812822263 1.0 32
1772812832099 1.0 33
1772812841988 1.0 34
1772812857763 1.0 35
1772812867676 1.0 36
1772812877546 1.0 37
1772812887774 1.0 38
1772812897991 1.0 39
1772812911794 1.0 40
1772812929423 1.0 41
1772812939495 1.0 42
1772812949637 1.0 43
1772812959891 1.0 44
1772812976110 1.0 45
1772812986343 1.0 46
1772812996594 1.0 47
1772813006854 1.0 48
1772813017092 1.0 49
1772813030858 1.0 50
1772813048129 1.0 51
1772813058227 1.0 52
1772813068386 1.0 53
1772813078614 1.0 54
1772813094547 1.0 55
1772813104483 1.0 56
1772813114615 1.0 57
1772813124684 1.0 58
1772813134644 1.0 59
1772813148158 1.0 60
1772813158091 1.0 61
1772813168002 1.0 62
1772813177897 1.0 63
1772813187863 1.0 64
1772813201322 1.0 65
1772813211263 1.0 66
1772813221348 1.0 67
1772813231337 1.0 68
1772813241311 1.0 69
1772813254886 1.0 70
1772813271223 1.0 71
1772813281223 1.0 72
1772813291115 1.0 73
1772813300972 1.0 74
1772813316725 1.0 75
1772813326639 1.0 76
1772813336616 1.0 77
1772813346552 1.0 78
1772813356449 1.0 79
1772813369969 1.0 80
1772813386459 1.0 81
1772813396401 1.0 82
1772813406305 1.0 83
1772813416176 1.0 84
1772813431887 1.0 85
1772813441874 1.0 86
1772813451797 1.0 87
1772813461840 1.0 88
1772813471763 1.0 89
1772813485224 1.0 90
1772813495201 1.0 91
1772813505086 1.0 92
1772813515024 1.0 93
1772813524989 1.0 94
1772813537852 1.0 95
1772813547161 1.0 96
1772813556578 1.0 97
1772813565860 1.0 98
1772813575413 1.0 99
1772813588428 1.0 100
