1772812359865 32.0 1
1772812369915 32.0 2
1772812379462 32.0 3
1772812388932 32.0 4
1772812404618 32.0 5
1772812414073 32.0 6
1772812423638 32.0 7
1772812433035 32.0 8
1772812442519 32.0 9
1772812455517 32.0 10
1772812464969 32.0 11
1772812474291 32.0 12
1772812483646 32.0 13
1772812493053 32.0 14
1772812506014 32.0 15
1772812515408 32.0 16
1772812524805 32.0 17
1772812534219 32.0 18
1772812543558 32.0 19
1772812556305 32.0 20
1772812579206 32.0 21
1772812589631 32.0 22
1772812600187 32.0 23
1772812610117 32.0 24
1772812626203 32.0 25
1772812636138 32.0 26
1772812646126 32.0 27
1772812656067 32.0 28
1772812665939 32.0 29
1772812679746 32.0 30
1772812696757 32.0 21
1772812706746 32.0 22
1772812716658 32.0 23
1772812726462 32.0 24
1772812742264 32.0 25
1772812752181 32.0 26
1772812762160 32.0 27
1772812772149 32.0 28
1772812782017 32.0 29
1772812795564 32.0 30
1772812812406 32.0 31
1772812822264 32.0 32
1772812832099 32.0 33
1772812841988 32.0 34
1772812857764 32.0 35
1772812867677 32.0 36
1772812877547 32.0 37
1772812887775 32.0 38
1772812897991 32.0 39
1772812911794 32.0 40
1772812929424 32.0 41
1772812939496 32.0 42
1772812949638 32.0 43
1772812959892 32.0 44
1772812976111 32.0 45
1772812986343 32.0 46
1772812996595 32.0 47
1772813006855 32.0 48
1772813017093 32.0 49
1772813030859 32.0 50
1772813048129 32.0 51
1772813058228 32.0 52
1772813068387 32.0 53
1772813078615 32.0 54
1772813094548 32.0 55
1772813104484 32.0 56
1772813114616 32.0 57
1772813124685 32.0 58
1772813134644 32.0 59
1772813148159 32.0 60
1772813158091 32.0 61
1772813168003 32.0 62
1772813177898 32.0 63
1772813187864 32.0 64
1772813201322 32.0 65
1772813211264 32.0 66
1772813221349 32.0 67
1772813231337 32.0 68
1772813241312 32.0 69
1772813254886 32.0 70
1772813271223 32.0 71
1772813281224 32.0 72
1772813291116 32.0 73
1772813300973 32.0 74
1772813316725 32.0 75
1772813326640 32.0 76
1772813336617 32.0 77
1772813346553 32.0 78
1772813356450 32.0 79
1772813369971 32.0 80
1772813386459 32.0 81
1772813396401 32.0 82
1772813406306 32.0 83
1772813416177 32.0 84
1772813431888 32.0 85
1772813441875 32.0 86
1772813451798 32.0 87
1772813461841 32.0 88
1772813471763 32.0 89
1772813485224 32.0 90
1772813495202 32.0 91
1772813505087 32.0 92
1772813515025 32.0 93
1772813524990 32.0 94
1772813537856 32.0 95
1772813547162 32.0 96
1772813556579 32.0 97
1772813565861 32.0 98
1772813575414 32.0 99
1772813588428 32.0 100
