1772812359866 32.0 1
1772812369916 32.0 2
1772812379463 32.0 3
1772812388932 32.0 4
1772812404619 32.0 5
1772812414074 32.0 6
1772812423639 32.0 7
1772812433035 32.0 8
1772812442520 32.0 9
1772812455518 32.0 10
1772812464970 32.0 11
1772812474292 32.0 12
1772812483646 32.0 13
1772812493054 32.0 14
1772812506014 32.0 15
1772812515408 32.0 16
1772812524806 32.0 17
1772812534220 32.0 18
1772812543559 32.0 19
1772812556306 32.0 20
1772812579206 32.0 21
1772812589632 32.0 22
1772812600188 32.0 23
1772812610118 32.0 24
1772812626203 32.0 25
1772812636139 32.0 26
1772812646127 32.0 27
1772812656067 32.0 28
1772812665939 32.0 29
1772812679747 32.0 30
1772812696758 32.0 21
1772812706747 32.0 22
1772812716659 32.0 23
1772812726463 32.0 24
1772812742264 32.0 25
1772812752182 32.0 26
1772812762161 32.0 27
1772812772150 32.0 28
1772812782017 32.0 29
1772812795564 32.0 30
1772812812406 32.0 31
1772812822265 32.0 32
1772812832100 32.0 33
1772812841989 32.0 34
1772812857765 32.0 35
1772812867678 32.0 36
1772812877547 32.0 37
1772812887775 32.0 38
1772812897992 32.0 39
1772812911795 32.0 40
1772812929424 32.0 41
1772812939497 32.0 42
1772812949638 32.0 43
1772812959892 32.0 44
1772812976111 32.0 45
1772812986344 32.0 46
1772812996595 32.0 47
1772813006855 32.0 48
1772813017093 32.0 49
1772813030860 32.0 50
1772813048130 32.0 51
1772813058229 32.0 52
1772813068388 32.0 53
1772813078615 32.0 54
1772813094549 32.0 55
1772813104485 32.0 56
1772813114617 32.0 57
1772813124686 32.0 58
1772813134645 32.0 59
1772813148159 32.0 60
1772813158092 32.0 61
1772813168004 32.0 62
1772813177899 32.0 63
1772813187864 32.0 64
1772813201323 32.0 65
1772813211264 32.0 66
1772813221350 32.0 67
1772813231338 32.0 68
1772813241313 32.0 69
1772813254887 32.0 70
1772813271224 32.0 71
1772813281225 32.0 72
1772813291117 32.0 73
1772813300974 32.0 74
1772813316726 32.0 75
1772813326641 32.0 76
1772813336618 32.0 77
1772813346553 32.0 78
1772813356451 32.0 79
1772813369972 32.0 80
1772813386460 32.0 81
1772813396402 32.0 82
1772813406307 32.0 83
1772813416178 32.0 84
1772813431888 32.0 85
1772813441875 32.0 86
1772813451799 32.0 87
1772813461842 32.0 88
1772813471764 32.0 89
1772813485225 32.0 90
1772813495202 32.0 91
1772813505088 32.0 92
1772813515026 32.0 93
1772813524990 32.0 94
1772813537857 32.0 95
1772813547163 32.0 96
1772813556579 32.0 97
1772813565862 32.0 98
1772813575415 32.0 99
1772813588429 32.0 100
