1772812359867 84.0 1
1772812369917 84.0 2
1772812379464 84.0 3
1772812388934 84.0 4
1772812404620 84.0 5
1772812414075 84.0 6
1772812423640 84.0 7
1772812433037 84.0 8
1772812442522 84.0 9
1772812455519 84.0 10
1772812464971 84.0 11
1772812474294 84.0 12
1772812483648 84.0 13
1772812493055 84.0 14
1772812506016 84.0 15
1772812515410 84.0 16
1772812524807 84.0 17
1772812534221 84.0 18
1772812543560 84.0 19
1772812556307 84.0 20
1772812579208 84.0 21
1772812589633 84.0 22
1772812600189 84.0 23
1772812610119 84.0 24
1772812626204 84.0 25
1772812636140 84.0 26
1772812646128 84.0 27
1772812656069 84.0 28
1772812665941 84.0 29
1772812679748 84.0 30
1772812696759 84.0 21
1772812706748 84.0 22
1772812716661 84.0 23
1772812726464 84.0 24
1772812742266 84.0 25
1772812752183 84.0 26
1772812762162 84.0 27
1772812772152 84.0 28
1772812782018 84.0 29
1772812795566 84.0 30
1772812812408 84.0 31
1772812822266 84.0 32
1772812832101 84.0 33
1772812841990 84.0 34
1772812857766 84.0 35
1772812867679 84.0 36
1772812877548 84.0 37
1772812887777 84.0 38
1772812897994 84.0 39
1772812911796 84.0 40
1772812929426 84.0 41
1772812939498 84.0 42
1772812949640 84.0 43
1772812959894 84.0 44
1772812976113 84.0 45
1772812986345 84.0 46
1772812996597 84.0 47
1772813006857 84.0 48
1772813017095 84.0 49
1772813030861 84.0 50
1772813048131 84.0 51
1772813058230 84.0 52
1772813068389 84.0 53
1772813078617 84.0 54
1772813094550 84.0 55
1772813104488 84.0 56
1772813114618 84.0 57
1772813124687 84.0 58
1772813134646 84.0 59
1772813148161 84.0 60
1772813158094 84.0 61
1772813168005 84.0 62
1772813177900 84.0 63
1772813187866 84.0 64
1772813201324 84.0 65
1772813211266 84.0 66
1772813221352 84.0 67
1772813231339 84.0 68
1772813241314 84.0 69
1772813254888 84.0 70
1772813271226 84.0 71
1772813281226 84.0 72
1772813291118 84.0 73
1772813300975 84.0 74
1772813316727 84.0 75
1772813326642 84.0 76
1772813336619 84.0 77
1772813346554 84.0 78
1772813356452 84.0 79
1772813369974 84.0 80
1772813386461 84.0 81
1772813396404 84.0 82
1772813406308 84.0 83
1772813416179 84.0 84
1772813431889 84.0 85
1772813441876 84.0 86
1772813451800 84.0 87
1772813461843 84.0 88
1772813471765 84.0 89
1772813485227 84.0 90
1772813495204 84.0 91
1772813505089 84.0 92
1772813515027 84.0 93
1772813524992 84.0 94
1772813537858 84.0 95
1772813547164 84.0 96
1772813556581 84.0 97
1772813565863 84.0 98
1772813575416 84.0 99
1772813588430 84.0 100
