1772812359867 0.0 1
1772812369917 0.0 2
1772812379464 0.0 3
1772812388934 0.0 4
1772812404620 0.0 5
1772812414076 0.0 6
1772812423641 0.0 7
1772812433037 0.0 8
1772812442522 0.0 9
1772812455519 0.0 10
1772812464971 0.0 11
1772812474294 0.0 12
1772812483648 0.0 13
1772812493055 0.0 14
1772812506016 0.0 15
1772812515410 0.0 16
1772812524808 0.0 17
1772812534222 0.0 18
1772812543560 0.0 19
1772812556308 0.0 20
1772812579208 0.0 21
1772812589634 0.0 22
1772812600190 0.0 23
1772812610119 0.0 24
1772812626205 0.0 25
1772812636141 0.0 26
1772812646129 0.0 27
1772812656069 0.0 28
1772812665941 0.0 29
1772812679748 0.0 30
1772812696760 0.0 21
1772812706749 0.0 22
1772812716661 0.0 23
1772812726464 0.0 24
1772812742266 0.0 25
1772812752184 0.0 26
1772812762162 0.0 27
1772812772152 0.0 28
1772812782019 0.0 29
1772812795566 0.0 30
1772812812408 0.0 31
1772812822266 0.0 32
1772812832102 0.0 33
1772812841991 0.0 34
1772812857766 0.0 35
1772812867679 0.0 36
1772812877549 0.0 37
1772812887777 0.0 38
1772812897994 0.0 39
1772812911797 0.0 40
1772812929426 0.0 41
1772812939498 0.0 42
1772812949640 0.0 43
1772812959894 0.0 44
1772812976113 0.0 45
1772812986346 0.0 46
1772812996597 0.0 47
1772813006857 0.0 48
1772813017095 0.0 49
1772813030861 0.0 50
1772813048132 0.0 51
1772813058230 0.0 52
1772813068389 0.0 53
1772813078617 0.0 54
1772813094550 0.0 55
1772813104488 0.0 56
1772813114618 0.0 57
1772813124687 0.0 58
1772813134647 0.0 59
1772813148161 0.0 60
1772813158094 0.0 61
1772813168005 0.0 62
1772813177900 0.0 63
1772813187866 0.0 64
1772813201325 0.0 65
1772813211266 0.0 66
1772813221352 0.0 67
1772813231340 0.0 68
1772813241314 0.0 69
1772813254889 0.0 70
1772813271226 0.0 71
1772813281227 0.0 72
1772813291118 0.0 73
1772813300975 0.0 74
1772813316728 0.0 75
1772813326642 0.0 76
1772813336619 0.0 77
1772813346555 0.0 78
1772813356452 0.0 79
1772813369974 0.0 80
1772813386462 0.0 81
1772813396404 0.0 82
1772813406308 0.0 83
1772813416179 0.0 84
1772813431890 0.0 85
1772813441877 0.0 86
1772813451800 0.0 87
1772813461844 0.0 88
1772813471766 0.0 89
1772813485227 0.0 90
1772813495204 0.0 91
1772813505089 0.0 92
1772813515027 0.0 93
1772813524992 0.0 94
1772813537859 0.0 95
1772813547164 0.0 96
1772813556581 0.0 97
1772813565863 0.0 98
1772813575416 0.0 99
1772813588431 0.0 100
