1772812359861 20.0 1
1772812369912 20.0 2
1772812379458 20.0 3
1772812388928 20.0 4
1772812404614 20.0 5
1772812414070 20.0 6
1772812423635 20.0 7
1772812433031 20.0 8
1772812442516 20.0 9
1772812455514 20.0 10
1772812464966 20.0 11
1772812474288 20.0 12
1772812483642 20.0 13
1772812493049 20.0 14
1772812506010 20.0 15
1772812515404 20.0 16
1772812524802 20.0 17
1772812534216 20.0 18
1772812543553 20.0 19
1772812556302 20.0 20
1772812579202 20.0 21
1772812589628 20.0 22
1772812600184 20.0 23
1772812610114 20.0 24
1772812626199 20.0 25
1772812636135 20.0 26
1772812646123 20.0 27
1772812656063 20.0 28
1772812665935 20.0 29
1772812679743 20.0 30
1772812696754 20.0 21
1772812706743 20.0 22
1772812716654 20.0 23
1772812726459 20.0 24
1772812742261 20.0 25
1772812752178 20.0 26
1772812762157 20.0 27
1772812772146 20.0 28
1772812782013 20.0 29
1772812795560 20.0 30
1772812812402 20.0 31
1772812822261 20.0 32
1772812832096 20.0 33
1772812841985 20.0 34
1772812857760 20.0 35
1772812867674 20.0 36
1772812877543 20.0 37
1772812887771 20.0 38
1772812897988 20.0 39
1772812911791 20.0 40
1772812929420 20.0 41
1772812939493 20.0 42
1772812949634 20.0 43
1772812959888 20.0 44
1772812976107 20.0 45
1772812986340 20.0 46
1772812996591 20.0 47
1772813006851 20.0 48
1772813017089 20.0 49
1772813030856 20.0 50
1772813048126 20.0 51
1772813058225 20.0 52
1772813068383 20.0 53
1772813078612 20.0 54
1772813094545 20.0 55
1772813104479 20.0 56
1772813114612 20.0 57
1772813124681 20.0 58
1772813134641 20.0 59
1772813148155 20.0 60
1772813158088 20.0 61
1772813167999 20.0 62
1772813177894 20.0 63
1772813187860 20.0 64
1772813201319 20.0 65
1772813211256 20.0 66
1772813221346 20.0 67
1772813231334 20.0 68
1772813241309 20.0 69
1772813254883 20.0 70
1772813271220 20.0 71
1772813281221 20.0 72
1772813291112 20.0 73
1772813300970 20.0 74
1772813316722 20.0 75
1772813326636 20.0 76
1772813336614 20.0 77
1772813346549 20.0 78
1772813356446 20.0 79
1772813369965 20.0 80
1772813386456 20.0 81
1772813396398 20.0 82
1772813406303 20.0 83
1772813416174 20.0 84
1772813431884 20.0 85
1772813441871 20.0 86
1772813451794 20.0 87
1772813461838 20.0 88
1772813471760 20.0 89
1772813485221 20.0 90
1772813495199 20.0 91
1772813505084 20.0 92
1772813515022 20.0 93
1772813524986 20.0 94
1772813537850 20.0 95
1772813547159 20.0 96
1772813556575 20.0 97
1772813565858 20.0 98
1772813575410 20.0 99
1772813588425 20.0 100
