1772812359863 256.0 1
1772812369913 256.0 2
1772812379459 256.0 3
1772812388930 256.0 4
1772812404616 256.0 5
1772812414071 256.0 6
1772812423636 256.0 7
1772812433032 256.0 8
1772812442517 256.0 9
1772812455515 256.0 10
1772812464967 256.0 11
1772812474289 256.0 12
1772812483644 256.0 13
1772812493051 256.0 14
1772812506012 256.0 15
1772812515406 256.0 16
1772812524803 256.0 17
1772812534217 256.0 18
1772812543555 256.0 19
1772812556303 256.0 20
1772812579204 256.0 21
1772812589629 256.0 22
1772812600185 256.0 23
1772812610115 256.0 24
1772812626201 256.0 25
1772812636136 256.0 26
1772812646124 256.0 27
1772812656065 256.0 28
1772812665937 256.0 29
1772812679744 256.0 30
1772812696755 256.0 21
1772812706744 256.0 22
1772812716656 256.0 23
1772812726460 256.0 24
1772812742262 256.0 25
1772812752179 256.0 26
1772812762158 256.0 27
1772812772148 256.0 28
1772812782014 256.0 29
1772812795562 256.0 30
1772812812404 256.0 31
1772812822262 256.0 32
1772812832097 256.0 33
1772812841986 256.0 34
1772812857762 256.0 35
1772812867675 256.0 36
1772812877544 256.0 37
1772812887773 256.0 38
1772812897989 256.0 39
1772812911793 256.0 40
1772812929422 256.0 41
1772812939494 256.0 42
1772812949635 256.0 43
1772812959890 256.0 44
1772812976109 256.0 45
1772812986341 256.0 46
1772812996592 256.0 47
1772813006852 256.0 48
1772813017090 256.0 49
1772813030857 256.0 50
1772813048127 256.0 51
1772813058226 256.0 52
1772813068385 256.0 53
1772813078613 256.0 54
1772813094546 256.0 55
1772813104481 256.0 56
1772813114614 256.0 57
1772813124683 256.0 58
1772813134642 256.0 59
1772813148156 256.0 60
1772813158089 256.0 61
1772813168001 256.0 62
1772813177896 256.0 63
1772813187862 256.0 64
1772813201320 256.0 65
1772813211262 256.0 66
1772813221347 256.0 67
1772813231335 256.0 68
1772813241310 256.0 69
1772813254884 256.0 70
1772813271221 256.0 71
1772813281222 256.0 72
1772813291114 256.0 73
1772813300971 256.0 74
1772813316723 256.0 75
1772813326638 256.0 76
1772813336615 256.0 77
1772813346551 256.0 78
1772813356448 256.0 79
1772813369966 256.0 80
1772813386457 256.0 81
1772813396399 256.0 82
1772813406304 256.0 83
1772813416175 256.0 84
1772813431886 256.0 85
1772813441873 256.0 86
1772813451796 256.0 87
1772813461839 256.0 88
1772813471761 256.0 89
1772813485222 256.0 90
1772813495200 256.0 91
1772813505085 256.0 92
1772813515023 256.0 93
1772813524988 256.0 94
1772813537851 256.0 95
1772813547160 256.0 96
1772813556577 256.0 97
1772813565859 256.0 98
1772813575412 256.0 99
1772813588426 256.0 100
