1772812359862 20.0 1
1772812369913 20.0 2
1772812379459 20.0 3
1772812388929 20.0 4
1772812404615 20.0 5
1772812414071 20.0 6
1772812423636 20.0 7
1772812433032 20.0 8
1772812442517 20.0 9
1772812455515 20.0 10
1772812464967 20.0 11
1772812474289 20.0 12
1772812483643 20.0 13
1772812493050 20.0 14
1772812506011 20.0 15
1772812515405 20.0 16
1772812524803 20.0 17
1772812534217 20.0 18
1772812543555 20.0 19
1772812556303 20.0 20
1772812579203 20.0 21
1772812589629 20.0 22
1772812600185 20.0 23
1772812610115 20.0 24
1772812626200 20.0 25
1772812636136 20.0 26
1772812646124 20.0 27
1772812656064 20.0 28
1772812665936 20.0 29
1772812679744 20.0 30
1772812696755 20.0 21
1772812706744 20.0 22
1772812716655 20.0 23
1772812726460 20.0 24
1772812742262 20.0 25
1772812752179 20.0 26
1772812762158 20.0 27
1772812772147 20.0 28
1772812782014 20.0 29
1772812795562 20.0 30
1772812812403 20.0 31
1772812822262 20.0 32
1772812832097 20.0 33
1772812841986 20.0 34
1772812857761 20.0 35
1772812867675 20.0 36
1772812877544 20.0 37
1772812887772 20.0 38
1772812897989 20.0 39
1772812911792 20.0 40
1772812929421 20.0 41
1772812939494 20.0 42
1772812949635 20.0 43
1772812959889 20.0 44
1772812976108 20.0 45
1772812986341 20.0 46
1772812996592 20.0 47
1772813006852 20.0 48
1772813017090 20.0 49
1772813030857 20.0 50
1772813048127 20.0 51
1772813058226 20.0 52
1772813068385 20.0 53
1772813078613 20.0 54
1772813094546 20.0 55
1772813104481 20.0 56
1772813114613 20.0 57
1772813124682 20.0 58
1772813134642 20.0 59
1772813148156 20.0 60
1772813158089 20.0 61
1772813168001 20.0 62
1772813177895 20.0 63
1772813187861 20.0 64
1772813201320 20.0 65
1772813211261 20.0 66
1772813221347 20.0 67
1772813231335 20.0 68
1772813241310 20.0 69
1772813254884 20.0 70
1772813271221 20.0 71
1772813281222 20.0 72
1772813291113 20.0 73
1772813300971 20.0 74
1772813316723 20.0 75
1772813326637 20.0 76
1772813336615 20.0 77
1772813346550 20.0 78
1772813356447 20.0 79
1772813369966 20.0 80
1772813386457 20.0 81
1772813396399 20.0 82
1772813406304 20.0 83
1772813416175 20.0 84
1772813431885 20.0 85
1772813441872 20.0 86
1772813451795 20.0 87
1772813461839 20.0 88
1772813471761 20.0 89
1772813485222 20.0 90
1772813495200 20.0 91
1772813505085 20.0 92
1772813515023 20.0 93
1772813524987 20.0 94
1772813537851 20.0 95
1772813547160 20.0 96
1772813556576 20.0 97
1772813565859 20.0 98
1772813575412 20.0 99
1772813588426 20.0 100
