1772812359862 0.0 1
1772812369912 0.0 2
1772812379458 0.0 3
1772812388929 0.0 4
1772812404615 0.0 5
1772812414070 0.0 6
1772812423635 0.0 7
1772812433031 0.0 8
1772812442516 0.0 9
1772812455514 0.0 10
1772812464966 0.0 11
1772812474288 0.0 12
1772812483642 0.0 13
1772812493050 0.0 14
1772812506011 0.0 15
1772812515405 0.0 16
1772812524802 0.0 17
1772812534216 0.0 18
1772812543554 0.0 19
1772812556302 0.0 20
1772812579203 0.0 21
1772812589628 0.0 22
1772812600184 0.0 23
1772812610114 0.0 24
1772812626200 0.0 25
1772812636135 0.0 26
1772812646123 0.0 27
1772812656064 0.0 28
1772812665936 0.0 29
1772812679743 0.0 30
1772812696754 0.0 21
1772812706743 0.0 22
1772812716655 0.0 23
1772812726459 0.0 24
1772812742261 0.0 25
1772812752178 0.0 26
1772812762157 0.0 27
1772812772146 0.0 28
1772812782013 0.0 29
1772812795561 0.0 30
1772812812402 0.0 31
1772812822261 0.0 32
1772812832096 0.0 33
1772812841985 0.0 34
1772812857761 0.0 35
1772812867674 0.0 36
1772812877544 0.0 37
1772812887771 0.0 38
1772812897988 0.0 39
1772812911791 0.0 40
1772812929421 0.0 41
1772812939493 0.0 42
1772812949634 0.0 43
1772812959889 0.0 44
1772812976108 0.0 45
1772812986340 0.0 46
1772812996591 0.0 47
1772813006851 0.0 48
1772813017089 0.0 49
1772813030856 0.0 50
1772813048126 0.0 51
1772813058225 0.0 52
1772813068384 0.0 53
1772813078612 0.0 54
1772813094545 0.0 55
1772813104479 0.0 56
1772813114613 0.0 57
1772813124681 0.0 58
1772813134641 0.0 59
1772813148155 0.0 60
1772813158088 0.0 61
1772813168000 0.0 62
1772813177895 0.0 63
1772813187860 0.0 64
1772813201319 0.0 65
1772813211256 0.0 66
1772813221346 0.0 67
1772813231334 0.0 68
1772813241309 0.0 69
1772813254883 0.0 70
1772813271220 0.0 71
1772813281221 0.0 72
1772813291113 0.0 73
1772813300970 0.0 74
1772813316722 0.0 75
1772813326637 0.0 76
1772813336614 0.0 77
1772813346549 0.0 78
1772813356447 0.0 79
1772813369965 0.0 80
1772813386456 0.0 81
1772813396398 0.0 82
1772813406303 0.0 83
1772813416174 0.0 84
1772813431885 0.0 85
1772813441872 0.0 86
1772813451795 0.0 87
1772813461838 0.0 88
1772813471760 0.0 89
1772813485221 0.0 90
1772813495199 0.0 91
1772813505084 0.0 92
1772813515022 0.0 93
1772813524987 0.0 94
1772813537850 0.0 95
1772813547159 0.0 96
1772813556575 0.0 97
1772813565858 0.0 98
1772813575411 0.0 99
1772813588425 0.0 100
