1772812359868 1.0 1
1772812369918 1.0 2
1772812379465 1.0 3
1772812388934 1.0 4
1772812404620 1.0 5
1772812414076 1.0 6
1772812423641 1.0 7
1772812433037 1.0 8
1772812442522 1.0 9
1772812455520 1.0 10
1772812464972 1.0 11
1772812474295 1.0 12
1772812483649 1.0 13
1772812493056 1.0 14
1772812506016 1.0 15
1772812515410 1.0 16
1772812524808 1.0 17
1772812534222 1.0 18
1772812543561 1.0 19
1772812556308 1.0 20
1772812579208 1.0 21
1772812589634 1.0 22
1772812600190 1.0 23
1772812610120 1.0 24
1772812626205 1.0 25
1772812636141 1.0 26
1772812646129 1.0 27
1772812656069 1.0 28
1772812665941 1.0 29
1772812679749 1.0 30
1772812696760 1.0 21
1772812706749 1.0 22
1772812716661 1.0 23
1772812726464 1.0 24
1772812742266 1.0 25
1772812752184 1.0 26
1772812762163 1.0 27
1772812772152 1.0 28
1772812782019 1.0 29
1772812795566 1.0 30
1772812812408 1.0 31
1772812822266 1.0 32
1772812832102 1.0 33
1772812841991 1.0 34
1772812857766 1.0 35
1772812867680 1.0 36
1772812877549 1.0 37
1772812887777 1.0 38
1772812897995 1.0 39
1772812911797 1.0 40
1772812929426 1.0 41
1772812939499 1.0 42
1772812949640 1.0 43
1772812959894 1.0 44
1772812976113 1.0 45
1772812986346 1.0 46
1772812996597 1.0 47
1772813006857 1.0 48
1772813017096 1.0 49
1772813030861 1.0 50
1772813048132 1.0 51
1772813058231 1.0 52
1772813068390 1.0 53
1772813078617 1.0 54
1772813094551 1.0 55
1772813104488 1.0 56
1772813114619 1.0 57
1772813124688 1.0 58
1772813134647 1.0 59
1772813148161 1.0 60
1772813158094 1.0 61
1772813168006 1.0 62
1772813177900 1.0 63
1772813187866 1.0 64
1772813201325 1.0 65
1772813211266 1.0 66
1772813221353 1.0 67
1772813231340 1.0 68
1772813241314 1.0 69
1772813254889 1.0 70
1772813271226 1.0 71
1772813281227 1.0 72
1772813291118 1.0 73
1772813300976 1.0 74
1772813316728 1.0 75
1772813326642 1.0 76
1772813336619 1.0 77
1772813346555 1.0 78
1772813356453 1.0 79
1772813369975 1.0 80
1772813386462 1.0 81
1772813396404 1.0 82
1772813406309 1.0 83
1772813416179 1.0 84
1772813431890 1.0 85
1772813441877 1.0 86
1772813451800 1.0 87
1772813461844 1.0 88
1772813471766 1.0 89
1772813485227 1.0 90
1772813495204 1.0 91
1772813505090 1.0 92
1772813515028 1.0 93
1772813524992 1.0 94
1772813537859 1.0 95
1772813547165 1.0 96
1772813556581 1.0 97
1772813565863 1.0 98
1772813575416 1.0 99
1772813588431 1.0 100
