1772812359982 0.00026879590054183766 1
1772812370015 0.0002714342351252986 2
1772812379565 0.0002640884723731349 3
1772812389035 0.00024887009630784234 4
1772812404445 0.0002479017002265943 5
1772812413900 0.00026902019180523166 6
1772812423422 0.00025999789481594897 7
1772812432799 0.00026392385035978595 8
1772812442219 0.0002686891442449928 9
1772812455224 0.00026169701823747823 10
1772812464543 0.00026220336867406656 11
1772812473995 0.0002691216544374789 12
1772812483340 0.0002588074786373558 13
1772812492711 0.0002621548908988636 14
1772812505689 0.0002624935622475952 15
1772812515076 0.0002657401225353598 16
1772812524464 0.00025916858595752517 17
1772812533868 0.00026767404760409436 18
1772812543104 0.0002575756669675392 19
1772812555995 0.00025936848591796326 20
1772812572457 0.0002472694813819859 11
1772812582941 0.000261244548785393 12
1772812593517 0.0002742943678307087 13
1772812603880 0.00027202863754347565 14
1772812619692 0.0002506823751499776 15
1772812629936 0.00024775239589255193 16
1772812639893 0.00025156529977833766 17
1772812649848 0.00025752958515812177 18
1772812659748 0.0002568567415038961 19
1772812673448 0.0002535223249247133 20
1772812683568 0.0002637928424503537 21
1772812693542 0.00025143882879960543 22
1772812703506 0.00025621579379970756 23
1772812713467 0.00025932566470021417 24
1772812726897 0.0002546451680287626 25
1772812736844 0.0002555412186873155 26
1772812746719 0.00024845621105445124 27
1772812756653 0.000255256813089618 28
1772812766626 0.00025211398023599685 29
1772812780092 0.0002572834252123601 30
1772812790018 0.00025402021299245265 31
1772812799938 0.00025773249101589433 32
1772812809869 0.0002516535555652964 33
1772812819630 0.00024946797466754065 34
1772812833160 0.0002532691313203435 35
1772812843094 0.0002534094590402702 36
1772812852905 0.00025328649830649354 37
1772812862828 0.000250792815189638 38
1772812872705 0.000252779577349647 39
1772812886357 0.0002553743308542785 40
1772812896643 0.00025877074213122384 41
1772812906836 0.0002530772768336768 42
1772812916976 0.00025849894579118947 43
1772812927340 0.00025880515363103083 44
1772812941105 0.0002620056019157146 45
1772812951313 0.0002614685696781388 46
1772812961582 0.0002621792508743203 47
1772812971711 0.0002618517953895886 48
1772812981840 0.0002538892416139018 49
1772812995720 0.0002614631238341498 50
1772813006005 0.000268814344023785 51
1772813016241 0.0002743542077602905 52
1772813026391 0.00027202527204117763 53
1772813036482 0.0002558472226860199 54
1772813050319 0.0002562495779734309 55
1772813060487 0.00025921381249660797 56
1772813070713 0.00026286956610535996 57
1772813080771 0.00025805794501169266 58
1772813090748 0.00025636261408485653 59
1772813104285 0.0002504958991487021 60
1772813114254 0.0002621228749494239 61
1772813124459 0.0002604619465192676 62
1772813134422 0.0002635555140523591 63
1772813144328 0.00026675220677867056 64
1772813157812 0.0002516376751810303 65
1772813167613 0.00025860339819395756 66
1772813177530 0.00025788038172487127 67
1772813187492 0.00026786201342935334 68
1772813197467 0.0002622975961609991 69
1772813210959 0.00025167598432970035 70
1772813221023 0.00026615115971570887 71
1772813230948 0.0002638374273687872 72
1772813240880 0.0002641229635611548 73
1772813250761 0.00027382765186995985 74
1772813264157 0.00024571486765778455 75
1772813274125 0.0002513577314193248 76
1772813284216 0.0002596778147832364 77
1772813294098 0.00025158865857618194 78
1772813304034 0.00025335658176296657 79
1772813317444 0.00025679204773182575 80
1772813327324 0.0002548147776030297 81
1772813337202 0.000251449465714805 82
1772813347112 0.00025385934739960544 83
1772813357014 0.00025534197516282643 84
1772813370524 0.00024898251958346314 85
1772813380459 0.0002474909035537268 86
1772813390354 0.0002502564003815435 87
1772813400318 0.0002602489950655325 88
1772813410225 0.0002513048924747133 89
1772813423571 0.0002533944270857155 90
1772813433500 0.00025867445223805416 91
1772813443493 0.00025513345658874484 92
1772813453588 0.00025146800535998234 93
1772813463570 0.0002608508820424883 94
1772813477012 0.0002522263681459363 95
1772813486985 0.0002538047161589022 96
1772813496934 0.000255758443019952 97
1772813506706 0.0002530825158624934 98
1772813516674 0.0002533041833415578 99
1772813530157 0.0002598650324543146 100
