1772812359786 2.0 1
1772812369827 2.0 2
1772812379385 2.0 3
1772812388852 2.0 4
1772812404541 2.0 5
1772812414000 2.0 6
1772812423562 2.0 7
1772812432960 2.0 8
1772812442440 2.0 9
1772812455412 2.0 10
1772812464894 2.0 11
1772812474215 2.0 12
1772812483573 2.0 13
1772812492974 2.0 14
1772812505933 2.0 15
1772812515332 2.0 16
1772812524726 2.0 17
1772812534147 2.0 18
1772812543479 2.0 19
1772812556232 2.0 20
1772812579132 2.0 21
1772812589547 2.0 22
1772812600115 2.0 23
1772812610041 2.0 24
1772812626129 2.0 25
1772812636062 2.0 26
1772812646053 2.0 27
1772812655990 2.0 28
1772812665865 2.0 29
1772812679668 2.0 30
1772812696684 2.0 21
1772812706669 2.0 22
1772812716584 2.0 23
1772812726391 2.0 24
1772812742191 2.0 25
1772812752105 2.0 26
1772812762087 2.0 27
1772812772074 2.0 28
1772812781944 2.0 29
1772812795490 2.0 30
1772812812333 2.0 31
1772812822187 2.0 32
1772812832024 2.0 33
1772812841916 2.0 34
1772812857691 2.0 35
1772812867601 2.0 36
1772812877474 2.0 37
1772812887694 2.0 38
1772812897915 2.0 39
1772812911723 2.0 40
1772812929350 2.0 41
1772812939424 2.0 42
1772812949563 2.0 43
1772812959813 2.0 44
1772812976037 2.0 45
1772812986270 2.0 46
1772812996517 2.0 47
1772813006781 2.0 48
1772813017014 2.0 49
1772813030784 2.0 50
1772813048059 2.0 51
1772813058153 2.0 52
1772813068313 2.0 53
1772813078539 2.0 54
1772813094476 2.0 55
1772813104402 2.0 56
1772813114545 2.0 57
1772813124605 2.0 58
1772813134571 2.0 59
1772813148053 2.0 60
1772813158013 2.0 61
1772813167927 2.0 62
1772813177821 2.0 63
1772813187790 2.0 64
1772813201250 2.0 65
1772813211178 2.0 66
1772813221275 2.0 67
1772813231260 2.0 68
1772813241237 2.0 69
1772813254813 2.0 70
1772813271146 2.0 71
1772813281152 2.0 72
1772813291038 2.0 73
1772813300900 2.0 74
1772813316653 2.0 75
1772813326564 2.0 76
1772813336545 2.0 77
1772813346477 2.0 78
1772813356377 2.0 79
1772813369894 2.0 80
1772813386387 2.0 81
1772813396325 2.0 82
1772813406233 2.0 83
1772813416100 2.0 84
1772813431815 2.0 85
1772813441800 2.0 86
1772813451725 2.0 87
1772813461763 2.0 88
1772813471690 2.0 89
1772813485149 2.0 90
1772813495126 2.0 91
1772813505015 2.0 92
1772813514949 2.0 93
1772813524916 2.0 94
1772813537784 2.0 95
1772813547092 2.0 96
1772813556507 2.0 97
1772813565791 2.0 98
1772813575335 2.0 99
1772813588359 2.0 100
