1772811731886 8.207993232645094e-06 1
1772811741016 nan 2
1772811750804 nan 3
1772811760295 nan 4
1772811776882 nan 5
1772811786194 nan 6
1772811796030 nan 7
1772811805783 nan 8
1772811815524 nan 9
1772811828837 nan 10
1772811837931 nan 11
1772811847068 nan 12
1772811856644 nan 13
1772811866092 nan 14
1772811878943 nan 15
1772811888282 nan 16
1772811898110 nan 17
1772811907587 nan 18
1772811917563 nan 19
1772811931118 nan 20
1772811948629 7.375492714345455e-06 11
1772811958771 nan 12
1772811969771 nan 13
1772811979663 nan 14
1772811995443 nan 15
1772812005152 nan 16
1772812015674 nan 17
1772812025879 nan 18
1772812036140 nan 19
