1772811731885 3.589550033211708e-05 1
1772811741015 nan 2
1772811750803 nan 3
1772811760294 nan 4
1772811776881 nan 5
1772811786193 nan 6
1772811796029 nan 7
1772811805782 nan 8
1772811815523 nan 9
1772811828836 nan 10
1772811837930 nan 11
1772811847067 nan 12
1772811856644 nan 13
1772811866091 nan 14
1772811878942 nan 15
1772811888281 nan 16
1772811898108 nan 17
1772811907586 nan 18
1772811917562 nan 19
1772811931117 nan 20
1772811948629 3.7208490539342165e-05 11
1772811958771 nan 12
1772811969771 nan 13
1772811979662 nan 14
1772811995442 nan 15
1772812005152 nan 16
1772812015674 nan 17
1772812025879 nan 18
1772812036139 nan 19
