1772811731887 3.237499913666397e-05 1
1772811741016 nan 2
1772811750805 nan 3
1772811760296 nan 4
1772811776882 nan 5
1772811786194 nan 6
1772811796031 nan 7
1772811805783 nan 8
1772811815524 nan 9
1772811828838 nan 10
1772811837932 nan 11
1772811847068 nan 12
1772811856645 nan 13
1772811866092 nan 14
1772811878944 nan 15
1772811888282 nan 16
1772811898110 nan 17
1772811907587 nan 18
1772811917564 nan 19
1772811931119 nan 20
1772811948630 3.097949957009405e-05 11
1772811958772 nan 12
1772811969772 nan 13
1772811979663 nan 14
1772811995443 nan 15
1772812005153 nan 16
1772812015675 nan 17
1772812025880 nan 18
1772812036141 nan 19
