1772811731973 30.392857142857146 1
1772811741107 45.94615384615384 2
1772811750906 45.19285714285716 3
1772811760391 54.86153846153846 4
1772811776989 58.38571428571429 5
1772811786292 40.030434782608694 6
1772811796122 41.17857142857143 7
1772811805897 43.35 8
1772811815665 41.46153846153847 9
1772811828949 47.949999999999996 10
1772811838153 34.172222222222224 11
1772811847167 35.08461538461539 12
1772811856754 34.82142857142857 13
1772811866188 38.05384615384615 14
1772811879039 37.09230769230769 15
1772811888385 43.67894736842105 16
1772811898237 53.04615384615385 17
1772811907729 50.17857142857144 18
1772811917851 68.04285714285714 19
1772811931292 54.40000000000001 20
1772811955072 42.43571428571429 21
1772811966172 53.425 22
1772811976333 49.75 23
1772811986310 41.81428571428571 24
1772812001789 33.9 25
1772812012105 41.10434782608696 26
1772812022373 46.228571428571435 27
1772812032550 53.45333333333333 28
1772812042784 50.8 29
