1772811731973 76.69999999999997 1
1772811741107 75.93846153846152 2
1772811750906 77.19285714285714 3
1772811760391 77.0 4
1772811776989 77.3 5
1772811786292 77.59565217391305 6
1772811796123 76.04285714285716 7
1772811805897 77.86428571428573 8
1772811815665 78.51538461538462 9
1772811828950 78.35 10
1772811838154 77.5 11
1772811847168 76.5076923076923 12
1772811856754 76.79285714285713 13
1772811866189 76.57692307692308 14
1772811879039 76.43846153846155 15
1772811888385 76.8157894736842 16
1772811898237 78.30000000000001 17
1772811907729 77.42142857142858 18
