1772812359777 1.4492904590151738 1
1772812369817 1.5380514170101378 2
1772812379378 1.368141208018642 3
1772812388845 1.3521478340262547 4
1772812404534 1.3484576249902602 5
1772812413993 1.3576780410076026 6
1772812423555 1.497487042011926 7
1772812432952 1.349007459008135 8
1772812442432 1.3568017499928828 9
1772812455402 1.350937207986135 10
1772812464883 1.341236125008436 11
1772812474207 1.3451937079953495 12
1772812483566 1.3188431250164285 13
1772812492965 1.3286952080088668 14
1772812505926 1.368455375020858 15
1772812515325 1.332547624973813 16
1772812524718 1.3197450829902664 17
1772812534140 1.3490196659986395 18
1772812543472 1.3201840829860885 19
1772812556225 1.3104839579900727 20
1772812579130 1.2859061250055674 21
1772812589545 1.3384477499930654 22
1772812600113 1.3600401669973508 23
1772812610039 1.319099209009437 24
1772812626126 1.3089287909970153 25
1772812636059 1.3016669589851517 26
1772812646051 1.4435985419841018 27
1772812655988 1.416130166995572 28
1772812665863 1.3031934580067173 29
1772812679665 1.297024416999193 30
1772812696682 1.299617707991274 21
1772812706667 1.31044012500206 22
1772812716581 1.3228971250064205 23
1772812726389 1.3152858750254381 24
1772812742188 1.343983250000747 25
1772812752103 1.3350367499806453 26
1772812762085 1.4894484169781208 27
1772812772071 1.4380103749863338 28
1772812781942 1.3220572500140406 29
1772812795487 1.3209685829933733 30
1772812812330 1.312998208013596 31
1772812822185 1.3106978330179118 32
1772812832022 1.3234991249919403 33
1772812841914 1.2858683750091586 34
1772812857689 1.2996191249985714 35
1772812867598 1.3085211249999702 36
1772812877472 1.3873647919972427 37
1772812887692 1.393174500000896 38
1772812897912 1.3397868750034831 39
1772812911721 1.3137237079790793 40
1772812929348 1.327774415985914 41
1772812939422 1.338283708988456 42
1772812949561 1.305544375005411 43
1772812959810 1.336145207984373 44
1772812976034 1.334983208013 45
1772812986268 1.3344651670195162 46
1772812996515 1.4846993749961257 47
1772813006779 1.4885036250052508 48
1772813017011 1.3473536250239704 49
1772813030782 1.3581104999757372 50
1772813048057 1.3186788749881089 51
1772813058151 1.2951633339980617 52
1772813068311 1.3336956250132062 53
1772813078537 1.3331458749889862 54
1772813094474 1.3067476249998435 55
1772813104400 1.3312382499861997 56
1772813114543 1.5165435420058202 57
1772813124603 1.4865512079850305 58
1772813134569 1.36252075000084 59
1772813148051 1.3427699170133565 60
1772813158010 1.2977179160225205 61
1772813167925 1.3302186670189258 62
1772813177819 1.3257414159888867 63
1772813187788 1.327522334002424 64
1772813201248 1.3398117079923395 65
1772813211176 1.4012621250003576 66
1772813221272 1.3567876660090405 67
1772813231258 1.331830125011038 68
1772813241234 1.3252232910017483 69
1772813254811 1.343516583001474 70
1772813271144 1.2644239169894718 71
1772813281149 1.3188857499917503 72
1772813291036 1.3093101249833126 73
1772813300898 1.3028658329858445 74
1772813316651 1.3180932909890544 75
1772813326561 1.3300840419833548 76
1772813336543 1.4423565000179224 77
1772813346475 1.4327686659817118 78
1772813356375 1.3248214579944033 79
1772813369892 1.3407081670011394 80
1772813386385 1.2922471250058152 81
1772813396323 1.2906082079862244 82
1772813406231 1.3057015829836018 83
1772813416098 1.290499708004063 84
1772813431813 1.2858265000104439 85
1772813441797 1.2991536670015194 86
1772813451722 1.3752038340026047 87
1772813461761 1.4179404999886174 88
1772813471688 1.30274250000366 89
1772813485146 1.2893125419795979 90
1772813495124 1.3258889999997336 91
1772813505012 1.2964029580180068 92
1772813514947 1.2986354169843253 93
1772813524914 1.3144476249872241 94
1772813537781 1.3060318749921862 95
1772813547090 1.3074400839977898 96
1772813556505 1.2389729589922354 97
1772813565789 1.2546839590067975 98
1772813575332 1.2325861669960432 99
1772813588357 1.3210981249867473 100
