1772812359777 8.076915541983908 1
1772812369817 8.321752374991775 2
1772812379379 8.034284875000594 3
1772812388845 7.964489875012077 4
1772812404534 7.845602999994298 5
1772812413994 7.9296225830039475 6
1772812423556 7.9128743749752175 7
1772812432952 7.891143832996022 8
1772812442432 7.906253291992471 9
1772812455402 7.942743125022389 10
1772812464884 7.949247542012017 11
1772812474208 7.826063084008638 12
1772812483566 7.886716750013875 13
1772812492965 7.902997625002172 14
1772812505927 7.904530833999161 15
1772812515325 7.90612537501147 16
1772812524718 7.923549333005212 17
1772812534140 7.916010582994204 18
1772812543472 7.867086708982242 19
1772812556226 7.781146584020462 20
1772812579130 8.849665416986682 21
1772812589546 8.903488625015598 22
1772812600113 9.046840541996062 23
1772812610039 8.461186458007433 24
1772812626127 8.357807124993997 25
1772812636060 8.471816667006351 26
1772812646051 8.387445165979443 27
1772812655988 8.363711042009527 28
1772812665863 8.422445292002521 29
1772812679666 8.71118466599728 30
1772812696682 8.34414287499385 21
1772812706667 8.505669583013514 22
1772812716582 8.440457082993817 23
1772812726389 8.341995583003154 24
1772812742188 8.439808958995854 25
1772812752103 8.425983957975404 26
1772812762085 8.341839707980398 27
1772812772072 8.397334124980262 28
1772812781942 8.393872375017963 29
1772812795488 8.479638499993598 30
1772812812331 8.311116166994907 31
1772812822185 8.37988070800202 32
1772812832022 8.353789582994068 33
1772812841914 8.452908624982229 34
1772812857689 8.397460875014076 35
1772812867599 8.445624499989208 36
1772812877472 8.329495374986436 37
1772812887692 8.6240531669755 38
1772812897913 8.706735749990912 39
1772812911721 8.68537700001616 40
1772812929348 8.6299531669938 41
1772812939422 8.5650258329988 42
1772812949561 8.664629499980947 43
1772812959811 8.747640292014694 44
1772812976034 8.706681999989087 45
1772812986268 8.719175417005317 46
1772812996515 8.577372041007038 47
1772813006779 8.588118375017075 48
1772813017011 8.709065333008766 49
1772813030782 8.63629191700602 50
1772813048057 8.52153895801166 51
1772813058151 8.634040250006365 52
1772813068311 8.65732491700328 53
1772813078537 8.732652208011132 54
1772813094474 8.613518750004005 55
1772813104400 8.421895125007723 56
1772813114543 8.335925708001014 57
1772813124603 8.401642000011634 58
1772813134569 8.427203125000233 59
1772813148051 8.374938207998639 60
1772813158011 8.457218499999726 61
1772813167925 8.41496624998399 62
1772813177819 8.402771708002547 63
1772813187788 8.470885999995517 64
1772813201248 8.361691458005225 65
1772813211176 8.348540041974047 66
1772813221273 8.547222542023519 67
1772813231258 8.42570025002351 68
1772813241235 8.473499125015223 69
1772813254811 8.476474167022388 70
1772813271144 8.31108320801286 71
1772813281150 8.512236165988725 72
1772813291036 8.409970959008206 73
1772813300898 8.391497582982993 74
1772813316651 8.474678458995186 75
1772813326562 8.419986082997639 76
1772813336543 8.372667542018462 77
1772813346475 8.33022995799547 78
1772813356375 8.408904749987414 79
1772813369893 8.44881216599606 80
1772813386385 8.343901916989125 81
1772813396323 8.472013040998718 82
1772813406231 8.426487583987182 83
1772813416099 8.404313999984879 84
1772813431813 8.434413874987513 85
1772813441798 8.519126250001136 86
1772813451723 8.380714625003748 87
1772813461761 8.44851883299998 88
1772813471688 8.452210250019561 89
1772813485146 8.388037333992543 90
1772813495124 8.45751812501112 91
1772813505013 8.423449916997924 92
1772813514947 8.461790750006912 93
1772813524914 8.47846829201444 94
1772813537782 8.054574416979449 95
1772813547090 7.836578040994937 96
1772813556505 8.013884625019273 97
1772813565789 7.864716292009689 98
1772813575333 8.134727333002957 99
1772813588357 8.191437292000046 100
