1772812359776 4.645800800062716e-05 1
1772812369816 1.158300437964499e-05 2
1772812379378 1.937500201165676e-05 3
1772812388844 2.141698496416211e-05 4
1772812404533 1.0083022061735392e-05 5
1772812413993 1.0374991688877344e-05 6
1772812423555 1.1415977496653795e-05 7
1772812432951 1.2665987014770508e-05 8
1772812442431 1.087499549612403e-05 9
1772812455402 9.916984708979726e-06 10
1772812464882 8.750008419156075e-06 11
1772812474206 9.41698090173304e-06 12
1772812483565 8.915987564250827e-06 13
1772812492964 8.082977728918195e-06 14
1772812505926 9.500014130026102e-06 15
1772812515325 7.333001121878624e-06 16
1772812524717 7.624999852851033e-06 17
1772812534139 9.37501317821443e-06 18
1772812543471 7.541995728388429e-06 19
1772812556225 8.95801349543035e-06 20
1772812579130 9.833020158112049e-06 21
1772812589546 1.487502595409751e-05 22
1772812600113 1.4416989870369434e-05 23
1772812610039 9.458017302677035e-06 24
1772812626127 1.0416988516226411e-05 25
1772812636060 1.0833988199010491e-05 26
1772812646052 1.0792020475491881e-05 27
1772812655989 1.8708989955484867e-05 28
1772812665863 9.37501317821443e-06 29
1772812679666 7.875001756474376e-06 30
1772812696683 1.2874981621280313e-05 21
1772812706668 1.2459000572562218e-05 22
1772812716582 1.4582998119294643e-05 23
1772812726389 1.2042000889778137e-05 24
1772812742189 9.499985026195645e-06 25
1772812752104 1.1750002158805728e-05 26
1772812762085 1.029198756441474e-05 27
1772812772072 1.7874990589916706e-05 28
1772812781942 7.209018804132938e-06 29
1772812795488 7.791997632011771e-06 30
1772812812331 1.058299676515162e-05 31
1772812822186 1.1041993275284767e-05 32
1772812832022 1.0208983439952135e-05 33
1772812841914 1.016599708236754e-05 34
1772812857689 1.1208991054445505e-05 35
1772812867599 9.874987881630659e-06 36
1772812877473 1.5416997484862804e-05 37
1772812887692 1.333298860117793e-05 38
1772812897913 8.458009688183665e-06 39
1772812911722 7.0829992182552814e-06 40
1772812929348 1.0416988516226411e-05 41
1772812939422 1.4582998119294643e-05 42
1772812949561 1.0624993592500687e-05 43
1772812959811 1.0374991688877344e-05 44
1772812976035 1.1750002158805728e-05 45
1772812986269 1.7416983610019088e-05 46
1772812996516 1.1041993275284767e-05 47
1772813006779 2.8833019314333797e-05 48
1772813017012 7.041991921141744e-06 49
1772813030782 1.4417018974199891e-05 50
1772813048057 9.958981536328793e-06 51
1772813058151 1.1083000572398305e-05 52
1772813068311 1.0540999937802553e-05 53
1772813078537 1.1666998034343123e-05 54
1772813094474 1.0417017620056868e-05 55
1772813104400 1.1166994227096438e-05 56
1772813114544 8.957984391599894e-06 57
1772813124604 3.1042000045999885e-05 58
1772813134569 8.625007467344403e-06 59
1772813148051 6.749993190169334e-06 60
1772813158011 2.7458008844405413e-05 61
1772813167925 8.792005246505141e-06 62
1772813177820 7.834023563191295e-06 63
1772813187789 7.250026101246476e-06 64
1772813201248 6.582995411008596e-06 65
1772813211176 7.95899541117251e-06 66
1772813221273 1.3500015484169126e-05 67
1772813231258 7.4169947765767574e-06 68
1772813241235 7.333990652114153e-06 69
1772813254811 6.584014045074582e-06 70
1772813271144 1.6041012713685632e-05 71
1772813281150 1.1791998986154795e-05 72
1772813291037 1.087499549612403e-05 73
1772813300898 1.1749973054975271e-05 74
1772813316651 1.1625001206994057e-05 75
1772813326562 1.0624993592500687e-05 76
1772813336543 1.0167015716433525e-05 77
1772813346475 1.3999990187585354e-05 78
1772813356376 7.333001121878624e-06 79
1772813369893 8.041999535635114e-06 80
1772813386385 1.0499992640689015e-05 81
1772813396323 1.0916992323473096e-05 82
1772813406231 1.1166994227096438e-05 83
1772813416099 1.2582982890307903e-05 84
1772813431814 1.1208001524209976e-05 85
1772813441798 1.058299676515162e-05 86
1772813451723 1.3167009456083179e-05 87
1772813461762 1.8999999156221747e-05 88
1772813471689 8.584000170230865e-06 89
1772813485147 7.333990652114153e-06 90
1772813495125 7.95899541117251e-06 91
1772813505013 7.832975825294852e-06 92
1772813514947 8.916977094486356e-06 93
1772813524914 1.3749988283962011e-05 94
1772813537782 7.916998583823442e-06 95
1772813547091 7.4169947765767574e-06 96
1772813556505 8.583010639995337e-06 97
1772813565790 7.874972652643919e-06 98
1772813575333 7.750000804662704e-06 99
1772813588358 8.08399636298418e-06 100
