1772812359778 0.002196041023125872 1
1772812369817 0.001746041001752019 2
1772812379379 0.0017056250071618706 3
1772812388846 0.0015724999830126762 4
1772812404534 0.001453207980375737 5
1772812413994 0.0019581250089686364 6
1772812423556 0.0014689999807160348 7
1772812432953 0.0015155000146478415 8
1772812442432 0.0016496670141350478 9
1772812455403 0.00180154200643301 10
1772812464884 0.00142937499913387 11
1772812474208 0.0016142080130521208 12
1772812483566 0.0014075410144869238 13
1772812492965 0.0015564580098725855 14
1772812505927 0.0016952919831965119 15
1772812515326 0.0017868340073619038 16
1772812524718 0.0013888750108890235 17
1772812534140 0.0015787080046720803 18
1772812543472 0.001395667000906542 19
1772812556226 0.001548792002722621 20
1772812579131 0.0022270829940680414 21
1772812589546 0.0018791670154314488 22
1772812600114 0.0014857499918434769 23
1772812610040 0.0016207910084631294 24
1772812626127 0.0016865830111782998 25
1772812636060 0.002019666018895805 26
1772812646052 0.0015807909949216992 27
1772812655989 0.0016216250078286976 28
1772812665864 0.0014930829929653555 29
1772812679666 0.0021705419931095093 30
1772812696683 0.0014174999960232526 21
1772812706668 0.0020196670084260404 22
1772812716582 0.0018201250059064478 23
1772812726390 0.0015400420234072953 24
1772812742189 0.001455042016459629 25
1772812752104 0.0015430419880431145 26
1772812762086 0.0017499999958090484 27
1772812772072 0.0017514160135760903 28
1772812781943 0.0017273330013267696 29
1772812795488 0.001556792005430907 30
1772812812331 0.0015664169914089143 31
1772812822186 0.001495667005656287 32
1772812832023 0.001722541986964643 33
1772812841915 0.0016949170094449073 34
1772812857690 0.0017588750051800162 35
1772812867599 0.0018753329932224005 36
1772812877473 0.0015044589817989618 37
1772812887693 0.0018162500055041164 38
1772812897913 0.00160920899361372 39
1772812911722 0.002228958997875452 40
1772812929349 0.001817332988139242 41
1772812939423 0.0017158330010715872 42
1772812949562 0.0018385830044280738 43
1772812959811 0.0016459169855806977 44
1772812976035 0.0018874170200433582 45
1772812986269 0.0016766669868957251 46
1772812996516 0.0030120419978629798 47
1772813006780 0.0017037919897120446 48
1772813017012 0.0019283750152681023 49
1772813030783 0.0014937079977244139 50
1772813048058 0.0014955409860704094 51
1772813058152 0.0015022919978946447 52
1772813068312 0.0020309999817982316 53
1772813078538 0.0015652500151190907 54
1772813094475 0.0015787080046720803 55
1772813104401 0.0016888749960344285 56
1772813114544 0.006842957984190434 57
1772813124604 0.0014346250100061297 58
1772813134570 0.0016193749906960875 59
1772813148052 0.0014863329997751862 60
1772813158011 0.0017984170117415488 61
1772813167926 0.0014139580016490072 62
1772813177820 0.001412042009178549 63
1772813187789 0.001603874989086762 64
1772813201249 0.0014096249942667782 65
1772813211177 0.0017370420100633055 66
1772813221273 0.001584999990882352 67
1772813231259 0.001514749979833141 68
1772813241235 0.0014967079914640635 69
1772813254812 0.0017662080063018948 70
1772813271145 0.0015667920233681798 71
1772813281150 0.0016998749924823642 72
1772813291037 0.0014587919868063182 73
1772813300899 0.0015844999870751053 74
1772813316652 0.0016537920164410025 75
1772813326562 0.0016260409902315587 76
1772813336544 0.0014625829935539514 77
1772813346476 0.001695084007224068 78
1772813356376 0.0016045839875005186 79
1772813369893 0.001483250001911074 80
1772813386386 0.0014744169893674552 81
1772813396324 0.0017246250063180923 82
1772813406232 0.0017314579745288938 83
1772813416099 0.0014476249925792217 84
1772813431814 0.001522709004348144 85
1772813441798 0.0015207499964162707 86
1772813451723 0.0019526249961927533 87
1772813461762 0.0018273330060765147 88
1772813471689 0.0015715000045020133 89
1772813485147 0.0016637080116197467 90
1772813495125 0.0015930829977151006 91
1772813505013 0.0015157909947447479 92
1772813514948 0.0021037090045865625 93
1772813524915 0.0017300410254392773 94
1772813537782 0.0013684580044355243 95
1772813547091 0.00161500001559034 96
1772813556506 0.0015503750182688236 97
1772813565790 0.0013933750160504133 98
1772813575333 0.001457167003536597 99
1772813588358 0.0015232909936457872 100
