1772812369818 0.003484125016257167 2
1772812379379 0.003243499988457188 3
1772812388846 0.0032219580025412142 4
1772812404535 0.003577124996809289 5
1772812413994 0.004203292017336935 6
1772812423556 0.004301374981878325 7
1772812432953 0.0045016660005785525 8
1772812442433 0.005920541996601969 9
1772812455403 0.05951254098908976 10
1772812464885 0.004305834008846432 11
1772812474208 0.005397165979957208 12
1772812483566 0.004908915987471119 13
1772812492966 0.004872499994235113 14
1772812505927 0.006911875010700896 15
1772812515326 0.0035792920098174363 16
1772812524719 0.0070183330099098384 17
1772812534140 0.0040677090000826865 18
1772812543473 0.005144832975929603 19
1772812556226 0.004225625016260892 20
1772812579130 0.004494958004215732 21
1772812589546 0.0034877919824793935 22
1772812600114 0.015530540986219421 23
1772812610040 0.0034944170038215816 24
1772812626127 0.003910041996277869 25
1772812636060 0.008251333987573162 26
1772812646052 0.004331500007538125 27
1772812655989 0.0040647920104674995 28
1772812665864 0.003655874985270202 29
1772812679666 0.004152834007982165 30
1772812696683 0.004273374972399324 21
1772812706668 0.004455957998288795 22
1772812716582 0.0034155000175815076 23
1772812726390 0.004049999988637865 24
1772812742189 0.004444291000254452 25
1772812752104 0.004645792010705918 26
1772812762086 0.004016708990093321 27
1772812772072 0.0036721669894177467 28
1772812781943 0.004359083977760747 29
1772812795488 0.004057583020767197 30
1772812812331 0.003744916000869125 31
1772812822186 0.004220750008244067 32
1772812832022 0.0041173330100718886 33
1772812841914 0.003978624998126179 34
1772812857690 0.003647000005003065 35
1772812867599 0.0033996659913100302 36
1772812877473 0.004649124981369823 37
1772812887692 0.003441582986852154 38
1772812897913 0.007406082993838936 39
1772812911722 0.004235082975355908 40
1772812929348 0.004353416996309534 41
1772812939423 0.003222958999685943 42
1772812949561 0.00406754098366946 43
1772812959811 0.0037859999865759164 44
1772812976035 0.003683540999190882 45
1772812986269 0.003457041981164366 46
1772812996516 0.004848582990234718 47
1772813006779 0.0047525420086458325 48
1772813017012 0.004957833007210866 49
1772813030783 0.004657457990106195 50
1772813048057 0.004233834013575688 51
1772813058151 0.0039562500023748726 52
1772813068311 0.003964083996834233 53
1772813078537 0.003723457979504019 54
1772813094475 0.004671707982197404 55
1772813104401 0.004134459013585001 56
1772813114544 0.003916249988833442 57
1772813124604 0.004096166987437755 58
1772813134570 0.004698167002061382 59
1772813148052 0.0036712500150315464 60
1772813158011 0.008131999988108873 61
1772813167926 0.004339624982094392 62
1772813177820 0.004022917011752725 63
1772813187789 0.004838292021304369 64
1772813201249 0.00415391699061729 65
1772813211176 0.004512457991950214 66
1772813221273 0.004440041986526921 67
1772813231259 0.0037034580018371344 68
1772813241235 0.004066833993420005 69
1772813254812 0.004254416999174282 70
1772813271144 0.003297916002338752 71
1772813281150 0.0034047499939333647 72
1772813291037 0.0031491249974351376 73
1772813300899 0.0036539580032695085 74
1772813316651 0.003686417010612786 75
1772813326562 0.0032420420029666275 76
1772813336543 0.0031644999980926514 77
1772813346476 0.003496791992802173 78
1772813356376 0.003142624977044761 79
1772813369893 0.0033969169890042394 80
1772813386385 0.0035041249939240515 81
1772813396323 0.0035185829910915345 82
1772813406231 0.003980207984568551 83
1772813416099 0.004172374989138916 84
1772813431814 0.0036870419862680137 85
1772813441798 0.0033070409845095128 86
1772813451723 0.0036502910079434514 87
1772813461762 0.0032897920173127204 88
1772813471689 0.0037573750014416873 89
1772813485147 0.0033662499918136746 90
1772813495125 0.008896583021851256 91
1772813505013 0.004271209007129073 92
1772813514947 0.004239667003275827 93
1772813524914 0.004513457999564707 94
1772813537782 0.004305665992433205 95
1772813547091 0.00410699998610653 96
1772813556506 0.00362324999878183 97
1772813565790 0.003007792023709044 98
1772813575333 0.0038574589998461306 99
1772813588358 0.003670292004244402 100
