1772812359776 9.529014916013693 1
1772812369816 9.862300707987742 2
1772812379377 9.404708042013226 3
1772812388844 9.318818041996565 4
1772812404533 9.196131249977043 5
1772812413993 9.289922249998199 6
1772812423555 9.412394125014544 7
1772812432951 9.242302667000331 8
1772812442431 9.265485917014303 9
1772812455401 9.296049665979808 10
1772812464882 9.29252925000037 11
1772812474206 9.173469500005012 12
1772812483565 9.20753600000171 13
1772812492964 9.234072958002798 14
1772812505926 9.275392708019353 15
1772812515324 9.24107908300357 16
1772812524717 9.245296625012998 17
1772812534139 9.267224791983608 18
1772812543471 9.189274625008693 19
1772812556225 9.09381933300756 20
1772812579131 10.138681167009054 21
1772812589546 10.244620165991364 22
1772812600114 10.40900633300771 23
1772812610040 9.782470083009684 24
1772812626128 9.669049417017959 25
1772812636061 9.776173333026236 26
1772812646052 9.833284374995856 27
1772812655989 9.782204250019277 28
1772812665864 9.727750999998534 29
1772812679667 10.01155141700292 30
1772812696683 9.645876915979898 21
1772812706668 9.818675582995638 22
1772812716583 9.765814458020031 23
1772812726390 9.65937229199335 24
1772812742190 9.785885666991817 25
1772812752104 9.76315162499668 26
1772812762086 9.833637583011296 27
1772812772073 9.837740416987799 28
1772812781943 9.718270249984926 29
1772812795489 9.802954999991925 30
1772812812332 9.6263734579843 31
1772812822186 9.692593125015264 32
1772812832023 9.679553666996071 33
1772812841915 9.741030292003416 34
1772812857690 9.699423375015613 35
1772812867600 9.756636667007115 36
1772812877473 9.71897608297877 37
1772812887693 10.019993207999505 38
1772812897914 10.048760749981739 39
1772812911722 10.007042750017717 40
1772812929349 9.96055529199657 41
1772812939423 9.90557845798321 42
1772812949562 9.97262495799805 43
1772812959812 10.086471916001756 44
1772812976035 10.044177083007526 45
1772812986269 10.056165833986597 46
1772812996516 10.065907582989894 47
1772813006780 10.079181040986441 48
1772813017013 10.059023125009844 49
1772813030783 9.996535832993686 50
1772813048058 9.842408708005678 51
1772813058152 9.931222665996756 52
1772813068312 9.993670958996518 53
1772813078538 10.06820708399755 54
1772813094475 9.922412792016985 55
1772813104401 9.755448125011753 56
1772813114544 9.860143500001868 57
1772813124604 9.890413791988976 58
1772813134570 9.792013792000944 59
1772813148052 9.719828625005903 60
1772813158012 9.757516084006056 61
1772813167926 9.747295083012432 62
1772813177820 9.730507041997043 63
1772813187789 9.800644000002649 64
1772813201249 9.703553791012382 65
1772813211177 9.752215874992544 66
1772813221274 9.90634079099982 67
1772813231259 9.75971524999477 68
1772813241236 9.800911333004478 69
1772813254812 9.822413042013068 70
1772813271145 9.577741125016473 71
1772813281151 9.8333696659829 72
1772813291037 9.721346790989628 73
1772813300899 9.696532166999532 74
1772813316652 9.795040917000733 75
1772813326563 9.752338250022149 76
1772813336544 9.817046249983832 77
1772813346476 9.765315791999456 78
1772813356377 9.735961541009601 79
1772813369894 9.791616665985202 80
1772813386386 9.638376666989643 81
1772813396324 9.76489295900683 82
1772813406232 9.734460375009803 83
1772813416100 9.696835999988252 84
1772813431814 9.72236620800686 85
1772813441799 9.82037608398241 86
1772813451724 9.7587264579779 87
1772813461762 9.86901479199878 88
1772813471689 9.75717920900206 89
1772813485147 9.67961833399022 90
1772813495125 9.785765499982517 91
1772813505014 9.722004916984588 92
1772813514948 9.76321254199138 93
1772813524915 9.795325416023843 94
1772813537783 9.362572957994416 95
1772813547091 9.146241749986075 96
1772813556506 9.255163791996893 97
1772813565790 9.121414957975503 98
1772813575334 9.369610916008241 99
1772813588358 9.514862208015984 100
