1772812359776 9.528838625003118 1
1772812369817 9.86215495801298 2
1772812379378 9.404577374982182 3
1772812388845 9.318685124977492 4
1772812404534 9.19602699999814 5
1772812413993 9.289809958980186 6
1772812423555 9.412283124984242 7
1772812432952 9.242188374977559 8
1772812442432 9.265368541004136 9
1772812455402 9.295950542000355 10
1772812464883 9.292414666007971 11
1772812474207 9.173365458002081 12
1772812483565 9.207429208006943 13
1772812492965 9.233933333016466 14
1772812505926 9.275289125012932 15
1772812515325 9.240980417001992 16
1772812524717 9.24519245798001 17
1772812534139 9.267120208009146 18
1772812543472 9.189179999986663 19
1772812556225 9.093698166019749 20
1772812579131 10.138410457991995 21
1772812589547 10.244473958999151 22
1772812600114 10.408881792012835 23
1772812610040 9.782359459000872 24
1772812626128 9.668934499990428 25
1772812636061 9.776042708021123 26
1772812646053 9.83316220800043 27
1772812655989 9.782064707978861 28
1772812665864 9.727639290998923 29
1772812679667 10.011442167015048 30
1772812696684 9.645636583009036 21
1772812706669 9.818549207993783 22
1772812716583 9.765679249976529 23
1772812726390 9.65926062501967 24
1772812742190 9.785784208012046 25
1772812752105 9.763027832988882 26
1772812762086 9.833526374975918 27
1772812772073 9.837612083007116 28
1772812781943 9.718168166989926 29
1772812795489 9.802846667007543 30
1772812812332 9.626122958026826 31
1772812822187 9.692480958998203 32
1772812832023 9.679436208010884 33
1772812841915 9.74091504199896 34
1772812857690 9.699313582998002 35
1772812867600 9.756510167004308 36
1772812877474 9.71884862499428 37
1772812887693 10.01985770801548 38
1772812897914 10.04865283399704 39
1772812911723 10.006916667014593 40
1772812929349 9.960298833000707 41
1772812939423 9.905451792001259 42
1772812949562 9.972503166995011 43
1772812959812 10.086340540990932 44
1772812976036 10.04405525000766 45
1772812986270 10.056022499979008 46
1772812996517 10.06576224998571 47
1772813006780 10.079004541010363 48
1772813017013 10.058918667025864 49
1772813030784 9.99642095802119 50
1772813048058 9.842181333020562 51
1772813058152 9.931116457999451 52
1772813068312 9.9935492920049 53
1772813078538 10.068073000002187 54
1772813094475 9.922301666985732 55
1772813104401 9.75532787499833 56
1772813114545 9.859996709012194 57
1772813124605 9.890253707999364 58
1772813134570 9.791903541015927 59
1772813148052 9.719725500006462 60
1772813158012 9.757343207980739 61
1772813167926 9.747196125012124 62
1772813177821 9.730408999981591 63
1772813187790 9.80054550000932 64
1772813201249 9.703458000003593 65
1772813211177 9.752103916980559 66
1772813221274 9.906219708005665 67
1772813231259 9.759619083022699 68
1772813241236 9.80081370798871 69
1772813254812 9.822311666997848 70
1772813271145 9.577474290999817 71
1772813281151 9.833253374992637 72
1772813291038 9.721222166990628 73
1772813300899 9.696412457997212 74
1772813316652 9.794912666984601 75
1772813326563 9.752226666983915 76
1772813336544 9.816939499985892 77
1772813346476 9.765199374989606 78
1772813356377 9.735857166000642 79
1772813369894 9.79151462498703 80
1772813386386 9.638117082999088 81
1772813396324 9.76476104100584 82
1772813406232 9.734342209005263 83
1772813416100 9.696712250006385 84
1772813431814 9.722247792000417 85
1772813441799 9.820257958985167 86
1772813451724 9.758593792008469 87
1772813461763 9.86887858400587 88
1772813471690 9.757072667009197 89
1772813485148 9.679519041004824 90
1772813495126 9.78565033301129 91
1772813505014 9.721894209011225 92
1772813514948 9.763099791976856 93
1772813524915 9.795206541981315 94
1772813537783 9.362476000009337 95
1772813547092 9.146143916994333 96
1772813556506 9.255054042005213 97
1772813565790 9.121314417017857 98
1772813575334 9.36949874999118 99
1772813588359 9.514752749993932 100
