1772812359932 2.0 1
1772812369975 2.0 2
1772812379522 2.0 3
1772812388994 2.0 4
1772812404407 2.0 5
1772812413862 2.0 6
1772812423384 2.0 7
1772812432761 2.0 8
1772812442181 2.0 9
1772812455188 2.0 10
1772812464505 2.0 11
1772812473956 2.0 12
1772812483302 2.0 13
1772812492671 2.0 14
1772812505650 2.0 15
1772812515038 2.0 16
1772812524424 2.0 17
1772812533830 2.0 18
1772812543067 2.0 19
1772812555947 2.0 20
1772812572412 2.0 11
1772812582894 2.0 12
1772812593470 2.0 13
1772812603836 2.0 14
1772812619650 2.0 15
1772812629890 2.0 16
1772812639851 2.0 17
1772812649804 2.0 18
1772812659708 2.0 19
1772812673404 2.0 20
1772812683528 2.0 21
1772812693501 2.0 22
1772812703461 2.0 23
1772812713425 2.0 24
1772812726849 2.0 25
1772812736805 2.0 26
1772812746678 2.0 27
1772812756613 2.0 28
1772812766584 2.0 29
1772812780041 2.0 30
1772812789976 2.0 31
1772812799893 2.0 32
1772812809828 2.0 33
1772812819589 2.0 34
1772812833118 2.0 35
1772812843048 2.0 36
1772812852862 2.0 37
1772812862787 2.0 38
1772812872664 2.0 39
1772812886292 2.0 40
1772812896602 2.0 41
1772812906796 2.0 42
1772812916918 2.0 43
1772812927298 2.0 44
1772812941066 2.0 45
1772812951272 2.0 46
1772812961542 2.0 47
1772812971671 2.0 48
1772812981800 2.0 49
1772812995675 2.0 50
1772813005964 2.0 51
1772813016197 2.0 52
1772813026350 2.0 53
1772813036442 2.0 54
1772813050275 2.0 55
1772813060445 2.0 56
1772813070667 2.0 57
1772813080730 2.0 58
1772813090709 2.0 59
1772813104233 2.0 60
1772813114204 2.0 61
1772813124417 2.0 62
1772813134379 2.0 63
1772813144282 2.0 64
1772813157770 2.0 65
1772813167572 2.0 66
1772813177466 2.0 67
1772813187450 2.0 68
1772813197426 2.0 69
1772813210913 2.0 70
1772813220982 2.0 71
1772813230906 2.0 72
1772813240840 2.0 73
1772813250720 2.0 74
1772813264115 2.0 75
1772813274084 2.0 76
1772813284174 2.0 77
1772813294057 2.0 78
1772813303992 2.0 79
1772813317388 2.0 80
1772813327281 2.0 81
1772813337154 2.0 82
1772813347069 2.0 83
1772813356968 2.0 84
1772813370479 2.0 85
1772813380417 2.0 86
1772813390313 2.0 87
1772813400277 2.0 88
1772813410184 2.0 89
1772813423520 2.0 90
1772813433459 2.0 91
1772813443453 2.0 92
1772813453545 2.0 93
1772813463527 2.0 94
1772813476970 2.0 95
1772813486941 2.0 96
1772813496893 2.0 97
1772813506663 2.0 98
1772813516627 2.0 99
1772813530115 2.0 100
