1772812359932 0.0 1
1772812369976 0.0 2
1772812379522 0.0 3
1772812388995 0.0 4
1772812404408 0.0 5
1772812413863 0.0 6
1772812423384 0.0 7
1772812432762 0.0 8
1772812442182 0.0 9
1772812455188 0.0 10
1772812464505 0.0 11
1772812473956 0.0 12
1772812483302 0.0 13
1772812492671 0.0 14
1772812505651 0.0 15
1772812515039 0.0 16
1772812524425 0.0 17
1772812533831 0.0 18
1772812543067 0.0 19
1772812555947 0.0 20
1772812572412 0.0 11
1772812582894 0.0 12
1772812593470 0.0 13
1772812603836 0.0 14
1772812619650 0.0 15
1772812629890 0.0 16
1772812639852 0.0 17
1772812649804 0.0 18
1772812659708 0.0 19
1772812673405 0.0 20
1772812683528 0.0 21
1772812693501 0.0 22
1772812703461 0.0 23
1772812713426 0.0 24
1772812726849 0.0 25
1772812736805 0.0 26
1772812746679 0.0 27
1772812756613 0.0 28
1772812766584 0.0 29
1772812780042 0.0 30
1772812789977 0.0 31
1772812799893 0.0 32
1772812809828 0.0 33
1772812819589 0.0 34
1772812833118 0.0 35
1772812843049 0.0 36
1772812852862 0.0 37
1772812862787 0.0 38
1772812872664 0.0 39
1772812886292 0.0 40
1772812896602 0.0 41
1772812906796 0.0 42
1772812916918 0.0 43
1772812927298 0.0 44
1772812941067 0.0 45
1772812951272 0.0 46
1772812961543 0.0 47
1772812971672 0.0 48
1772812981800 0.0 49
1772812995675 0.0 50
1772813005964 0.0 51
1772813016197 0.0 52
1772813026350 0.0 53
1772813036442 0.0 54
1772813050275 0.0 55
1772813060446 0.0 56
1772813070667 0.0 57
1772813080730 0.0 58
1772813090709 0.0 59
1772813104233 0.0 60
1772813114204 0.0 61
1772813124417 0.0 62
1772813134380 0.0 63
1772813144282 0.0 64
1772813157770 0.0 65
1772813167572 0.0 66
1772813177466 0.0 67
1772813187451 0.0 68
1772813197426 0.0 69
1772813210913 0.0 70
1772813220982 0.0 71
1772813230906 0.0 72
1772813240840 0.0 73
1772813250720 0.0 74
1772813264115 0.0 75
1772813274084 0.0 76
1772813284174 0.0 77
1772813294057 0.0 78
1772813303992 0.0 79
1772813317389 0.0 80
1772813327281 0.0 81
1772813337155 0.0 82
1772813347069 0.0 83
1772813356968 0.0 84
1772813370480 0.0 85
1772813380417 0.0 86
1772813390314 0.0 87
1772813400277 0.0 88
1772813410185 0.0 89
1772813423520 0.0 90
1772813433459 0.0 91
1772813443453 0.0 92
1772813453545 0.0 93
1772813463528 0.0 94
1772813476971 0.0 95
1772813486941 0.0 96
1772813496893 0.0 97
1772813506663 0.0 98
1772813516628 0.0 99
1772813530115 0.0 100
