1772811731791 1.4611420829896815 1
1772811740919 1.3789207079971675 2
1772811750693 1.5910419169813395 3
1772811760201 1.5106840830121655 4
1772811776798 1.6397589160187636 5
1772811786103 1.4340552080248017 6
1772811795936 1.5086636670166627 7
1772811805670 1.3968579999927897 8
1772811815430 1.6028957500238903 9
1772811828752 1.5744885840103962 10
1772811837838 1.3697442910051905 11
1772811846975 1.4649311249959283 12
1772811856552 1.3542294999933802 13
1772811865999 1.433226958004525 14
1772811878858 1.3805671250156593 15
1772811888189 1.3802313330234028 16
1772811898010 1.4905479160079267 17
1772811907490 1.433387249999214 18
1772811917452 1.5706635829992592 19
1772811931023 1.7502692500129342 20
1772811948544 1.394806292024441 11
1772811958677 1.3307218339759856 12
1772811969689 1.4902243339747656 13
1772811979578 1.3344996660016477 14
1772811995361 1.3949792080093175 15
1772812005067 1.32676504200208 16
1772812015590 1.518841583019821 17
1772812025789 1.656842999975197 18
1772812036052 1.453106333996402 19
