1772811731791 7.829941583011532 1
1772811740919 7.594174249999924 2
1772811750693 8.024689459009096 3
1772811760201 7.826411749992985 4
1772811776798 8.142993666988332 5
1772811786103 7.716904708009679 6
1772811795937 8.15969974998734 7
1772811805670 8.132529124995926 8
1772811815430 7.9623533750127535 9
1772811828753 7.969970791978994 10
1772811837839 7.57142200000817 11
1772811846975 7.51926875000936 12
1772811856553 8.059763625002233 13
1772811865999 7.853430916002253 14
1772811878858 7.732662958005676 15
1772811888189 7.805428584018955 16
1772811898011 8.157853249984328 17
1772811907490 7.879041749984026 18
1772811917452 8.228148000023793 19
1772811931024 7.8869044999883045 20
1772811948545 8.284908917004941 11
1772811958678 8.62026591700851 12
1772811969690 9.345692916976986 13
1772811979578 8.395275207993109 14
1772811995361 8.408909374993527 15
1772812005067 8.233116124989465 16
1772812015590 8.801206208008807 17
1772812025789 8.360265666997293 18
1772812036052 8.630384916992625 19
