1772811731790 1.087499549612403e-05 1
1772811740918 1.5124998753890395e-05 2
1772811750692 9.457988198846579e-06 3
1772811760200 1.0499992640689015e-05 4
1772811776798 9.58298915065825e-06 5
1772811786102 2.2332998923957348e-05 6
1772811795936 1.0207993909716606e-05 7
1772811805669 1.6417005099356174e-05 8
1772811815430 1.3625016435980797e-05 9
1772811828752 2.3333996068686247e-05 10
1772811837838 7.916009053587914e-06 11
1772811846974 8.37500556372106e-06 12
1772811856552 7.5410061981529e-06 13
1772811865999 9.458977729082108e-06 14
1772811878857 7.0829992182552814e-06 15
1772811888188 8.333998266607523e-06 16
1772811898009 7.2499969974160194e-06 17
1772811907489 1.837499439716339e-05 18
