1772811731791 0.002035999990766868 1
1772811740919 0.0015252919984050095 2
1772811750693 0.001709917007246986 3
1772811760202 0.0018785000138450414 4
1772811776799 0.0017625420005060732 5
1772811786103 0.00203033399884589 6
1772811795937 0.0017600419814698398 7
1772811805671 0.0023627080081496388 8
1772811815431 0.002486624987795949 9
1772811828753 0.0014045419811736792 10
1772811837839 0.001703291985904798 11
1772811846976 0.0015980419993866235 12
1772811856553 0.002644916996359825 13
1772811866000 0.0015116249851416796 14
1772811878858 0.0018606249941512942 15
1772811888189 0.001520541001809761 16
1772811898011 0.0031089579861145467 17
1772811907490 0.0015032499795779586 18
1772811917452 0.0021480419964063913 19
1772811931024 0.0016795420087873936 20
1772811948546 0.002358625002671033 11
1772811958679 0.0019525419920682907 12
1772811969690 0.0033449589973315597 13
1772811979579 0.0015233749873004854 14
1772811995362 0.0017694169946480542 15
1772812005068 0.0015839590050745755 16
1772812015591 0.004362750012660399 17
1772812025790 0.0015694999892730266 18
1772812036053 0.0021850419871043414 19
