1772811740919 0.003053207998163998 2
1772811750694 0.004070499999215826 3
1772811760202 0.004411041998537257 4
1772811776799 0.0036978340067435056 5
1772811786103 0.004479750001337379 6
1772811795937 0.0038901249936316162 7
1772811805671 0.004244749987265095 8
1772811815431 0.011476375017082319 9
1772811828753 0.0032700840092729777 10
1772811837839 0.003757083002710715 11
1772811846976 0.004473167005926371 12
1772811856553 0.003584707999834791 13
1772811866000 0.004951667011482641 14
1772811878859 0.0039052499923855066 15
1772811888189 0.005990040983306244 16
1772811898012 0.004456499998923391 17
1772811907491 0.006120292004197836 18
1772811917453 0.0035178749822080135 19
1772811931024 0.0040210000006482005 20
1772811948545 0.003611249994719401 11
1772811958678 0.005087582976557314 12
1772811969690 0.005033833993365988 13
1772811979579 0.0077886249928269535 14
1772811995362 0.0030255000165198 15
1772812005068 0.003741332999197766 16
1772812015591 0.004149166983552277 17
1772812025790 0.007107333018211648 18
1772812036053 0.004917207988910377 19
