1772811731790 9.293924791010795 1
1772811740918 8.975061292003375 2
1772811750692 9.617898041993612 3
1772811760201 9.33946829100023 4
1772811776798 9.785290166008053 5
1772811786102 9.153399332979461 6
1772811795936 9.6706058330019 7
1772811805670 9.532856832985999 8
1772811815430 9.568760415975703 9
1772811828752 9.546349915995961 10
1772811837838 8.943361999990884 11
1772811846975 8.986434208985884 12
1772811856552 9.417298791988287 13
1772811865999 9.28869608399691 14
1772811878858 9.115671958017629 15
1772811888188 9.187701042013941 16
1772811898010 9.65290908300085 17
1772811907489 9.314441875001648 18
1772811917452 9.801780959009193 19
1772811931023 9.63943750000908 20
1772811948546 9.682536499982234 11
1772811958679 9.954109332989901 12
1772811969691 10.840063874988118 13
1772811979580 9.731781417009188 14
1772811995363 9.80614116601646 15
1772812005069 9.561984250001842 16
1772812015591 10.329201667016605 17
1772812025791 10.019299917010358 18
1772812036054 10.086363041977165 19
