1772811731790 9.294044916983694 1
1772811740918 8.975191791978432 2
1772811750692 9.618015624990221 3
1772811760200 9.339589542010799 4
1772811776797 9.785445749992505 5
1772811786102 9.153534542012494 6
1772811795935 9.670728625002084 7
1772811805669 9.533002542011673 8
1772811815429 9.568993499997305 9
1772811828752 9.546507166000083 10
1772811837837 8.943467707984382 11
1772811846974 8.986546333006117 12
1772811856551 9.417418708006153 13
1772811865998 9.288809541991213 14
1772811878857 9.115781041007722 15
1772811888188 9.187811915995553 16
1772811898009 9.653054416005034 17
1772811907489 9.314562999992631 18
1772811917451 9.801905708009144 19
1772811931023 9.639565999998013 20
1772811948546 9.682807791017694 11
1772811958679 9.954264874977525 12
1772811969691 10.840224999992643 13
1772811979579 9.731998833012767 14
1772811995362 9.806262917001732 15
1772812005068 9.562109541991958 16
1772812015591 10.329428209020989 17
1772812025790 10.019514042010996 18
1772812036053 10.086485833016923 19
