1772811732031 0.00013862030961846097 1
1772811741156 0.00012183276268466746 2
1772811750967 0.00014118493961653585 3
1772811760440 0.00013285583845680266 4
1772811777038 0.00013837861003882965 5
1772811786340 0.0001228205230485045 6
1772811796172 0.00012367897944808192 7
1772811805965 0.00013830854128129313 8
1772811815715 0.00014458359078915528 9
1772811829001 0.00016388229014182714 10
1772811838202 0.00011941912257591202 11
1772811847218 0.00011851788436583622 12
1772811856803 0.00011863666414350208 13
1772811866237 0.00011869453520572761 14
1772811879088 0.0001239082992207568 15
1772811888432 0.00012628170410114474 16
1772811898297 0.00012545110970442697 17
1772811907790 0.0001331393545984661 18
