1772811732031 8.153624456599712e-06 1
1772811741157 7.510669969172843e-06 2
1772811750967 8.21679992608479e-06 3
1772811760441 7.89212486503131e-06 4
1772811777039 7.886104974211885e-06 5
1772811786341 7.790219526580167e-06 6
1772811796172 7.473411679652237e-06 7
1772811805965 8.343702010686654e-06 8
1772811815716 8.129909510493706e-06 9
1772811829001 8.811034784897142e-06 10
1772811838203 7.516109211560582e-06 11
1772811847219 7.655000282915185e-06 12
1772811856804 7.627539301841955e-06 13
1772811866238 7.651896637829537e-06 14
1772811879089 7.588759291625824e-06 15
1772811888433 7.4945677401931266e-06 16
1772811898297 7.793337493039423e-06 17
1772811907790 7.763685784710862e-06 18
1772811917907 7.98127486319118e-06 19
1772811931341 7.4062957593892355e-06 20
1772811955121 7.739499632768543e-06 21
1772811966235 8.173586427370534e-06 22
1772811976383 8.041694880767603e-06 23
1772811986367 7.657685512058163e-06 24
1772812001837 7.986939582612863e-06 25
1772812012166 7.91063436948487e-06 26
1772812022426 7.645139070832323e-06 27
1772812032608 7.7997907695974e-06 28
1772812042833 7.639129279667672e-06 29
