1772811732032 2.3428972292989393e-05 1
1772811741158 2.049171800321977e-05 2
1772811750968 2.371528654222994e-05 3
1772811760442 2.2132589391473507e-05 4
1772811777039 2.2438876748823123e-05 5
1772811786341 2.1452003099868917e-05 6
1772811796173 2.0780157423757445e-05 7
1772811805966 2.282102453482293e-05 8
1772811815716 2.3790677663671205e-05 9
1772811829002 2.7091889534257365e-05 10
1772811838204 2.065680387332026e-05 11
1772811847220 2.0783979335247626e-05 12
1772811856805 2.1402081783691225e-05 13
1772811866239 2.131475324622513e-05 14
1772811879090 2.0685566569999767e-05 15
1772811888433 2.0859790758042188e-05 16
1772811898298 2.1350860030794042e-05 17
1772811907792 2.1778122851488057e-05 18
