1772811732032 6.597441141086961e-07 1
1772811741157 5.794792217585701e-07 2
1772811750968 7.368138637681539e-07 3
1772811760441 6.356664732356708e-07 4
1772811777039 6.49882448395281e-07 5
1772811786341 5.953485533807427e-07 6
1772811796173 5.938436657431378e-07 7
1772811805966 6.698111853259007e-07 8
1772811815716 6.771478211875337e-07 9
1772811829002 7.735479071304106e-07 10
1772811838203 5.861824359361462e-07 11
1772811847219 5.83779905236431e-07 12
1772811856804 6.101518878787223e-07 13
1772811866238 6.033368932102288e-07 14
1772811879089 5.89721801122917e-07 15
1772811888433 5.957743156275106e-07 16
1772811898298 6.156229456966988e-07 17
1772811907791 6.322117489112474e-07 18
1772811917907 6.351109262434242e-07 19
1772811931341 5.91151212366296e-07 20
1772811955122 6.038250418149875e-07 21
1772811966236 6.572897782403494e-07 22
1772811976384 6.628711788591405e-07 23
1772811986368 5.962183033729652e-07 24
1772812001838 6.27407142200787e-07 25
1772812012166 6.319863449863441e-07 26
1772812022427 6.232215846683746e-07 27
1772812032609 6.212737894060008e-07 28
1772812042833 6.219201414082892e-07 29
