1772811732031 4.134635069639679e-05 1
1772811741156 3.724985006604796e-05 2
1772811750967 4.1891313188368566e-05 3
1772811760441 3.9463798040308896e-05 4
1772811777038 4.0511502226359e-05 5
1772811786340 3.713140954374463e-05 6
1772811796172 3.65001889315097e-05 7
1772811805965 4.092600058652545e-05 8
1772811815715 4.143144351939768e-05 9
1772811829001 4.536554679754108e-05 10
1772811838203 3.631530309219702e-05 11
1772811847218 3.6653624584539026e-05 12
1772811856804 3.715824270197748e-05 13
1772811866237 3.6466658968915757e-05 14
1772811879089 3.658827033408617e-05 15
1772811888432 3.7109418206333855e-05 16
1772811898297 3.780565085751096e-05 17
1772811907790 3.8948561784080525e-05 18
