1772811732032 2.3621723324997063e-05 1
1772811741157 2.159168584655761e-05 2
1772811750968 2.3407483004773887e-05 3
1772811760442 2.2151364013292008e-05 4
1772811777039 2.2734512830364935e-05 5
1772811786341 2.1816523387399815e-05 6
1772811796173 2.114703192260774e-05 7
1772811805966 2.3787000008264657e-05 8
1772811815716 2.3363086334649787e-05 9
1772811829002 2.60348645723272e-05 10
1772811838204 2.1520444089254052e-05 11
1772811847219 2.1395020789312594e-05 12
1772811856805 2.2271107975412964e-05 13
1772811866238 2.143511779756699e-05 14
1772811879089 2.1452997020438208e-05 15
1772811888433 2.1362727800149306e-05 16
1772811898298 2.2071092980771963e-05 17
1772811907791 2.236719268795e-05 18
