1772811731892 5.095321435043553e-06 1
1772811741020 5.088244331212256e-06 2
1772811750809 5.5747846613616624e-06 3
1772811760300 5.171306928572688e-06 4
1772811776886 5.456971226523518e-06 5
1772811786198 5.190750274450624e-06 6
1772811796036 5.187627263570248e-06 7
1772811805788 5.1756001470798005e-06 8
1772811815529 5.49209388703543e-06 9
1772811828842 6.291475659142848e-06 10
1772811837936 4.883078782217399e-06 11
1772811847074 4.981799393544738e-06 12
1772811856650 4.950949034708755e-06 13
1772811866097 4.877802419529917e-06 14
1772811878948 4.955172950768088e-06 15
1772811888288 5.057933632251576e-06 16
1772811898115 5.120114522612656e-06 17
1772811907592 5.248855349505001e-06 18
