1772811731892 6.973034108178092e-06 1
1772811741021 6.712466345780676e-06 2
1772811750810 8.46728159224216e-06 3
1772811760300 7.322692733250467e-06 4
1772811776887 8.109647631488132e-06 5
1772811786199 7.313681786491414e-06 6
1772811796036 6.722023040065057e-06 7
1772811805788 7.302297431475239e-06 8
1772811815529 7.765096810945637e-06 9
1772811828842 9.012010958040086e-06 10
1772811837936 6.229183490872788e-06 11
1772811847074 6.402099814335398e-06 12
1772811856651 6.373861540063015e-06 13
1772811866097 6.318409300942351e-06 14
1772811878948 6.473546082791181e-06 15
1772811888288 6.694039233126395e-06 16
1772811898115 7.225577507779695e-06 17
1772811907592 7.090307409084028e-06 18
