1772811731893 1.5276527020277155e-05 1
1772811741021 1.5097354417408593e-05 2
1772811750810 1.9829927420315508e-05 3
1772811760301 1.647952846032429e-05 4
1772811776887 1.8398355744764856e-05 5
1772811786199 1.556237638287321e-05 6
1772811796036 1.4573669380613028e-05 7
1772811805789 1.6131603689930007e-05 8
1772811815530 1.7733307699211824e-05 9
1772811828843 1.9634352936511853e-05 10
1772811837937 1.41591059299628e-05 11
1772811847074 1.4572178804073082e-05 12
1772811856651 1.417683427612188e-05 13
1772811866097 1.4084451949755941e-05 14
1772811878948 1.461768271978034e-05 15
1772811888289 1.4791892854148598e-05 16
1772811898116 1.5834976543771148e-05 17
1772811907593 1.593043333964599e-05 18
