1772811731893 1.725127976265817e-05 1
1772811741021 1.734910064335967e-05 2
1772811750810 2.151398933201147e-05 3
1772811760301 1.8900747661508773e-05 4
1772811776887 2.125377744579771e-05 5
1772811786199 1.7944135209936386e-05 6
1772811796036 1.662585348381424e-05 7
1772811805788 1.7832177403252947e-05 8
1772811815529 1.990951969654027e-05 9
1772811828842 2.2966041830824113e-05 10
1772811837937 1.585883010187478e-05 11
1772811847074 1.6147476267821242e-05 12
1772811856651 1.6147752238145106e-05 13
1772811866097 1.636498085365882e-05 14
1772811878948 1.665113766758408e-05 15
1772811888288 1.683541501943873e-05 16
1772811898116 1.7941634129744432e-05 17
1772811907593 1.8296755131806046e-05 18
1772811917569 1.8103184284861208e-05 19
1772811931123 1.8449854643379462e-05 20
1772811948636 1.7702599952988183e-05 11
1772811958778 1.6181334420596023e-05 12
1772811969778 1.7084828676484848e-05 13
1772811979669 1.61075572326518e-05 14
1772811995449 1.684216762953826e-05 15
1772812005159 1.5458763893601125e-05 16
1772812015680 1.7164208856814337e-05 17
1772812025886 1.6674027402796317e-05 18
1772812036147 1.696247242540129e-05 19
