1772811731894 2.5137606042992043e-05 1
1772811741022 2.487659786585981e-05 2
1772811750811 3.2216619606114345e-05 3
1772811760301 2.8263707267217446e-05 4
1772811776888 3.099267349679493e-05 5
1772811786200 2.7609066292808387e-05 6
1772811796037 2.4312800606812278e-05 7
1772811805789 2.6369293548081463e-05 8
1772811815530 2.9750071828133087e-05 9
1772811828843 3.964311908256007e-05 10
1772811837937 2.3326884639811634e-05 11
1772811847075 2.3250199972691837e-05 12
1772811856652 2.4081466835294277e-05 13
1772811866098 2.353287596482079e-05 14
1772811878949 2.42016793176593e-05 15
1772811888289 2.4596880184593e-05 16
1772811898117 2.7509058049690123e-05 17
1772811907594 2.688928702265386e-05 18
1772811917570 2.7246545006714055e-05 19
1772811931124 2.7850304371745275e-05 20
1772811948637 2.5900247628396673e-05 11
1772811958778 2.337458176824422e-05 12
1772811969778 2.549732444141192e-05 13
1772811979669 2.3143790112405873e-05 14
1772811995449 2.427536789961929e-05 15
1772812005159 2.2315931285067687e-05 16
1772812015681 2.4939171730017857e-05 17
1772812025886 2.4536944371819277e-05 18
1772812036147 2.4344926731300297e-05 19
