1772812359870 7.521011866629124e-06 1
1772812369919 nan 2
1772812379466 nan 3
1772812388936 nan 4
1772812404622 nan 5
1772812414078 nan 6
1772812423643 nan 7
1772812433039 nan 8
1772812442524 nan 9
1772812455521 nan 10
1772812464973 nan 11
1772812474296 nan 12
1772812483651 nan 13
1772812493058 nan 14
1772812506018 nan 15
1772812515412 nan 16
1772812524810 nan 17
1772812534224 nan 18
1772812543563 nan 19
1772812556310 nan 20
1772812579210 6.999995093792677e-06 21
1772812589636 nan 22
1772812600192 nan 23
1772812610121 nan 24
1772812626207 nan 25
1772812636143 nan 26
1772812646131 nan 27
1772812656071 nan 28
1772812665943 nan 29
1772812679750 nan 30
1772812696762 7.208494935184717e-06 21
1772812706751 nan 22
1772812716663 nan 23
1772812726466 nan 24
1772812742268 nan 25
1772812752186 nan 26
1772812762164 nan 27
1772812772154 nan 28
1772812782021 nan 29
1772812795568 nan 30
1772812812410 7.333510438911617e-06 31
1772812822268 nan 32
1772812832104 nan 33
1772812841993 nan 34
1772812857768 nan 35
1772812867681 nan 36
1772812877551 nan 37
1772812887779 nan 38
1772812897996 nan 39
1772812911799 nan 40
1772812929428 7.375012501142919e-06 41
1772812939500 nan 42
1772812949642 nan 43
1772812959896 nan 44
1772812976115 nan 45
1772812986348 nan 46
1772812996599 nan 47
1772813006859 nan 48
1772813017097 nan 49
1772813030863 nan 50
1772813048133 8.603979949839413e-06 51
1772813058232 nan 52
1772813068391 nan 53
1772813078619 nan 54
1772813094552 nan 55
1772813104490 nan 56
1772813114621 nan 57
1772813124689 nan 58
1772813134649 nan 59
1772813148163 nan 60
1772813158096 nan 61
1772813168007 nan 62
1772813177903 nan 63
1772813187868 nan 64
1772813201327 nan 65
1772813211268 nan 66
1772813221355 nan 67
1772813231342 nan 68
1772813241316 nan 69
1772813254891 nan 70
1772813271228 1.0250500054098666e-05 71
1772813281229 nan 72
1772813291120 nan 73
1772813300977 nan 74
1772813316729 nan 75
1772813326644 nan 76
1772813336621 nan 77
1772813346557 nan 78
1772813356455 nan 79
1772813369977 nan 80
1772813386464 7.39550159778446e-06 81
1772813396406 nan 82
1772813406310 nan 83
1772813416181 nan 84
1772813431892 nan 85
1772813441879 nan 86
1772813451802 nan 87
1772813461846 nan 88
1772813471768 nan 89
1772813485229 nan 90
1772813495206 nan 91
1772813505091 nan 92
1772813515029 nan 93
1772813524994 nan 94
1772813537861 nan 95
1772813547166 nan 96
1772813556583 nan 97
1772813565865 nan 98
1772813575418 nan 99
1772813588433 nan 100
