1772812359871 6.260399823077023e-05 1
1772812369920 nan 2
1772812379467 nan 3
1772812388937 nan 4
1772812404623 nan 5
1772812414079 nan 6
1772812423644 nan 7
1772812433040 nan 8
1772812442525 nan 9
1772812455522 nan 10
1772812464974 nan 11
1772812474298 nan 12
1772812483652 nan 13
1772812493059 nan 14
1772812506019 nan 15
1772812515413 nan 16
1772812524811 nan 17
1772812534225 nan 18
1772812543564 nan 19
1772812556311 nan 20
1772812579211 4.731249646283686e-05 21
1772812589637 nan 22
1772812600193 nan 23
1772812610122 nan 24
1772812626208 nan 25
1772812636143 nan 26
1772812646132 nan 27
1772812656072 nan 28
1772812665944 nan 29
1772812679751 nan 30
1772812696763 5.041599797550589e-05 21
1772812706752 nan 22
1772812716664 nan 23
1772812726467 nan 24
1772812742269 nan 25
1772812752187 nan 26
1772812762165 nan 27
1772812772155 nan 28
1772812782022 nan 29
1772812795569 nan 30
1772812812411 5.2499992307275534e-05 31
1772812822269 nan 32
1772812832105 nan 33
1772812841994 nan 34
1772812857769 nan 35
1772812867682 nan 36
1772812877552 nan 37
1772812887780 nan 38
1772812897997 nan 39
1772812911800 nan 40
1772812929429 4.7959008952602744e-05 41
1772812939501 nan 42
1772812949643 nan 43
1772812959897 nan 44
1772812976116 nan 45
1772812986349 nan 46
1772812996600 nan 47
1772813006860 nan 48
1772813017098 nan 49
1772813030864 nan 50
1772813048134 6.068749644327909e-05 51
1772813058234 nan 52
1772813068392 nan 53
1772813078620 nan 54
1772813094553 nan 55
1772813104491 nan 56
1772813114622 nan 57
1772813124691 nan 58
1772813134651 nan 59
1772813148164 nan 60
1772813158097 nan 61
1772813168009 nan 62
1772813177904 nan 63
1772813187870 nan 64
1772813201328 nan 65
1772813211269 nan 66
1772813221356 nan 67
1772813231343 nan 68
1772813241318 nan 69
1772813254892 nan 70
1772813271229 5.470799806062132e-05 71
1772813281230 nan 72
1772813291121 nan 73
1772813300978 nan 74
1772813316730 nan 75
1772813326645 nan 76
1772813336622 nan 77
1772813346558 nan 78
1772813356456 nan 79
1772813369978 nan 80
1772813386465 5.877100920770317e-05 81
1772813396407 nan 82
1772813406311 nan 83
1772813416182 nan 84
1772813431893 nan 85
1772813441880 nan 86
1772813451803 nan 87
1772813461846 nan 88
1772813471769 nan 89
1772813485230 nan 90
1772813495207 nan 91
1772813505093 nan 92
1772813515030 nan 93
1772813524995 nan 94
1772813537861 nan 95
1772813547167 nan 96
1772813556584 nan 97
1772813565866 nan 98
1772813575419 nan 99
1772813588433 nan 100
