1772812360037 1.0 1
1772812370065 1.0 2
1772812379610 1.0 3
1772812389080 1.0 4
1772812404488 1.0 5
1772812413949 1.0 6
1772812423466 1.0 7
1772812432847 1.0 8
1772812442267 1.0 9
1772812455268 1.0 10
1772812464591 1.0 11
1772812474039 1.0 12
1772812483387 1.0 13
1772812492755 1.0 14
1772812505734 1.0 15
1772812515123 1.0 16
1772812524507 1.0 17
1772812533915 1.0 18
1772812543148 1.0 19
1772812556042 1.0 20
1772812572499 1.0 11
1772812582985 1.0 12
1772812593569 1.0 13
1772812603922 1.0 14
1772812619732 1.0 15
1772812629977 1.0 16
1772812639934 1.0 17
1772812649890 1.0 18
1772812659787 1.0 19
1772812673493 1.0 20
1772812683611 1.0 21
1772812693583 1.0 22
1772812703548 1.0 23
1772812713508 1.0 24
1772812726940 1.0 25
1772812736887 1.0 26
1772812746760 1.0 27
1772812756697 1.0 28
1772812766668 1.0 29
1772812780137 1.0 30
1772812790059 1.0 31
1772812799977 1.0 32
1772812809914 1.0 33
1772812819671 1.0 34
1772812833201 1.0 35
1772812843135 1.0 36
1772812852948 1.0 37
1772812862869 1.0 38
1772812872750 1.0 39
1772812886400 1.0 40
1772812896687 1.0 41
1772812906877 1.0 42
1772812917021 1.0 43
1772812927386 1.0 44
1772812941143 1.0 45
1772812951358 1.0 46
1772812961622 1.0 47
1772812971748 1.0 48
1772812981883 1.0 49
1772812995771 1.0 50
1772813006048 1.0 51
1772813016281 1.0 52
1772813026435 1.0 53
1772813036525 1.0 54
1772813050362 1.0 55
1772813060529 1.0 56
1772813070753 1.0 57
1772813080812 1.0 58
1772813090787 1.0 59
1772813104326 1.0 60
1772813114476 1.0 61
1772813124501 1.0 62
1772813134465 1.0 63
1772813144370 1.0 64
1772813157853 1.0 65
1772813167657 1.0 66
1772813177572 1.0 67
1772813187536 1.0 68
1772813197511 1.0 69
1772813210999 1.0 70
1772813221067 1.0 71
1772813230989 1.0 72
1772813240924 1.0 73
1772813250803 1.0 74
1772813264197 1.0 75
1772813274169 1.0 76
1772813284257 1.0 77
1772813294141 1.0 78
1772813304075 1.0 79
1772813317488 1.0 80
1772813327366 1.0 81
1772813337244 1.0 82
1772813347153 1.0 83
1772813357057 1.0 84
1772813370566 1.0 85
1772813380502 1.0 86
1772813390395 1.0 87
1772813400363 1.0 88
1772813410266 1.0 89
1772813423616 1.0 90
1772813433539 1.0 91
1772813443533 1.0 92
1772813453629 1.0 93
1772813463614 1.0 94
1772813477054 1.0 95
1772813487027 1.0 96
1772813496976 1.0 97
1772813506747 1.0 98
1772813516715 1.0 99
1772813530197 1.0 100
