1772812359880 7.111158424076273e-06 1
1772812369928 7.786600579200898e-06 2
1772812379480 7.257854033865415e-06 3
1772812388944 6.656787840890175e-06 4
1772812404632 6.594180705975498e-06 5
1772812414088 6.38166700992396e-06 6
1772812423651 6.0699047534882415e-06 7
1772812433048 6.140899594521804e-06 8
1772812442535 6.234494214457178e-06 9
1772812455529 6.3221575607140196e-06 10
1772812464982 6.146354149407911e-06 11
1772812474306 6.326008197841623e-06 12
1772812483660 6.033950510736179e-06 13
1772812493067 6.142600317305636e-06 14
1772812506027 6.258525608108571e-06 15
1772812515421 6.2101209814621495e-06 16
1772812524818 5.979639215655685e-06 17
1772812534233 6.378069238051309e-06 18
1772812543571 6.245731485709334e-06 19
1772812556319 6.244671643279711e-06 20
1772812579216 6.1788335030857495e-06 21
1772812589642 6.534655050256351e-06 22
1772812600197 6.648646612147712e-06 23
1772812610127 6.262993320053012e-06 24
1772812626213 6.452511279957925e-06 25
1772812636148 6.210642444124549e-06 26
1772812646136 6.22794064052533e-06 27
1772812656077 6.317093181598101e-06 28
1772812665949 6.080259010529502e-06 29
1772812679756 6.219965495799823e-06 30
1772812696768 6.138701627492427e-06 21
1772812706756 6.103756629118142e-06 22
1772812716669 6.237051172317251e-06 23
1772812726471 6.251600719598668e-06 24
1772812742274 6.51181219558177e-06 25
1772812752191 6.178092237608155e-06 26
1772812762170 6.244612337078654e-06 27
1772812772159 6.320092472987872e-06 28
1772812782027 6.465906621866283e-06 29
1772812795574 6.451699584421439e-06 30
1772812812416 6.045632168231153e-06 31
1772812822274 5.995334031309872e-06 32
1772812832109 6.155437479885811e-06 33
1772812841998 6.797831116615265e-06 34
1772812857774 6.316326861101545e-06 35
1772812867687 6.062863719967522e-06 36
1772812877557 6.0430004245331355e-06 37
1772812887785 6.006275482267129e-06 38
1772812898002 6.282978576532749e-06 39
1772812911804 6.179191014219829e-06 40
1772812929434 6.280983385509182e-06 41
1772812939506 6.500528705107596e-06 42
1772812949648 6.273631674312345e-06 43
1772812959902 6.534384288735648e-06 44
1772812976121 6.599697218353103e-06 45
1772812986354 6.405637740166202e-06 46
1772812996605 6.466218162922068e-06 47
1772813006865 6.473029025206797e-06 48
1772813017103 6.367943479289328e-06 49
1772813030869 6.659796018120121e-06 50
1772813048139 6.234969527460311e-06 51
1772813058238 6.33477854058701e-06 52
1772813068397 6.333675560223353e-06 53
1772813078625 6.540009882335959e-06 54
1772813094558 6.369741363872452e-06 55
1772813104497 6.204280235302224e-06 56
1772813114627 6.004277448867128e-06 57
1772813124696 6.086311069153484e-06 58
1772813134656 6.111212123683862e-06 59
1772813148169 6.062690277697451e-06 60
1772813158102 6.331530578871414e-06 61
1772813168013 6.0544816987947334e-06 62
1772813177909 6.071047923464234e-06 63
1772813187876 5.9919126879607075e-06 64
1772813201332 6.12696847032787e-06 65
1772813211274 6.266925204843425e-06 66
1772813221360 6.178195141208748e-06 67
1772813231349 6.199255215360436e-06 68
1772813241323 6.1314190655030235e-06 69
1772813254896 6.213137258703015e-06 70
1772813271233 6.055953176980879e-06 71
1772813281234 6.175712828917413e-06 72
1772813291126 5.9494636576054856e-06 73
1772813300983 6.133564116996391e-06 74
1772813316735 6.13814333654629e-06 75
1772813326650 6.346536985222896e-06 76
1772813336627 6.266320032204629e-06 77
1772813346563 6.493602485423273e-06 78
1772813356460 6.39485583455505e-06 79
1772813369982 6.304279024407185e-06 80
1772813386469 6.186265074159212e-06 81
1772813396412 6.203400065686128e-06 82
1772813406316 6.329487374508699e-06 83
1772813416187 6.147341550673676e-06 84
1772813431898 6.191260343062599e-06 85
1772813441885 6.198961985475842e-06 86
1772813451808 6.147383319550918e-06 87
1772813461851 6.326514489254836e-06 88
1772813471773 6.1546796585148785e-06 89
1772813485239 6.222806701949289e-06 90
1772813495212 6.338562812282467e-06 91
1772813505097 6.079592073089418e-06 92
1772813515035 6.1849447005529615e-06 93
1772813525000 6.293078720139042e-06 94
1772813537866 6.278079778948078e-06 95
1772813547172 5.743016121305419e-06 96
1772813556588 5.924487190032384e-06 97
1772813565870 5.83594056029652e-06 98
1772813575424 5.9357305082705e-06 99
1772813588438 6.313034216451158e-06 100
