1772812359881 1.5312754011886282e-05 1
1772812369929 1.6733916647860834e-05 2
1772812379480 1.547604543684454e-05 3
1772812388945 1.4515240549357976e-05 4
1772812404633 1.4274090205512154e-05 5
1772812414089 1.4515138296597104e-05 6
1772812423652 1.3496365391442723e-05 7
1772812433049 1.3359718225941491e-05 8
1772812442535 1.384263170472761e-05 9
1772812455530 1.3562025494665562e-05 10
1772812464983 1.3656503694700543e-05 11
1772812474306 1.3660195558304425e-05 12
1772812483660 1.342576183397258e-05 13
1772812493068 1.3609541562744658e-05 14
1772812506028 1.3637267706832718e-05 15
1772812515422 1.361368619947697e-05 16
1772812524819 1.3564964914782633e-05 17
1772812534233 1.3926981361723069e-05 18
1772812543572 1.3491784950588524e-05 19
1772812556320 1.359147708385735e-05 20
1772812579215 1.3795818007644447e-05 21
1772812589641 1.4395326114990144e-05 22
1772812600197 1.4521811098083092e-05 23
1772812610127 1.3727761177352391e-05 24
1772812626212 1.4295726595462641e-05 25
1772812636148 1.3893060813943898e-05 26
1772812646136 1.3787773511641487e-05 27
1772812656076 1.3845606201533255e-05 28
1772812665948 1.3646418702495748e-05 29
1772812679755 1.3824606348385931e-05 30
1772812696767 1.3728349382786843e-05 21
1772812706756 1.3523393954131902e-05 22
1772812716668 1.3746526272845576e-05 23
1772812726471 1.3701703927082558e-05 24
1772812742273 1.4377629870793369e-05 25
1772812752191 1.3762249731745879e-05 26
1772812762170 1.379618348693621e-05 27
1772812772159 1.3973942862051163e-05 28
1772812782026 1.400903392009493e-05 29
1772812795573 1.4277215892584249e-05 30
1772812812415 1.375263078234982e-05 31
1772812822273 1.3617472252082124e-05 32
1772812832109 1.3922880179120799e-05 33
1772812841998 1.5078346181764712e-05 34
1772812857773 1.4511321292935552e-05 35
1772812867687 1.390119575411589e-05 36
1772812877556 1.381962573157902e-05 37
1772812887785 1.375511028026741e-05 38
1772812898002 1.4064835323163637e-05 39
1772812911804 1.3776832851845921e-05 40
1772812929433 1.390726937305052e-05 41
1772812939505 1.4375652528060127e-05 42
1772812949647 1.3849699668010604e-05 43
1772812959901 1.419214968500539e-05 44
1772812976120 1.4343519339681328e-05 45
1772812986353 1.4022828283816711e-05 46
1772812996604 1.4003339524762105e-05 47
1772813006864 1.417234279265797e-05 48
1772813017103 1.4089689791500144e-05 49
1772813030868 1.4595068682035704e-05 50
1772813048138 1.3793291557657535e-05 51
1772813058238 1.3713840959259934e-05 52
1772813068397 1.394041721145981e-05 53
1772813078624 1.414359939176266e-05 54
1772813094558 1.4213252450540474e-05 55
1772813104496 1.3797010915013708e-05 56
1772813114626 1.3318578436206768e-05 57
1772813124695 1.3166296632506112e-05 58
1772813134656 1.3266104733948502e-05 59
1772813148168 1.3368149005448559e-05 60
1772813158101 1.377571896194631e-05 61
1772813168013 1.3186915958823344e-05 62
1772813177909 1.3271562874508229e-05 63
1772813187875 1.3210274290894245e-05 64
1772813201332 1.3546591140839992e-05 65
1772813211273 1.3800094573805686e-05 66
1772813221360 1.3812514030284357e-05 67
1772813231348 1.3403257925144733e-05 68
1772813241323 1.3583522062134264e-05 69
1772813254896 1.3579722687060462e-05 70
1772813271233 1.3631472634957137e-05 71
1772813281234 1.3913115090206844e-05 72
1772813291125 1.3618981825047151e-05 73
1772813300982 1.378923581456991e-05 74
1772813316735 1.4014611745992494e-05 75
1772813326649 1.4083633931768358e-05 76
1772813336626 1.4119917732198309e-05 77
1772813346562 1.455902339323017e-05 78
1772813356460 1.4314060553702058e-05 79
1772813369982 1.4519764810166385e-05 80
1772813386469 1.391268466872465e-05 81
1772813396411 1.3924005420086503e-05 82
1772813406316 1.4049869267052183e-05 83
1772813416186 1.3895472402309828e-05 84
1772813431897 1.3983562647206476e-05 85
1772813441884 1.404424904144908e-05 86
1772813451807 1.393941110781965e-05 87
1772813461851 1.4390121111391692e-05 88
1772813471773 1.3885552495865386e-05 89
1772813485239 1.4101721482022369e-05 90
1772813495211 1.4071510559330204e-05 91
1772813505097 1.3773675633354492e-05 92
1772813515035 1.41438592749118e-05 93
1772813524999 1.4242202591730288e-05 94
1772813537865 1.4135446693412644e-05 95
1772813547171 1.2981737891777926e-05 96
1772813556588 1.3570349176687202e-05 97
1772813565870 1.3269584193095164e-05 98
1772813575423 1.3636155397705337e-05 99
1772813588437 1.4308379227596699e-05 100
