1772812359880 5.103578094506776e-06 1
1772812369929 5.402076339801178e-06 2
1772812379480 5.479209511771127e-06 3
1772812388944 5.0602352775429e-06 4
1772812404632 5.005767642617587e-06 5
1772812414088 4.7744162265836275e-06 6
1772812423652 4.7056163366468065e-06 7
1772812433048 4.765355228583537e-06 8
1772812442535 4.710366287102083e-06 9
1772812455530 4.873738166705267e-06 10
1772812464983 4.7602189196103045e-06 11
1772812474306 4.783024446964235e-06 12
1772812483660 4.660732043060511e-06 13
1772812493068 4.731659503236354e-06 14
1772812506028 4.769759509729959e-06 15
1772812515421 4.75575734446347e-06 16
1772812524819 4.644085364013195e-06 17
1772812534233 4.899939259605713e-06 18
1772812543571 4.844231683793359e-06 19
1772812556319 4.807303597353593e-06 20
1772812579215 4.768143445356648e-06 21
1772812589641 4.932065004950805e-06 22
1772812600197 4.936832739805227e-06 23
1772812610127 4.840325982775184e-06 24
1772812626212 4.865390011187906e-06 25
1772812636148 4.78019938110586e-06 26
1772812646136 4.77735335275483e-06 27
1772812656076 4.805109236241872e-06 28
1772812665948 4.690700225598736e-06 29
1772812679756 4.733718933671537e-06 30
1772812696767 4.7626807810323175e-06 21
1772812706756 4.747238208408548e-06 22
1772812716668 4.851333480508779e-06 23
1772812726471 4.841086522990476e-06 24
1772812742274 4.925710193282751e-06 25
1772812752191 4.819753675694835e-06 26
1772812762170 4.816139860611353e-06 27
1772812772159 4.843890412137178e-06 28
1772812782026 4.928913816116189e-06 29
1772812795573 4.862829027603802e-06 30
1772812812415 4.756095538942826e-06 31
1772812822273 4.78985697559833e-06 32
1772812832109 4.822165793388065e-06 33
1772812841998 5.0784073934007715e-06 34
1772812857773 5.0341688800638356e-06 35
1772812867687 4.774426292604743e-06 36
1772812877556 4.803532853767654e-06 37
1772812887785 4.768141109866416e-06 38
1772812898002 4.8951738740476465e-06 39
1772812911804 4.811435498321592e-06 40
1772812929434 4.813833255454706e-06 41
1772812939505 4.997845693156084e-06 42
1772812949648 4.8144408075894e-06 43
1772812959902 4.968465882977884e-06 44
1772812976120 5.036693356753074e-06 45
1772812986353 4.888470733066374e-06 46
1772812996604 4.965568648801945e-06 47
1772813006865 4.96604954571798e-06 48
1772813017103 4.8675281585611376e-06 49
1772813030869 4.980183392041243e-06 50
1772813048139 4.780980935279048e-06 51
1772813058238 4.885206652620319e-06 52
1772813068397 4.850191389648947e-06 53
1772813078624 4.891649099803712e-06 54
1772813094558 4.8224236748829386e-06 55
1772813104496 4.768179412844364e-06 56
1772813114627 4.723027741407655e-06 57
1772813124696 4.709305634311031e-06 58
1772813134656 4.729999165722607e-06 59
1772813148168 4.715319683701815e-06 60
1772813158101 4.9359045720165744e-06 61
1772813168013 4.691676740029535e-06 62
1772813177909 4.657164609050015e-06 63
1772813187875 4.698523133761386e-06 64
1772813201332 4.756278871673958e-06 65
1772813211274 4.82982903235213e-06 66
1772813221360 4.731782069469385e-06 67
1772813231349 4.8315220933728425e-06 68
1772813241323 4.7539250437733926e-06 69
1772813254896 4.838612613405064e-06 70
1772813271233 4.698881606700877e-06 71
1772813281234 4.906342864511442e-06 72
1772813291125 4.7082607477546245e-06 73
1772813300983 4.84610874870137e-06 74
1772813316735 4.834124314133148e-06 75
1772813326649 4.905900825044717e-06 76
1772813336627 4.965978637153537e-06 77
1772813346562 4.9975231038979545e-06 78
1772813356460 5.023038781061486e-06 79
1772813369982 4.871943543784887e-06 80
1772813386469 4.794107227863521e-06 81
1772813396411 4.815433020460033e-06 82
1772813406316 4.850007710909306e-06 83
1772813416186 4.779142044940695e-06 84
1772813431897 4.802577705312278e-06 85
1772813441884 4.781133021033652e-06 86
1772813451807 4.820832880264305e-06 87
1772813461851 4.8448658952298064e-06 88
1772813471773 4.818755842252048e-06 89
1772813485239 4.8604200771835545e-06 90
1772813495211 4.888514666216027e-06 91
1772813505097 4.714665918258737e-06 92
1772813515035 4.802420715306466e-06 93
1772813524999 4.882644312783319e-06 94
1772813537866 4.890723701717348e-06 95
1772813547172 4.501826786343883e-06 96
1772813556588 4.65944713961138e-06 97
1772813565870 4.597292907909648e-06 98
1772813575423 4.642685602248875e-06 99
1772813588438 4.760823993021859e-06 100
