1772812359880 1.7465036658816783e-05 1
1772812369929 1.9072362971566394e-05 2
1772812379480 1.7865833971412178e-05 3
1772812388944 1.709129244677735e-05 4
1772812404632 1.6272158006143152e-05 5
1772812414088 1.5490481072920106e-05 6
1772812423652 1.5438581014945916e-05 7
1772812433049 1.5472795483700013e-05 8
1772812442535 1.5479144089530345e-05 9
1772812455530 1.583190128050533e-05 10
1772812464983 1.5421179111831578e-05 11
1772812474306 1.563748315891839e-05 12
1772812483660 1.5203014494431947e-05 13
1772812493068 1.5551614342086975e-05 14
1772812506028 1.6098022445219153e-05 15
1772812515422 1.550974495722088e-05 16
1772812524819 1.5209552176009414e-05 17
1772812534233 1.5983808351631935e-05 18
1772812543572 1.574539486158425e-05 19
1772812556319 1.5710861594389107e-05 20
1772812579216 1.6077877836661708e-05 21
1772812589642 1.6864729241945875e-05 22
1772812600198 1.6748683248609694e-05 23
1772812610128 1.5964332494640465e-05 24
1772812626213 1.6172041485215186e-05 25
1772812636149 1.5614134533515753e-05 26
1772812646137 1.566161775173276e-05 27
1772812656077 1.599025491687238e-05 28
1772812665949 1.5681545939763518e-05 29
1772812679756 1.571088098912291e-05 30
1772812696768 1.5977566013518376e-05 21
1772812706757 1.5591305001404606e-05 22
1772812716669 1.6189866484369014e-05 23
1772812726472 1.583686508707978e-05 24
1772812742274 1.6480742041783716e-05 25
1772812752192 1.58140220705107e-05 26
1772812762171 1.5634817178779393e-05 27
1772812772160 1.5952667778387178e-05 28
1772812782027 1.6095666929682657e-05 29
1772812795574 1.6074648936513574e-05 30
1772812812416 1.5841954036604152e-05 31
1772812822274 1.5743931549633637e-05 32
1772812832109 1.6057654888774712e-05 33
1772812841999 1.7151533426924538e-05 34
1772812857774 1.6305317888932473e-05 35
1772812867688 1.5583290795467028e-05 36
1772812877557 1.5664295783676033e-05 37
1772812887786 1.5744291143668443e-05 38
1772812898003 1.5819996222224396e-05 39
1772812911805 1.586854474190949e-05 40
1772812929434 1.5799830029120267e-05 41
1772812939506 1.6212265581641358e-05 42
1772812949648 1.579729159593014e-05 43
1772812959902 1.605068262408917e-05 44
1772812976121 1.632663913403465e-05 45
1772812986354 1.6060099385302233e-05 46
1772812996605 1.5960810384048152e-05 47
1772813006866 1.6173581112850672e-05 48
1772813017104 1.6011232411437446e-05 49
1772813030869 1.640748842791853e-05 50
1772813048139 1.6052824726354607e-05 51
1772813058239 1.6277958816833133e-05 52
1772813068398 1.6124045467349205e-05 53
1772813078625 1.6206905855268983e-05 54
1772813094559 1.5793928261680486e-05 55
1772813104497 1.5711149358238413e-05 56
1772813114627 1.536965507527835e-05 57
1772813124696 1.509842551322168e-05 58
1772813134657 1.525479246940678e-05 59
1772813148169 1.5198761948698459e-05 60
1772813158102 1.6474606422845525e-05 61
1772813168014 1.5072397664300554e-05 62
1772813177910 1.518228910132517e-05 63
1772813187876 1.5416250294791694e-05 64
1772813201333 1.5641670581672027e-05 65
1772813211275 1.5700940295807724e-05 66
1772813221361 1.5834269694188454e-05 67
1772813231349 1.5440118011149295e-05 68
1772813241324 1.5410247642789443e-05 69
1772813254897 1.5846580852448934e-05 70
1772813271234 1.5703817630616575e-05 71
1772813281235 1.6071119099919735e-05 72
1772813291126 1.568329725694104e-05 73
1772813300983 1.593133204646947e-05 74
1772813316736 1.5876702147089686e-05 75
1772813326651 1.6466866472019373e-05 76
1772813336627 1.661803388947829e-05 77
1772813346563 1.6918967851626246e-05 78
1772813356461 1.6712878546073468e-05 79
1772813369983 1.6304917239534775e-05 80
1772813386470 1.5613005786335486e-05 81
1772813396412 1.5531335818704344e-05 82
1772813406317 1.606645990121906e-05 83
1772813416187 1.5562364554423288e-05 84
1772813431898 1.5516461901022732e-05 85
1772813441885 1.5785592381081375e-05 86
1772813451808 1.545238480128548e-05 87
1772813461852 1.612346367884032e-05 88
1772813471778 1.5498506400617043e-05 89
1772813485240 1.5710473066970346e-05 90
1772813495212 1.5924465157879563e-05 91
1772813505098 1.5482182248401346e-05 92
1772813515036 1.5679964966170564e-05 93
1772813525000 1.5995748059201113e-05 94
1772813537866 1.578448020537487e-05 95
1772813547172 1.4546948203376134e-05 96
1772813556589 1.5089786867154148e-05 97
1772813565871 1.4890864958768612e-05 98
1772813575424 1.4805045852373796e-05 99
1772813588438 1.5778487637318465e-05 100
