1772812359879 2.552629831754629e-05 1
1772812369928 2.8962539264201715e-05 2
1772812379479 2.666534706138935e-05 3
1772812388944 2.444822155648228e-05 4
1772812404631 2.345242039163463e-05 5
1772812414087 2.2228159573183454e-05 6
1772812423651 2.2117518143248147e-05 7
1772812433048 2.221618499705803e-05 8
1772812442534 2.264579149565104e-05 9
1772812455529 2.2751414034179194e-05 10
1772812464982 2.1796609999431696e-05 11
1772812474305 2.256130786813323e-05 12
1772812483659 2.176904122612927e-05 13
1772812493067 2.2694727266898732e-05 14
1772812506027 2.314766940019384e-05 15
1772812515421 2.2243416307017712e-05 16
1772812524818 2.1703938588507505e-05 17
1772812534232 2.2584422543392222e-05 18
1772812543571 2.2331563962807457e-05 19
1772812556318 2.2598766056446196e-05 20
1772812579217 2.266313417629215e-05 21
1772812589643 2.419075653070149e-05 22
1772812600198 2.3630907959213384e-05 23
1772812610128 2.3370638446843666e-05 24
1772812626213 2.317964181110996e-05 25
1772812636149 2.2473848876596775e-05 26
1772812646137 2.2490661036978217e-05 27
1772812656078 2.2991589772444122e-05 28
1772812665950 2.259714807596627e-05 29
1772812679757 2.2673944393125033e-05 30
1772812696768 2.2847412461752476e-05 21
1772812706757 2.262236976153402e-05 22
1772812716669 2.3307238924264737e-05 23
1772812726472 2.2929668328817815e-05 24
1772812742275 2.351741557808944e-05 25
1772812752192 2.287030174722258e-05 26
1772812762171 2.2589680643816526e-05 27
1772812772160 2.3062591288701216e-05 28
1772812782027 2.2894208850463966e-05 29
1772812795574 2.2979675954898403e-05 30
1772812812416 2.3200184669370797e-05 31
1772812822274 2.2888537497050633e-05 32
1772812832110 2.3506060678153177e-05 33
1772812841999 2.4532480616989042e-05 34
1772812857774 2.295982270118771e-05 35
1772812867688 2.2702443527067406e-05 36
1772812877557 2.2368328310719546e-05 37
1772812887786 2.2903706963353633e-05 38
1772812898003 2.3161607125348697e-05 39
1772812911805 2.2956201727547534e-05 40
1772812929434 2.3054282457259127e-05 41
1772812939507 2.3786171612538357e-05 42
1772812949649 2.3195194557761558e-05 43
1772812959903 2.3689179734177048e-05 44
1772812976121 2.411011222529762e-05 45
1772812986354 2.3532370234010446e-05 46
1772812996605 2.327914852800606e-05 47
1772813006866 2.350758569985734e-05 48
1772813017104 2.325120520146022e-05 49
1772813030870 2.382053842725652e-05 50
1772813048140 2.333161376255285e-05 51
1772813058239 2.331813172190296e-05 52
1772813068398 2.386175872263147e-05 53
1772813078625 2.3987012096636073e-05 54
1772813094559 2.2702622596865658e-05 55
1772813104497 2.2670743017327594e-05 56
1772813114628 2.197320213807758e-05 57
1772813124697 2.2269968242902006e-05 58
1772813134657 2.237764408950844e-05 59
1772813148170 2.208849948899138e-05 60
1772813158102 2.3579757015484524e-05 61
1772813168014 2.1652915696893557e-05 62
1772813177910 2.2065122988863735e-05 63
1772813187877 2.2488844231779366e-05 64
1772813201333 2.2698204427607853e-05 65
1772813211275 2.300483271688624e-05 66
1772813221361 2.298189426220655e-05 67
1772813231350 2.2452401186550267e-05 68
1772813241324 2.265330750310458e-05 69
1772813254897 2.2902030976009415e-05 70
1772813271234 2.2390908870319324e-05 71
1772813281235 2.3191576171546477e-05 72
1772813291126 2.2517663998561112e-05 73
1772813300984 2.2646195467366068e-05 74
1772813316736 2.2780636259631016e-05 75
1772813326651 2.3922647074521405e-05 76
1772813336628 2.3758963032281618e-05 77
1772813346563 2.4698280412246235e-05 78
1772813356461 2.389363241773243e-05 79
1772813369983 2.370621972159104e-05 80
1772813386470 2.2489441988126235e-05 81
1772813396412 2.23744928403138e-05 82
1772813406317 2.3025444518283203e-05 83
1772813416187 2.2464273944760567e-05 84
1772813431898 2.248912030167211e-05 85
1772813441885 2.2768692936855088e-05 86
1772813451808 2.2124797498718797e-05 87
1772813461852 2.3446920959681216e-05 88
1772813471778 2.212750253430001e-05 89
1772813485240 2.2254094510808766e-05 90
1772813495212 2.316583593522803e-05 91
1772813505098 2.2356354488964008e-05 92
1772813515036 2.267354376011505e-05 93
1772813525001 2.3098937252270323e-05 94
1772813537867 2.2820581326700873e-05 95
1772813547173 2.079742220573173e-05 96
1772813556589 2.1852096949868435e-05 97
1772813565871 2.194673021230098e-05 98
1772813575425 2.1260537745641584e-05 99
1772813588439 2.2879615143894504e-05 100
