1772811731889 31729.77087533426 1
1772811741018 52875.138317839774 2
1772811750807 49363.79794449317 3
1772811760297 50714.55062006765 4
1772811776884 48535.574501107876 5
1772811786196 30240.294942315813 6
1772811796033 49054.75535271335 7
1772811805785 49741.95158530997 8
1772811815526 49277.469013500515 9
1772811828839 49642.06200944731 10
1772811837933 37953.33977808254 11
1772811847071 52788.58909081346 12
1772811856647 50343.110946429 13
1772811866094 51035.698824369705 14
1772811878945 52034.51270010785 15
1772811888284 37334.12702201449 16
1772811898112 49182.168404717326 17
1772811907589 50820.23272829746 18
1772811917565 48428.83087753735 19
1772811931120 49143.162369177946 20
1772811948632 49688.30675401026 11
1772811958773 47624.1991083766 12
1772811969773 43742.008617067746 13
1772811979665 48760.26808118837 14
1772811995445 48409.389885041885 15
1772812005154 31046.46553300844 16
1772812015676 46039.88976071692 17
1772812025881 47213.908353702005 18
1772812036142 46971.78609714255 19
