1772811731889 31729.770265158088 1
1772811741018 39663.543813056756 2
1772811750807 42443.46002607027 3
1772811760298 44247.01404354923 4
1772811776884 45042.28091898182 5
1772811786196 41643.607888226936 6
1772811796033 42561.79272341917 7
1772811805785 43343.35152021152 8
1772811815526 43930.67513566142 9
1772811828839 44441.5827690265 10
1772811837934 43761.01465671319 11
1772811847071 44393.34159277729 12
1772811856647 44799.93344379674 13
1772811866094 45194.05857088729 14
1772811878945 45593.4031542137 15
1772811888284 44971.24372557658 16
1772811898112 45198.6432521502 17
1772811907589 45477.83596501524 18
1772811917566 45623.940436286124 19
1772811931121 45787.65640821815 20
1772811948632 49688.30525767206 11
1772811958773 48630.80289360534 12
1772811969774 46881.943248850876 13
1772811979665 47336.531306025114 14
1772811995445 47546.41646191801 15
1772812005154 43676.3225513126 16
1772812015676 43998.48407985191 17
1772812025881 44375.52382147756 18
1772812036142 44649.30029644866 19
