1772812359921 0.0 1
1772812369964 0.0 2
1772812379511 0.0 3
1772812388983 0.0 4
1772812404399 0.0 5
1772812413853 0.0 6
1772812423374 0.0 7
1772812432751 0.0 8
1772812442171 0.0 9
1772812455180 0.0 10
1772812464495 0.0 11
1772812473946 0.0 12
1772812483292 0.0 13
1772812492660 0.0 14
1772812505641 0.0 15
1772812515028 0.0 16
1772812524415 0.0 17
1772812533821 0.0 18
1772812543056 0.0 19
1772812555937 0.0 20
1772812572402 0.0 11
1772812582883 0.0 12
1772812593460 0.0 13
1772812603826 0.0 14
1772812619641 0.0 15
1772812629881 0.0 16
1772812639842 0.0 17
1772812649794 0.0 18
1772812659698 0.0 19
1772812673395 0.0 20
1772812683519 0.0 21
1772812693491 0.0 22
1772812703452 0.0 23
1772812713415 0.0 24
1772812726840 0.0 25
1772812736796 0.0 26
1772812746669 0.0 27
1772812756603 0.0 28
1772812766573 0.0 29
1772812780030 0.0 30
1772812789965 0.0 31
1772812799883 0.0 32
1772812809818 0.0 33
1772812819578 0.0 34
1772812833108 0.0 35
1772812843038 0.0 36
1772812852853 0.0 37
1772812862776 0.0 38
1772812872654 0.0 39
1772812886279 0.0 40
1772812896593 0.0 41
1772812906787 0.0 42
1772812916902 0.0 43
1772812927289 0.0 44
1772812941057 0.0 45
1772812951263 0.0 46
1772812961533 0.0 47
1772812971662 0.0 48
1772812981791 0.0 49
1772812995664 0.0 50
1772813005955 0.0 51
1772813016188 0.0 52
1772813026341 0.0 53
1772813036433 0.0 54
1772813050265 0.0 55
1772813060436 0.0 56
1772813070657 0.0 57
1772813080721 0.0 58
1772813090700 0.0 59
1772813104223 0.0 60
1772813114191 0.0 61
1772813124408 0.0 62
1772813134370 0.0 63
1772813144272 0.0 64
1772813157761 0.0 65
1772813167562 0.0 66
1772813177457 0.0 67
1772813187441 0.0 68
1772813197416 0.0 69
1772813210903 0.0 70
1772813220973 0.0 71
1772813230897 0.0 72
1772813240830 0.0 73
1772813250711 0.0 74
1772813264106 0.0 75
1772813274075 0.0 76
1772813284165 0.0 77
1772813294048 0.0 78
1772813303983 0.0 79
1772813317378 0.0 80
1772813327272 0.0 81
1772813337145 0.0 82
1772813347060 0.0 83
1772813356959 0.0 84
1772813370470 0.0 85
1772813380408 0.0 86
1772813390304 0.0 87
1772813400268 0.0 88
1772813410175 0.0 89
1772813423511 0.0 90
1772813433450 0.0 91
1772813443445 0.0 92
1772813453536 0.0 93
1772813463516 0.0 94
1772813476961 0.0 95
1772813486932 0.0 96
1772813496884 0.0 97
1772813506654 0.0 98
1772813516619 0.0 99
1772813530106 1.0 100
