1772812359924 1.0 1
1772812369966 2.0 2
1772812379514 3.0 3
1772812388985 4.0 4
1772812404401 5.0 5
1772812413855 6.0 6
1772812423376 7.0 7
1772812432753 8.0 8
1772812442174 9.0 9
1772812455182 10.0 10
1772812464497 11.0 11
1772812473948 12.0 12
1772812483294 13.0 13
1772812492663 14.0 14
1772812505643 15.0 15
1772812515031 16.0 16
1772812524417 17.0 17
1772812533823 18.0 18
1772812543059 19.0 19
1772812555939 20.0 20
1772812572404 1.0 11
1772812582886 2.0 12
1772812593462 3.0 13
1772812603828 4.0 14
1772812619643 5.0 15
1772812629883 6.0 16
1772812639844 7.0 17
1772812649796 8.0 18
1772812659700 9.0 19
1772812673397 10.0 20
1772812683521 11.0 21
1772812693493 12.0 22
1772812703454 13.0 23
1772812713417 14.0 24
1772812726842 15.0 25
1772812736798 16.0 26
1772812746672 17.0 27
1772812756605 18.0 28
1772812766576 19.0 29
1772812780033 20.0 30
1772812789968 21.0 31
1772812799886 22.0 32
1772812809820 23.0 33
1772812819581 24.0 34
1772812833110 25.0 35
1772812843041 26.0 36
1772812852855 27.0 37
1772812862778 28.0 38
1772812872657 29.0 39
1772812886282 30.0 40
1772812896595 31.0 41
1772812906789 32.0 42
1772812916906 33.0 43
1772812927291 34.0 44
1772812941059 35.0 45
1772812951265 36.0 46
1772812961535 37.0 47
1772812971664 38.0 48
1772812981793 39.0 49
1772812995667 40.0 50
1772813005957 41.0 51
1772813016190 42.0 52
1772813026343 43.0 53
1772813036435 44.0 54
1772813050268 45.0 55
1772813060439 46.0 56
1772813070659 47.0 57
1772813080723 48.0 58
1772813090702 49.0 59
1772813104225 50.0 60
1772813114193 51.0 61
1772813124410 52.0 62
1772813134372 53.0 63
1772813144274 54.0 64
1772813157763 55.0 65
1772813167565 56.0 66
1772813177459 57.0 67
1772813187443 58.0 68
1772813197419 59.0 69
1772813210906 60.0 70
1772813220975 61.0 71
1772813230899 62.0 72
1772813240833 63.0 73
1772813250713 64.0 74
1772813264108 65.0 75
1772813274077 66.0 76
1772813284167 67.0 77
1772813294050 68.0 78
1772813303985 69.0 79
1772813317380 70.0 80
1772813327274 71.0 81
1772813337147 72.0 82
1772813347062 73.0 83
1772813356961 74.0 84
1772813370472 75.0 85
1772813380410 76.0 86
1772813390306 77.0 87
1772813400270 78.0 88
1772813410177 79.0 89
1772813423513 80.0 90
1772813433452 81.0 91
1772813443447 82.0 92
1772813453538 83.0 93
1772813463518 84.0 94
1772813476963 85.0 95
1772813486934 86.0 96
1772813496886 87.0 97
1772813506656 88.0 98
1772813516621 89.0 99
1772813530108 90.0 100
