1772812359921 4000.0 1
1772812369964 8000.0 2
1772812379511 12000.0 3
1772812388983 16000.0 4
1772812404399 20000.0 5
1772812413852 24000.0 6
1772812423373 28000.0 7
1772812432751 32000.0 8
1772812442171 36000.0 9
1772812455179 40000.0 10
1772812464495 44000.0 11
1772812473945 48000.0 12
1772812483291 52000.0 13
1772812492660 56000.0 14
1772812505641 60000.0 15
1772812515028 64000.0 16
1772812524414 68000.0 17
1772812533821 72000.0 18
1772812543056 76000.0 19
1772812555937 80000.0 20
1772812572401 44000.0 11
1772812582883 48000.0 12
1772812593460 52000.0 13
1772812603826 56000.0 14
1772812619640 60000.0 15
1772812629881 64000.0 16
1772812639842 68000.0 17
1772812649793 72000.0 18
1772812659698 76000.0 19
1772812673395 80000.0 20
1772812683519 84000.0 21
1772812693491 88000.0 22
1772812703451 92000.0 23
1772812713414 96000.0 24
1772812726840 100000.0 25
1772812736796 104000.0 26
1772812746669 108000.0 27
1772812756603 112000.0 28
1772812766572 116000.0 29
1772812780030 120000.0 30
1772812789965 124000.0 31
1772812799883 128000.0 32
1772812809818 132000.0 33
1772812819578 136000.0 34
1772812833108 140000.0 35
1772812843038 144000.0 36
1772812852852 148000.0 37
1772812862775 152000.0 38
1772812872654 156000.0 39
1772812886278 160000.0 40
1772812896592 164000.0 41
1772812906786 168000.0 42
1772812916902 172000.0 43
1772812927288 176000.0 44
1772812941057 180000.0 45
1772812951262 184000.0 46
1772812961533 188000.0 47
1772812971662 192000.0 48
1772812981791 196000.0 49
1772812995664 200000.0 50
1772813005954 204000.0 51
1772813016187 208000.0 52
1772813026341 212000.0 53
1772813036433 216000.0 54
1772813050265 220000.0 55
1772813060436 224000.0 56
1772813070657 228000.0 57
1772813080720 232000.0 58
1772813090700 236000.0 59
1772813104223 240000.0 60
1772813114190 244000.0 61
1772813124408 248000.0 62
1772813134370 252000.0 63
1772813144272 256000.0 64
1772813157761 260000.0 65
1772813167561 264000.0 66
1772813177457 268000.0 67
1772813187441 272000.0 68
1772813197416 276000.0 69
1772813210903 280000.0 70
1772813220972 284000.0 71
1772813230897 288000.0 72
1772813240830 292000.0 73
1772813250711 296000.0 74
1772813264106 300000.0 75
1772813274075 304000.0 76
1772813284165 308000.0 77
1772813294048 312000.0 78
1772813303983 316000.0 79
1772813317378 320000.0 80
1772813327271 324000.0 81
1772813337145 328000.0 82
1772813347060 332000.0 83
1772813356959 336000.0 84
1772813370470 340000.0 85
1772813380407 344000.0 86
1772813390304 348000.0 87
1772813400267 352000.0 88
1772813410175 356000.0 89
1772813423510 360000.0 90
1772813433450 364000.0 91
1772813443444 368000.0 92
1772813453535 372000.0 93
1772813463516 376000.0 94
1772813476961 380000.0 95
1772813486931 384000.0 96
1772813496884 388000.0 97
1772813506654 392000.0 98
1772813516618 396000.0 99
1772813530105 400000.0 100
