1772812359920 1.0 1
1772812369963 1.0 2
1772812379511 1.0 3
1772812388982 1.0 4
1772812404398 1.0 5
1772812413852 1.0 6
1772812423373 1.0 7
1772812432750 1.0 8
1772812442170 1.0 9
1772812455179 1.0 10
1772812464494 1.0 11
1772812473945 1.0 12
1772812483291 1.0 13
1772812492659 1.0 14
1772812505641 1.0 15
1772812515028 1.0 16
1772812524414 1.0 17
1772812533820 1.0 18
1772812543056 1.0 19
1772812555936 1.0 20
1772812572401 1.0 11
1772812582883 1.0 12
1772812593459 1.0 13
1772812603825 1.0 14
1772812619640 1.0 15
1772812629880 1.0 16
1772812639842 1.0 17
1772812649793 1.0 18
1772812659697 1.0 19
1772812673395 1.0 20
1772812683518 1.0 21
1772812693491 1.0 22
1772812703451 1.0 23
1772812713414 1.0 24
1772812726839 1.0 25
1772812736795 1.0 26
1772812746669 1.0 27
1772812756602 1.0 28
1772812766572 1.0 29
1772812780030 1.0 30
1772812789965 1.0 31
1772812799883 1.0 32
1772812809817 1.0 33
1772812819578 1.0 34
1772812833108 1.0 35
1772812843037 1.0 36
1772812852852 1.0 37
1772812862775 1.0 38
1772812872654 1.0 39
1772812886277 1.0 40
1772812896592 1.0 41
1772812906786 1.0 42
1772812916901 1.0 43
1772812927288 1.0 44
1772812941057 1.0 45
1772812951262 1.0 46
1772812961533 1.0 47
1772812971661 1.0 48
1772812981790 1.0 49
1772812995663 1.0 50
1772813005954 1.0 51
1772813016187 1.0 52
1772813026340 1.0 53
1772813036433 1.0 54
1772813050265 1.0 55
1772813060436 1.0 56
1772813070656 1.0 57
1772813080720 1.0 58
1772813090699 1.0 59
1772813104222 1.0 60
1772813114190 1.0 61
1772813124407 1.0 62
1772813134369 1.0 63
1772813144271 1.0 64
1772813157760 1.0 65
1772813167561 1.0 66
1772813177456 1.0 67
1772813187441 1.0 68
1772813197416 1.0 69
1772813210902 1.0 70
1772813220972 1.0 71
1772813230897 1.0 72
1772813240830 1.0 73
1772813250711 1.0 74
1772813264105 1.0 75
1772813274074 1.0 76
1772813284164 1.0 77
1772813294048 1.0 78
1772813303983 1.0 79
1772813317378 1.0 80
1772813327271 1.0 81
1772813337144 1.0 82
1772813347060 1.0 83
1772813356958 1.0 84
1772813370470 1.0 85
1772813380407 1.0 86
1772813390304 1.0 87
1772813400267 1.0 88
1772813410175 1.0 89
1772813423510 1.0 90
1772813433449 1.0 91
1772813443444 1.0 92
1772813453535 1.0 93
1772813463515 1.0 94
1772813476961 1.0 95
1772813486931 1.0 96
1772813496883 1.0 97
1772813506653 1.0 98
1772813516618 1.0 99
1772813530105 1.0 100
