1772812359923 33382.0 1
1772812369966 33382.0 2
1772812379513 33382.0 3
1772812388985 33382.0 4
1772812404400 33382.0 5
1772812413854 33382.0 6
1772812423375 33382.0 7
1772812432753 33382.0 8
1772812442173 33382.0 9
1772812455181 33382.0 10
1772812464497 33382.0 11
1772812473948 33382.0 12
1772812483294 33382.0 13
1772812492662 33382.0 14
1772812505643 33382.0 15
1772812515030 33382.0 16
1772812524416 33382.0 17
1772812533823 33382.0 18
1772812543058 33382.0 19
1772812555939 33382.0 20
1772812572403 33811.0 11
1772812582885 33811.0 12
1772812593462 33811.0 13
1772812603827 33811.0 14
1772812619642 33811.0 15
1772812629882 33811.0 16
1772812639844 33811.0 17
1772812649795 33811.0 18
1772812659700 33811.0 19
1772812673397 33811.0 20
1772812683521 33811.0 21
1772812693493 33811.0 22
1772812703453 33811.0 23
1772812713417 33811.0 24
1772812726842 33811.0 25
1772812736797 33811.0 26
1772812746671 33811.0 27
1772812756605 33811.0 28
1772812766575 33811.0 29
1772812780032 33811.0 30
1772812789967 33811.0 31
1772812799885 33811.0 32
1772812809820 33811.0 33
1772812819581 33811.0 34
1772812833110 33811.0 35
1772812843040 33811.0 36
1772812852854 33811.0 37
1772812862778 33811.0 38
1772812872656 33811.0 39
1772812886281 33811.0 40
1772812896594 33811.0 41
1772812906788 33811.0 42
1772812916905 33811.0 43
1772812927290 33811.0 44
1772812941059 33811.0 45
1772812951264 33811.0 46
1772812961535 33811.0 47
1772812971664 33811.0 48
1772812981792 33811.0 49
1772812995666 33811.0 50
1772813005956 33811.0 51
1772813016189 33811.0 52
1772813026343 33811.0 53
1772813036435 33811.0 54
1772813050267 33811.0 55
1772813060438 33811.0 56
1772813070659 33811.0 57
1772813080722 33811.0 58
1772813090702 33811.0 59
1772813104225 33811.0 60
1772813114192 33811.0 61
1772813124409 33811.0 62
1772813134372 33811.0 63
1772813144274 33811.0 64
1772813157762 33811.0 65
1772813167564 33811.0 66
1772813177459 33811.0 67
1772813187443 33811.0 68
1772813197418 33811.0 69
1772813210905 33811.0 70
1772813220974 33811.0 71
1772813230899 33811.0 72
1772813240832 33811.0 73
1772813250713 33811.0 74
1772813264108 33811.0 75
1772813274077 33811.0 76
1772813284167 33811.0 77
1772813294050 33811.0 78
1772813303985 33811.0 79
1772813317380 33811.0 80
1772813327273 33811.0 81
1772813337146 33811.0 82
1772813347062 33811.0 83
1772813356960 33811.0 84
1772813370472 33811.0 85
1772813380409 33811.0 86
1772813390306 33811.0 87
1772813400269 33811.0 88
1772813410177 33811.0 89
1772813423512 33811.0 90
1772813433452 33811.0 91
1772813443446 33811.0 92
1772813453537 33811.0 93
1772813463518 33811.0 94
1772813476963 33811.0 95
1772813486933 33811.0 96
1772813496885 33811.0 97
1772813506656 33811.0 98
1772813516620 33811.0 99
1772813530107 33811.0 100
