1772812359924 9.516699314117432 1
1772812369966 19.389299392700195 2
1772812379513 28.795162200927734 3
1772812388985 38.12794613838196 4
1772812404401 47.322665214538574 5
1772812413855 56.640016078948975 6
1772812423376 66.01343822479248 7
1772812432753 75.24807214736938 8
1772812442173 84.52373600006104 9
1772812455181 93.86667203903198 10
1772812464497 103.04955983161926 11
1772812473948 112.36498379707336 12
1772812483294 121.57909154891968 13
1772812492662 130.8118133544922 14
1772812505643 140.1133472919464 15
1772812515031 149.3628432750702 16
1772812524416 158.61201119422913 17
1772812533823 167.88386511802673 18
1772812543058 176.98281121253967 19
1772812555939 186.19224739074707 20
1772812572404 9.667036294937134 11
1772812582886 19.98810839653015 12
1772812593462 30.382058143615723 13
1772812603828 40.5860960483551 14
1772812619643 50.37604594230652 15
1772812629883 60.45764183998108 16
1772812639844 70.26235270500183 17
1772812649796 80.06029081344604 18
1772812659700 89.82101464271545 19
1772812673397 99.55333256721497 20
1772812683521 109.45841550827026 21
1772812693493 119.27329444885254 22
1772812703453 129.0723044872284 23
1772812713417 138.89287638664246 24
1772812726842 148.61499524116516 25
1772812736798 158.41860938072205 26
1772812746671 168.14970326423645 27
1772812756605 177.93673729896545 28
1772812766575 187.75788617134094 29
1772812780033 197.53325200080872 30
1772812789967 207.31125593185425 31
1772812799885 217.0843369960785 32
1772812809820 226.8718421459198 33
1772812819581 236.48302507400513 34
1772812833110 246.2874641418457 35
1772812843040 256.0742771625519 36
1772812852855 265.7428970336914 37
1772812862778 275.5196611881256 38
1772812872657 285.2507770061493 39
1772812886281 295.0124411582947 40
1772812896595 305.1353220939636 41
1772812906788 315.1657729148865 42
1772812916906 325.078919172287 43
1772812927291 335.2715802192688 44
1772812941059 345.2346773147583 45
1772812951264 355.28771233558655 46
1772812961535 365.40723037719727 47
1772812971664 375.3746654987335 48
1772812981793 385.3493733406067 49
1772812995667 395.3680922985077 50
1772813005957 405.47484016418457 51
1772813016190 415.5451600551605 52
1772813026343 425.53668904304504 53
1772813036435 435.4620921611786 54
1772813050267 445.47794103622437 55
1772813060438 455.4758450984955 56
1772813070659 465.5333549976349 57
1772813080722 475.4414827823639 58
1772813090702 485.27101588249207 59
1772813104225 495.0774347782135 60
1772813114193 504.8707158565521 61
1772813124410 514.7268648147583 62
1772813134372 524.527658700943 63
1772813144274 534.2724680900574 64
1772813157763 544.0064930915833 65
1772813167564 553.6559481620789 66
1772813177459 563.3928761482239 67
1772813187443 573.1892182826996 68
1772813197418 583.0076360702515 69
1772813210905 592.7332632541656 70
1772813220974 602.633305311203 71
1772813230899 612.3995122909546 72
1772813240832 622.1780862808228 73
1772813250713 631.9004671573639 74
1772813264108 641.5735011100769 75
1772813274077 651.3717331886292 76
1772813284167 661.2860713005066 77
1772813294050 671.0151143074036 78
1772813303985 680.7913434505463 79
1772813317380 690.4691774845123 80
1772813327273 700.1803665161133 81
1772813337147 709.8853952884674 82
1772813347062 719.6305704116821 83
1772813356961 729.366587638855 84
1772813370472 739.1554756164551 85
1772813380410 748.9236855506897 86
1772813390306 758.6616747379303 87
1772813400269 768.4698128700256 88
1772813410177 778.2139558792114 89
1772813423512 787.829657793045 90
1772813433452 797.5806279182434 91
1772813443446 807.4224827289581 92
1772813453537 817.3075156211853 93
1772813463518 827.1083526611328 94
1772813476963 836.8313677310944 95
1772813486934 846.6279127597809 96
1772813496886 856.4006726741791 97
1772813506656 866.0118947029114 98
1772813516620 875.8144416809082 99
1772813530107 885.6075856685638 100
