1772812359923 1772812359.0 1
1772812369965 1772812369.0 2
1772812379512 1772812379.0 3
1772812388984 1772812388.0 4
1772812404400 1772812398.0 5
1772812413853 1772812413.0 6
1772812423375 1772812423.0 7
1772812432752 1772812432.0 8
1772812442172 1772812442.0 9
1772812455180 1772812451.0 10
1772812464496 1772812464.0 11
1772812473947 1772812473.0 12
1772812483293 1772812483.0 13
1772812492661 1772812492.0 14
1772812505642 1772812502.0 15
1772812515029 1772812514.0 16
1772812524415 1772812524.0 17
1772812533822 1772812533.0 18
1772812543057 1772812543.0 19
1772812555938 1772812552.0 20
1772812572402 1772812572.0 11
1772812582885 1772812582.0 12
1772812593461 1772812593.0 13
1772812603827 1772812603.0 14
1772812619641 1772812613.0 15
1772812629882 1772812629.0 16
1772812639843 1772812639.0 17
1772812649794 1772812649.0 18
1772812659699 1772812659.0 19
1772812673396 1772812669.0 20
1772812683520 1772812683.0 21
1772812693492 1772812693.0 22
1772812703452 1772812703.0 23
1772812713416 1772812713.0 24
1772812726841 1772812723.0 25
1772812736797 1772812736.0 26
1772812746670 1772812746.0 27
1772812756604 1772812756.0 28
1772812766574 1772812766.0 29
1772812780031 1772812776.0 30
1772812789966 1772812789.0 31
1772812799884 1772812799.0 32
1772812809819 1772812809.0 33
1772812819579 1772812819.0 34
1772812833109 1772812829.0 35
1772812843039 1772812843.0 36
1772812852853 1772812852.0 37
1772812862777 1772812862.0 38
1772812872655 1772812872.0 39
1772812886280 1772812882.0 40
1772812896594 1772812896.0 41
1772812906787 1772812906.0 42
1772812916903 1772812916.0 43
1772812927290 1772812927.0 44
1772812941058 1772812937.0 45
1772812951264 1772812951.0 46
1772812961534 1772812961.0 47
1772812971663 1772812971.0 48
1772812981792 1772812981.0 49
1772812995665 1772812991.0 50
1772813005956 1772813005.0 51
1772813016188 1772813016.0 52
1772813026342 1772813026.0 53
1772813036434 1772813036.0 54
1772813050266 1772813046.0 55
1772813060437 1772813060.0 56
1772813070658 1772813070.0 57
1772813080721 1772813080.0 58
1772813090701 1772813090.0 59
1772813104224 1772813100.0 60
1772813114191 1772813114.0 61
1772813124409 1772813124.0 62
1772813134371 1772813134.0 63
1772813144273 1772813144.0 64
1772813157762 1772813154.0 65
1772813167563 1772813167.0 66
1772813177458 1772813177.0 67
1772813187442 1772813187.0 68
1772813197417 1772813197.0 69
1772813210904 1772813207.0 70
1772813220973 1772813220.0 71
1772813230898 1772813230.0 72
1772813240831 1772813240.0 73
1772813250712 1772813250.0 74
1772813264107 1772813260.0 75
1772813274076 1772813274.0 76
1772813284166 1772813284.0 77
1772813294049 1772813294.0 78
1772813303984 1772813303.0 79
1772813317379 1772813313.0 80
1772813327273 1772813327.0 81
1772813337146 1772813337.0 82
1772813347061 1772813347.0 83
1772813356960 1772813356.0 84
1772813370471 1772813366.0 85
1772813380409 1772813380.0 86
1772813390305 1772813390.0 87
1772813400268 1772813400.0 88
1772813410176 1772813410.0 89
1772813423512 1772813419.0 90
1772813433451 1772813433.0 91
1772813443445 1772813443.0 92
1772813453536 1772813453.0 93
1772813463517 1772813463.0 94
1772813476962 1772813473.0 95
1772813486933 1772813486.0 96
1772813496885 1772813496.0 97
1772813506655 1772813506.0 98
1772813516619 1772813516.0 99
1772813530106 1772813526.0 100
