1772812359923 9.516699314117432 1
1772812369966 19.389299392700195 2
1772812379513 28.795162200927734 3
1772812388984 38.12794613838196 4
1772812404400 47.322665214538574 5
1772812413854 56.640016078948975 6
1772812423375 66.01343822479248 7
1772812432752 75.24807214736938 8
1772812442173 84.52373600006104 9
1772812455181 93.86667203903198 10
1772812464496 103.04955983161926 11
1772812473947 112.36498379707336 12
1772812483293 121.57909154891968 13
1772812492662 130.8118133544922 14
1772812505643 140.1133472919464 15
1772812515030 149.3628432750702 16
1772812524416 158.61201119422913 17
1772812533822 167.88386511802673 18
1772812543058 176.98281121253967 19
1772812555938 186.19224739074707 20
1772812572403 103.60108709335327 11
1772812582885 113.92215919494629 12
1772812593461 124.31610894203186 13
1772812603827 134.52014684677124 14
1772812619642 144.31009674072266 15
1772812629882 154.39169263839722 16
1772812639844 164.19640350341797 17
1772812649795 173.99434161186218 18
1772812659700 183.7550654411316 19
1772812673397 193.4873833656311 20
1772812683520 203.3924663066864 21
1772812693493 213.20734524726868 22
1772812703453 223.00635528564453 23
1772812713416 232.8269271850586 24
1772812726841 242.5490460395813 25
1772812736797 252.35266017913818 26
1772812746671 262.0837540626526 27
1772812756604 271.8707880973816 28
1772812766575 281.6919369697571 29
1772812780032 291.46730279922485 30
1772812789967 301.2453067302704 31
1772812799885 311.01838779449463 32
1772812809819 320.80589294433594 33
1772812819580 330.41707587242126 34
1772812833110 340.22151494026184 35
1772812843040 350.008327960968 36
1772812852854 359.67694783210754 37
1772812862777 369.45371198654175 38
1772812872656 379.18482780456543 39
1772812886281 388.9464919567108 40
1772812896594 399.06937289237976 41
1772812906788 409.0998237133026 42
1772812916905 419.0129699707031 43
1772812927290 429.20563101768494 44
1772812941059 439.16872811317444 45
1772812951264 449.2217631340027 46
1772812961535 459.3412811756134 47
1772812971664 469.30871629714966 48
1772812981792 479.2834241390228 49
1772812995666 489.3021430969238 50
1772813005956 499.4088909626007 51
1772813016189 509.47921085357666 52
1772813026342 519.4707398414612 53
1772813036434 529.3961429595947 54
1772813050267 539.4119918346405 55
1772813060438 549.4098958969116 56
1772813070658 559.467405796051 57
1772813080722 569.37553358078 58
1772813090701 579.2050666809082 59
1772813104224 589.0114855766296 60
1772813114192 598.8047666549683 61
1772813124409 608.6609156131744 62
1772813134371 618.4617094993591 63
1772813144274 628.2065188884735 64
1772813157762 637.9405438899994 65
1772813167564 647.589998960495 66
1772813177458 657.32692694664 67
1772813187443 667.1232690811157 68
1772813197418 676.9416868686676 69
1772813210905 686.6673140525818 70
1772813220974 696.5673561096191 71
1772813230899 706.3335630893707 72
1772813240832 716.1121370792389 73
1772813250713 725.83451795578 74
1772813264107 735.507551908493 75
1772813274076 745.3057839870453 76
1772813284166 755.2201220989227 77
1772813294050 764.9491651058197 78
1772813303984 774.7253942489624 79
1772813317380 784.4032282829285 80
1772813327273 794.1144173145294 81
1772813337146 803.8194460868835 82
1772813347061 813.5646212100983 83
1772813356960 823.3006384372711 84
1772813370472 833.0895264148712 85
1772813380409 842.8577363491058 86
1772813390306 852.5957255363464 87
1772813400269 862.4038636684418 88
1772813410177 872.1480066776276 89
1772813423512 881.7637085914612 90
1772813433451 891.5146787166595 91
1772813443446 901.3565335273743 92
1772813453537 911.2415664196014 93
1772813463518 921.042403459549 94
1772813476963 930.7654185295105 95
1772813486933 940.561963558197 96
1772813496885 950.3347234725952 97
1772813506655 959.9459455013275 98
1772813516620 969.7484924793243 99
1772813530107 979.54163646698 100
