1772812359923 9.516699314117432 1
1772812369965 9.872600078582764 2
1772812379513 9.405862808227539 3
1772812388984 9.332783937454224 4
1772812404400 9.194719076156616 5
1772812413854 9.3173508644104 6
1772812423375 9.373422145843506 7
1772812432752 9.234633922576904 8
1772812442172 9.27566385269165 9
1772812455181 9.342936038970947 10
1772812464496 9.18288779258728 11
1772812473947 9.315423965454102 12
1772812483293 9.214107751846313 13
1772812492662 9.23272180557251 14
1772812505642 9.301533937454224 15
1772812515030 9.24949598312378 16
1772812524416 9.249167919158936 17
1772812533822 9.271853923797607 18
1772812543058 9.09894609451294 19
1772812555938 9.209436178207397 20
1772812572403 9.667036294937134 11
1772812582885 10.321072101593018 12
1772812593461 10.393949747085571 13
1772812603827 10.20403790473938 14
1772812619642 9.789949893951416 15
1772812629882 10.08159589767456 16
1772812639843 9.804710865020752 17
1772812649795 9.797938108444214 18
1772812659699 9.76072382926941 19
1772812673396 9.732317924499512 20
1772812683520 9.905082941055298 21
1772812693492 9.814878940582275 22
1772812703453 9.799010038375854 23
1772812713416 9.820571899414062 24
1772812726841 9.722118854522705 25
1772812736797 9.803614139556885 26
1772812746671 9.731093883514404 27
1772812756604 9.787034034729004 28
1772812766574 9.821148872375488 29
1772812780032 9.775365829467773 30
1772812789967 9.778003931045532 31
1772812799885 9.773081064224243 32
1772812809819 9.787505149841309 33
1772812819580 9.611182928085327 34
1772812833109 9.804439067840576 35
1772812843039 9.786813020706177 36
1772812852854 9.668619871139526 37
1772812862777 9.776764154434204 38
1772812872656 9.731115818023682 39
1772812886280 9.761664152145386 40
1772812896594 10.122880935668945 41
1772812906788 10.030450820922852 42
1772812916904 9.913146257400513 43
1772812927290 10.192661046981812 44
1772812941058 9.963097095489502 45
1772812951264 10.053035020828247 46
1772812961534 10.119518041610718 47
1772812971663 9.967435121536255 48
1772812981792 9.974707841873169 49
1772812995666 10.018718957901001 50
1772813005956 10.10674786567688 51
1772813016189 10.070319890975952 52
1772813026342 9.991528987884521 53
1772813036434 9.925403118133545 54
1772813050267 10.015848875045776 55
1772813060438 9.997904062271118 56
1772813070658 10.057509899139404 57
1772813080722 9.908127784729004 58
1772813090701 9.829533100128174 59
1772813104224 9.806418895721436 60
1772813114192 9.793281078338623 61
1772813124409 9.856148958206177 62
1772813134371 9.800793886184692 63
1772813144273 9.74480938911438 64
1772813157762 9.734025001525879 65
1772813167563 9.649455070495605 66
1772813177458 9.73692798614502 67
1772813187442 9.796342134475708 68
1772813197418 9.81841778755188 69
1772813210904 9.725627183914185 70
1772813220974 9.900042057037354 71
1772813230898 9.766206979751587 72
1772813240832 9.778573989868164 73
1772813250712 9.722380876541138 74
1772813264107 9.673033952713013 75
1772813274076 9.798232078552246 76
1772813284166 9.914338111877441 77
1772813294049 9.729043006896973 78
1772813303984 9.7762291431427 79
1772813317379 9.677834033966064 80
1772813327273 9.711189031600952 81
1772813337146 9.705028772354126 82
1772813347061 9.745175123214722 83
1772813356960 9.736017227172852 84
1772813370471 9.788887977600098 85
1772813380409 9.76820993423462 86
1772813390305 9.7379891872406 87
1772813400269 9.808138132095337 88
1772813410176 9.744143009185791 89
1772813423512 9.615701913833618 90
1772813433451 9.750970125198364 91
1772813443446 9.841854810714722 92
1772813453537 9.885032892227173 93
1772813463517 9.80083703994751 94
1772813476962 9.723015069961548 95
1772813486933 9.796545028686523 96
1772813496885 9.772759914398193 97
1772813506655 9.6112220287323 98
1772813516620 9.802546977996826 99
1772813530107 9.79314398765564 100
