1772812359922 1.0 1
1772812369964 2.0 2
1772812379512 3.0 3
1772812388983 4.0 4
1772812404399 5.0 5
1772812413853 6.0 6
1772812423374 7.0 7
1772812432751 8.0 8
1772812442171 9.0 9
1772812455180 10.0 10
1772812464495 11.0 11
1772812473946 12.0 12
1772812483292 13.0 13
1772812492661 14.0 14
1772812505642 15.0 15
1772812515029 16.0 16
1772812524415 17.0 17
1772812533821 18.0 18
1772812543057 19.0 19
1772812555937 20.0 20
1772812572402 11.0 11
1772812582884 12.0 12
1772812593460 13.0 13
1772812603826 14.0 14
1772812619641 15.0 15
1772812629881 16.0 16
1772812639843 17.0 17
1772812649794 18.0 18
1772812659698 19.0 19
1772812673396 20.0 20
1772812683519 21.0 21
1772812693492 22.0 22
1772812703452 23.0 23
1772812713415 24.0 24
1772812726840 25.0 25
1772812736796 26.0 26
1772812746670 27.0 27
1772812756603 28.0 28
1772812766573 29.0 29
1772812780031 30.0 30
1772812789966 31.0 31
1772812799884 32.0 32
1772812809818 33.0 33
1772812819579 34.0 34
1772812833109 35.0 35
1772812843039 36.0 36
1772812852853 37.0 37
1772812862776 38.0 38
1772812872655 39.0 39
1772812886279 40.0 40
1772812896593 41.0 41
1772812906787 42.0 42
1772812916902 43.0 43
1772812927289 44.0 44
1772812941058 45.0 45
1772812951263 46.0 46
1772812961534 47.0 47
1772812971662 48.0 48
1772812981791 49.0 49
1772812995665 50.0 50
1772813005955 51.0 51
1772813016188 52.0 52
1772813026341 53.0 53
1772813036433 54.0 54
1772813050266 55.0 55
1772813060437 56.0 56
1772813070657 57.0 57
1772813080721 58.0 58
1772813090700 59.0 59
1772813104223 60.0 60
1772813114191 61.0 61
1772813124408 62.0 62
1772813134370 63.0 63
1772813144272 64.0 64
1772813157761 65.0 65
1772813167562 66.0 66
1772813177457 67.0 67
1772813187442 68.0 68
1772813197417 69.0 69
1772813210903 70.0 70
1772813220973 71.0 71
1772813230898 72.0 72
1772813240831 73.0 73
1772813250712 74.0 74
1772813264106 75.0 75
1772813274075 76.0 76
1772813284165 77.0 77
1772813294049 78.0 78
1772813303984 79.0 79
1772813317379 80.0 80
1772813327272 81.0 81
1772813337145 82.0 82
1772813347060 83.0 83
1772813356959 84.0 84
1772813370471 85.0 85
1772813380408 86.0 86
1772813390305 87.0 87
1772813400268 88.0 88
1772813410176 89.0 89
1772813423511 90.0 90
1772813433450 91.0 91
1772813443445 92.0 92
1772813453536 93.0 93
1772813463517 94.0 94
1772813476962 95.0 95
1772813486932 96.0 96
1772813496884 97.0 97
1772813506654 98.0 98
1772813516619 99.0 99
1772813530106 100.0 100
