1772812359922 5783200000.0 1
1772812369965 5783200000.0 2
1772812379512 5783200000.0 3
1772812388983 5783200000.0 4
1772812404399 5783200000.0 5
1772812413853 5783200000.0 6
1772812423374 5783200000.0 7
1772812432751 5783200000.0 8
1772812442172 5783200000.0 9
1772812455180 5783200000.0 10
1772812464495 5783200000.0 11
1772812473946 5783200000.0 12
1772812483292 5783200000.0 13
1772812492661 5783200000.0 14
1772812505642 5783200000.0 15
1772812515029 5783200000.0 16
1772812524415 5783200000.0 17
1772812533822 5783200000.0 18
1772812543057 5783200000.0 19
1772812555938 5783200000.0 20
1772812572402 5783200000.0 11
1772812582884 5783200000.0 12
1772812593461 5783200000.0 13
1772812603826 5783200000.0 14
1772812619641 5783200000.0 15
1772812629881 5783200000.0 16
1772812639843 5783200000.0 17
1772812649794 5783200000.0 18
1772812659699 5783200000.0 19
1772812673396 5783200000.0 20
1772812683520 5783200000.0 21
1772812693492 5783200000.0 22
1772812703452 5783200000.0 23
1772812713415 5783200000.0 24
1772812726841 5783200000.0 25
1772812736796 5783200000.0 26
1772812746670 5783200000.0 27
1772812756604 5783200000.0 28
1772812766574 5783200000.0 29
1772812780031 5783200000.0 30
1772812789966 5783200000.0 31
1772812799884 5783200000.0 32
1772812809819 5783200000.0 33
1772812819579 5783200000.0 34
1772812833109 5783200000.0 35
1772812843039 5783200000.0 36
1772812852853 5783200000.0 37
1772812862776 5783200000.0 38
1772812872655 5783200000.0 39
1772812886279 5783200000.0 40
1772812896593 5783200000.0 41
1772812906787 5783200000.0 42
1772812916903 5783200000.0 43
1772812927289 5783200000.0 44
1772812941058 5783200000.0 45
1772812951263 5783200000.0 46
1772812961534 5783200000.0 47
1772812971663 5783200000.0 48
1772812981791 5783200000.0 49
1772812995665 5783200000.0 50
1772813005955 5783200000.0 51
1772813016188 5783200000.0 52
1772813026341 5783200000.0 53
1772813036434 5783200000.0 54
1772813050266 5783200000.0 55
1772813060437 5783200000.0 56
1772813070658 5783200000.0 57
1772813080721 5783200000.0 58
1772813090701 5783200000.0 59
1772813104224 5783200000.0 60
1772813114191 5783200000.0 61
1772813124408 5783200000.0 62
1772813134371 5783200000.0 63
1772813144273 5783200000.0 64
1772813157761 5783200000.0 65
1772813167563 5783200000.0 66
1772813177458 5783200000.0 67
1772813187442 5783200000.0 68
1772813197417 5783200000.0 69
1772813210904 5783200000.0 70
1772813220973 5783200000.0 71
1772813230898 5783200000.0 72
1772813240831 5783200000.0 73
1772813250712 5783200000.0 74
1772813264107 5783200000.0 75
1772813274076 5783200000.0 76
1772813284166 5783200000.0 77
1772813294049 5783200000.0 78
1772813303984 5783200000.0 79
1772813317379 5783200000.0 80
1772813327272 5783200000.0 81
1772813337145 5783200000.0 82
1772813347061 5783200000.0 83
1772813356959 5783200000.0 84
1772813370471 5783200000.0 85
1772813380408 5783200000.0 86
1772813390305 5783200000.0 87
1772813400268 5783200000.0 88
1772813410176 5783200000.0 89
1772813423511 5783200000.0 90
1772813433451 5783200000.0 91
1772813443445 5783200000.0 92
1772813453536 5783200000.0 93
1772813463517 5783200000.0 94
1772813476962 5783200000.0 95
1772813486932 5783200000.0 96
1772813496884 5783200000.0 97
1772813506655 5783200000.0 98
1772813516619 5783200000.0 99
1772813530106 5783200000.0 100
