1772811732010 8.0 1
1772811741138 8.0 2
1772811750944 8.0 3
1772811760423 8.0 4
1772811777021 8.0 5
1772811786323 8.0 6
1772811796154 8.0 7
1772811805944 8.0 8
1772811815698 8.0 9
1772811828984 8.0 10
1772811838185 8.0 11
1772811847200 8.0 12
1772811856786 8.0 13
1772811866219 8.0 14
1772811879070 8.0 15
1772811888415 8.0 16
1772811898278 8.0 17
1772811907771 8.0 18
1772811917884 8.0 19
1772811931324 8.0 20
1772811955105 8.0 21
1772811966215 8.0 22
1772811976367 8.0 23
1772811986349 8.0 24
1772812001821 8.0 25
1772812012147 8.0 26
1772812022408 8.0 27
1772812032590 8.0 28
1772812042816 8.0 29
