1772811731799 2.0 1
1772811740926 2.0 2
1772811750708 2.0 3
1772811760209 2.0 4
1772811776805 2.0 5
1772811786110 2.0 6
1772811795948 2.0 7
1772811805678 2.0 8
1772811815437 2.0 9
1772811828759 2.0 10
1772811837846 2.0 11
1772811846988 2.0 12
1772811856560 2.0 13
1772811866007 2.0 14
1772811878865 2.0 15
1772811888196 2.0 16
1772811898024 2.0 17
1772811907498 2.0 18
1772811917460 2.0 19
1772811931030 2.0 20
1772811948547 2.0 11
1772811958680 2.0 12
1772811969692 2.0 13
1772811979580 2.0 14
1772811995363 2.0 15
1772812005069 2.0 16
1772812015592 2.0 17
1772812025792 2.0 18
1772812036054 2.0 19
