1772812360038 0.00013185943317109704 1
1772812370066 0.00013210350054369303 2
1772812379612 0.00012924175331739758 3
1772812389081 0.00012132675786047806 4
1772812404489 0.00012094378683347836 5
1772812413950 0.0001315659128144679 6
1772812423467 0.00012601952077039415 7
1772812432848 0.00012847177613548442 8
1772812442268 0.00013209682367632601 9
1772812455269 0.00012532440332352696 10
1772812464592 0.0001268388505632909 11
1772812474040 0.00013226035907173365 12
1772812483388 0.00012705146134065815 13
1772812492757 0.0001240622898379238 14
1772812505735 0.00012738634087497875 15
1772812515124 0.00012876073993486146 16
1772812524508 0.00012452213582592105 17
1772812533917 0.00012970486819424825 18
1772812543150 0.00012265086313536144 19
1772812556043 0.00012561157169394232 20
1772812572501 0.00011782140259825701 11
1772812582988 0.00012712305884419995 12
1772812593571 0.00013609287180909663 13
1772812603923 0.00013499660541149786 14
1772812619734 0.00012185291570916557 15
1772812629979 0.00012081764532110854 16
1772812639936 0.00012043011147694937 17
1772812649892 0.00012504294323393476 18
1772812659789 0.00012429938572335042 19
1772812673495 0.00012279030987150328 20
1772812683613 0.00013010204452528612 21
1772812693586 0.0001237324612350489 22
1772812703550 0.0001204735989218728 23
1772812713510 0.0001264344936070285 24
1772812726942 0.00012204475920354684 25
1772812736889 0.00012188290691279783 26
1772812746762 0.00012094771527894444 27
1772812756699 0.00012308106213679808 28
1772812766670 0.0001214106233470559 29
1772812780139 0.00012354581884091735 30
1772812790061 0.00012129405267074391 31
1772812799979 0.00012537142763216198 32
1772812809916 0.00012169925900995726 33
1772812819673 0.00011949814809415833 34
1772812833203 0.00012193539510096002 35
1772812843137 0.00012180284799610862 36
1772812852950 0.00012107115830860464 37
1772812862871 0.00012220379574567826 38
1772812872752 0.00012166142545197683 39
1772812886402 0.00012263272769138319 40
1772812896689 0.00012562494636912417 41
1772812906879 0.00012409282516553404 42
1772812917024 0.00012705427925985567 43
1772812927388 0.0001278971023408343 44
1772812941145 0.00012914426645320627 45
1772812951360 0.00012744703800116421 46
1772812961624 0.00012787177541299417 47
1772812971750 0.0001264024844235912 48
1772812981885 0.00012328395816246259 49
1772812995773 0.00012773770532503373 50
1772813006050 0.00013161103408397917 51
1772813016283 0.00013485795490199092 52
1772813026437 0.00013393716336000683 53
1772813036527 0.00012413479474413647 54
1772813050364 0.00012477934241516425 55
1772813060530 0.00012638639629645594 56
1772813070755 0.0001297888383139728 57
1772813080814 0.00012449057241666094 58
1772813090789 0.0001245448264605996 59
1772813104328 0.00012230856795304924 60
1772813114478 0.00012566598195609682 61
1772813124502 0.00012774723220075528 62
1772813134467 0.00012953354180237096 63
1772813144372 0.00012997827510293042 64
1772813157855 0.0001227196978727776 65
1772813167660 0.00012537063984272234 66
1772813177574 0.00012387574445261545 67
1772813187538 0.00013031897254522684 68
1772813197513 0.00012803112304274762 69
1772813211001 0.00012416466513413257 70
1772813221069 0.00012984434706512105 71
1772813230991 0.00012748819076655417 72
1772813240926 0.00012835051493252672 73
1772813250805 0.00013483167839178936 74
1772813264199 0.0001179745154841894 75
1772813274171 0.00012259626365276758 76
1772813284259 0.00012608773675328017 77
1772813294143 0.00012007620598056189 78
1772813304077 0.00012259307032317084 79
1772813317490 0.00012431489724008224 80
1772813327369 0.00012162603213662224 81
1772813337246 0.00011847218823535661 82
1772813347155 0.00012068328613643904 83
1772813357059 0.00012342950896567135 84
1772813370568 0.00012121471393802813 85
1772813380504 0.00012216677380681902 86
1772813390397 0.00012238946575635849 87
1772813400366 0.00012660007401854752 88
1772813410268 0.00011986805831521126 89
1772813423618 0.00012299778395501268 90
1772813433541 0.00012424695023186124 91
1772813443535 0.00012118087424274577 92
1772813453631 0.0001225330050447858 93
1772813463616 0.00012721330625604287 94
1772813477056 0.00012100405545004374 95
1772813487029 0.00012298037893367916 96
1772813496978 0.00012364107005824652 97
1772813506749 0.00012330911849259133 98
1772813516717 0.00012106710147415864 99
1772813530199 0.00012712098322851091 100
