1772812360039 7.72936937549428e-06 1
1772812370066 7.80653934964728e-06 2
1772812379612 7.826991496157013e-06 3
1772812389082 7.392277773895846e-06 4
1772812404489 7.3368342461071155e-06 5
1772812413950 7.927811642949553e-06 6
1772812423467 7.74234721377481e-06 7
1772812432849 7.936128968420446e-06 8
1772812442268 7.563239681578675e-06 9
1772812455269 7.968043639674501e-06 10
1772812464593 8.056464581034774e-06 11
1772812474040 7.882360914049621e-06 12
1772812483389 7.708280090698483e-06 13
1772812492757 8.04767037443401e-06 14
1772812505736 7.847686637809844e-06 15
1772812515125 7.86035630601367e-06 16
1772812524509 7.840111129688842e-06 17
1772812533917 7.894325122868467e-06 18
1772812543150 7.770318403274023e-06 19
1772812556043 7.661978128500245e-06 20
1772812572501 7.517530556470357e-06 11
1772812582988 7.5877004054826325e-06 12
1772812593572 7.694026511349845e-06 13
1772812603924 7.72456722093237e-06 14
1772812619734 7.488013316636763e-06 15
1772812629979 7.371890905172139e-06 16
1772812639936 7.607315534105317e-06 17
1772812649892 7.562829071179681e-06 18
1772812659793 7.646570976497485e-06 19
1772812673496 7.620998610003213e-06 20
1772812683614 7.713520299297765e-06 21
1772812693586 7.367127877672485e-06 22
1772812703550 8.090346934552928e-06 23
1772812713510 7.636796700481131e-06 24
1772812726943 7.746580655981227e-06 25
1772812736889 7.511094376452155e-06 26
1772812746762 7.323750282416432e-06 27
1772812756700 7.692731297150535e-06 28
1772812766671 7.619142917758783e-06 29
1772812780139 7.777984442815539e-06 30
1772812790061 7.708085335179373e-06 31
1772812799980 7.521536447742521e-06 32
1772812809917 7.618368889755919e-06 33
1772812819673 7.499179740156631e-06 34
1772812833203 7.665933916613193e-06 35
1772812843137 7.635701081443815e-06 36
1772812852950 7.785766703023776e-06 37
1772812862871 7.4953911148932335e-06 38
1772812872752 7.555616141749925e-06 39
1772812886403 7.755227680548198e-06 40
1772812896689 7.607606604171035e-06 41
1772812906879 7.4476245136215985e-06 42
1772812917024 7.554378708774104e-06 43
1772812927389 7.466248185358942e-06 44
1772812941145 7.569222390327731e-06 45
1772812951360 7.757293818092117e-06 46
1772812961624 7.71224884979575e-06 47
1772812971751 8.073319472805529e-06 48
1772812981885 7.541338316944986e-06 49
1772812995776 7.617873504056562e-06 50
1772813006050 7.969895526902087e-06 51
1772813016283 7.928231070890032e-06 52
1772813026438 7.91233988206329e-06 53
1772813036527 7.587662565992081e-06 54
1772813050364 7.694031249355183e-06 55
1772813060531 7.552361353135214e-06 56
1772813070755 7.65564296233124e-06 57
1772813080814 7.775137502419137e-06 58
1772813090789 7.736645194623458e-06 59
1772813104328 7.344153534102518e-06 60
1772813114478 7.857597335935665e-06 61
1772813124503 7.590069259152379e-06 62
1772813134468 7.4768932755038175e-06 63
1772813144373 7.826711911374257e-06 64
1772813157855 7.424718910127914e-06 65
1772813167660 7.862487899321134e-06 66
1772813177574 7.887601757702413e-06 67
1772813187538 8.01595868149615e-06 68
1772813197514 7.668687777559318e-06 69
1772813211001 7.435555899149689e-06 70
1772813221069 7.726624191646883e-06 71
1772813230991 8.004287813189805e-06 72
1772813240927 7.923229566057768e-06 73
1772813250805 7.85475373603082e-06 74
1772813264199 7.530241334779759e-06 75
1772813274172 7.481649749192129e-06 76
1772813284259 7.690907657341054e-06 77
1772813294144 7.680778660649559e-06 78
1772813304077 7.606743131428512e-06 79
1772813317490 7.656920468716946e-06 80
1772813327369 7.845995440287069e-06 81
1772813337246 7.879095473521272e-06 82
1772813347155 7.890646606509813e-06 83
1772813357059 7.635352247267225e-06 84
1772813370568 7.471813382670306e-06 85
1772813380505 7.209891348230634e-06 86
1772813390397 7.342200599632483e-06 87
1772813400366 7.747597114464369e-06 88
1772813410269 7.58485709496145e-06 89
1772813423618 7.675993892536247e-06 90
1772813433542 7.812036784734932e-06 91
1772813443535 8.109748580137757e-06 92
1772813453631 7.456211779412762e-06 93
1772813463616 7.759052158625283e-06 94
1772813477056 7.575338586966625e-06 95
1772813487029 7.579891246963131e-06 96
1772813496978 7.520132774864324e-06 97
1772813506749 7.579774601702677e-06 98
1772813516717 7.646392809204601e-06 99
1772813530199 7.61698876739174e-06 100
