1772812360039 2.2339228569231664e-05 1
1772812370067 2.237000414551434e-05 2
1772812379612 2.182718887036675e-05 3
1772812389082 2.0503405112782807e-05 4
1772812404489 2.0495630762622132e-05 5
1772812413950 2.271992778111571e-05 6
1772812423468 2.1721809555923197e-05 7
1772812432849 2.191212383283622e-05 8
1772812442268 2.1883142081261636e-05 9
1772812455270 2.209901939742749e-05 10
1772812464593 2.2206679881393707e-05 11
1772812474040 2.229993979298959e-05 12
1772812483389 2.1316136245250552e-05 13
1772812492757 2.2540687374519e-05 14
1772812505736 2.1671800153851112e-05 15
1772812515125 2.2215603011687496e-05 16
1772812524509 2.1833146397556098e-05 17
1772812533917 2.263505047578762e-05 18
1772812543150 2.1634202059086622e-05 19
1772812556044 2.1256681897322097e-05 20
1772812572501 2.156489191131821e-05 11
1772812582989 2.135485651254136e-05 12
1772812593573 2.245414140835919e-05 13
1772812603924 2.2235376434905216e-05 14
1772812619735 2.1008242202506806e-05 15
1772812629980 2.055632531680211e-05 16
1772812639937 2.1640141348049397e-05 17
1772812649893 2.1374537948900468e-05 18
1772812659793 2.1408044389733374e-05 19
1772812673496 2.1271329197713245e-05 20
1772812683614 2.1616922984017995e-05 21
1772812693586 2.0780869184565516e-05 22
1772812703551 2.265152769893757e-05 23
1772812713511 2.1535315638749112e-05 24
1772812726943 2.1804063667754574e-05 25
1772812736889 2.1852291376831805e-05 26
1772812746763 2.051889380057443e-05 27
1772812756700 2.155850550180254e-05 28
1772812766671 2.115942250509492e-05 29
1772812780140 2.180520521056846e-05 30
1772812790062 2.152547197891516e-05 31
1772812799980 2.1380177009356746e-05 32
1772812809917 2.149415398666537e-05 33
1772812819674 2.1182831868784145e-05 34
1772812833204 2.121286378761743e-05 35
1772812843138 2.132017983642397e-05 36
1772812852951 2.1623457935537173e-05 37
1772812862872 2.0912092187560685e-05 38
1772812872753 2.1274992292506877e-05 39
1772812886403 2.163540152506914e-05 40
1772812896689 2.1854177951491167e-05 41
1772812906879 2.080551959122843e-05 42
1772812917025 2.1557528273428735e-05 43
1772812927389 2.121735150419022e-05 44
1772812941146 2.1465040873350337e-05 45
1772812951361 2.17649505982452e-05 46
1772812961625 2.1967041164652916e-05 47
1772812971751 2.2188354048138448e-05 48
1772812981886 2.1240005355831813e-05 49
1772812995777 2.1817728522830168e-05 50
1772813006050 2.2492953565548416e-05 51
1772813016284 2.2651049790666826e-05 52
1772813026438 2.2158000904601643e-05 53
1772813036528 2.139252309213354e-05 54
1772813050364 2.155791857631508e-05 55
1772813060531 2.158968675326694e-05 56
1772813070756 2.145613708454069e-05 57
1772813080814 2.1774538107382863e-05 58
1772813090790 2.1500672791535415e-05 59
1772813104330 2.0616340940087977e-05 60
1772813114479 2.2001997046208712e-05 61
1772813124503 2.136327006845559e-05 62
1772813134468 2.1690752323668614e-05 63
1772813144373 2.2299478821706454e-05 64
1772813157855 2.0945733329871298e-05 65
1772813167660 2.193593859013929e-05 66
1772813177574 2.1920341850422322e-05 67
1772813187538 2.2208162615481256e-05 68
1772813197514 2.1538753721094885e-05 69
1772813211002 2.0579165677059224e-05 70
1772813221070 2.2033963778193223e-05 71
1772813230992 2.2252410705344455e-05 72
1772813240927 2.2571945611704873e-05 73
1772813250805 2.2524742688133008e-05 74
1772813264200 2.086453587221792e-05 75
1772813274172 2.0965612449284165e-05 76
1772813284259 2.1657906847231598e-05 77
1772813294144 2.1488146338924358e-05 78
1772813304077 2.1161847147703938e-05 79
1772813317491 2.142389125545117e-05 80
1772813327370 2.1945892578942345e-05 81
1772813337247 2.2303405231378577e-05 82
1772813347156 2.182869535339344e-05 83
1772813357060 2.1517863253733065e-05 84
1772813370569 2.0765745978934862e-05 85
1772813380505 2.0235612791997665e-05 86
1772813390398 2.0801311704135064e-05 87
1772813400366 2.1674497086483394e-05 88
1772813410269 2.149502983240831e-05 89
1772813423619 2.1317012858105686e-05 90
1772813433542 2.2120710524056696e-05 91
1772813443536 2.2067880455607534e-05 92
1772813453631 2.0848927347362984e-05 93
1772813463617 2.1624387469610194e-05 94
1772813477057 2.1298447901482964e-05 95
1772813487030 2.094205954861922e-05 96
1772813496978 2.1421368275488573e-05 97
1772813506750 2.1089350259988494e-05 98
1772813516717 2.1219735643037088e-05 99
1772813530200 2.1666670555858553e-05 100
