1772812360038 6.466630896971091e-07 1
1772812370066 6.472767394582577e-07 2
1772812379612 6.255125430666829e-07 3
1772812389082 5.872624333258731e-07 4
1772812404489 5.826186743058862e-07 5
1772812413950 6.341067069359284e-07 6
1772812423467 6.231703609768671e-07 7
1772812432849 6.219658241442775e-07 8
1772812442268 6.329786654765697e-07 9
1772812455269 6.314798555948347e-07 10
1772812464592 6.315931172848512e-07 11
1772812474040 6.491940754744023e-07 12
1772812483388 6.020377919783135e-07 13
1772812492757 6.46071080177779e-07 14
1772812505735 6.183077523400535e-07 15
1772812515124 6.18921482158263e-07 16
1772812524508 6.191670052362267e-07 17
1772812533917 6.444755595431096e-07 18
1772812543150 6.069963211496732e-07 19
1772812556043 6.148799509523375e-07 20
1772812572502 5.946013650465095e-07 11
1772812582989 6.214027694595604e-07 12
1772812593573 6.88004925422773e-07 13
1772812603924 6.44415491571391e-07 14
1772812619735 6.049949365938073e-07 15
1772812629980 5.784267718984027e-07 16
1772812639937 6.375920776654937e-07 17
1772812649893 6.172571710788092e-07 18
1772812659794 6.215780987607097e-07 19
1772812673497 6.131634638608412e-07 20
1772812683614 6.123118787851688e-07 21
1772812693586 5.909662251243346e-07 22
1772812703551 6.437014412400774e-07 23
1772812713511 6.228991182438777e-07 24
1772812726944 6.190259898673745e-07 25
1772812736890 6.324887037531932e-07 26
1772812746763 5.915936892149336e-07 27
1772812756700 6.195559761444492e-07 28
1772812766671 6.083492670573947e-07 29
1772812780140 6.258009057278243e-07 30
1772812790062 6.108851216412284e-07 31
1772812799980 6.340116699301098e-07 32
1772812809917 6.122657418736949e-07 33
1772812819674 6.052333735012684e-07 34
1772812833204 6.106723910182576e-07 35
1772812843138 6.069720793375851e-07 36
1772812852951 6.21883678780151e-07 37
1772812862872 5.977298092586776e-07 38
1772812872753 6.110339949962248e-07 39
1772812886403 6.264176059550066e-07 40
1772812896690 6.212281185714204e-07 41
1772812906880 5.939397156244163e-07 42
1772812917025 6.274197846829486e-07 43
1772812927389 6.137736858652856e-07 44
1772812941146 6.154227056981315e-07 45
1772812951361 6.33634965907882e-07 46
1772812961625 6.436809695768029e-07 47
1772812971751 6.359371293487494e-07 48
1772812981886 6.246275914847071e-07 49
1772812995778 6.336831305358781e-07 50
1772813006051 6.539326566998964e-07 51
1772813016284 6.8233801952172e-07 52
1772813026438 6.674564754520103e-07 53
1772813036528 6.181014088246138e-07 54
1772813050365 6.276589429550337e-07 55
1772813060531 6.22283624323406e-07 56
1772813070756 6.148090547426375e-07 57
1772813080814 6.235731887412193e-07 58
1772813090790 6.156642078185563e-07 59
1772813104330 5.931207596462765e-07 60
1772813114479 6.421028977433362e-07 61
1772813124503 6.267970989667455e-07 62
1772813134468 6.412751712438999e-07 63
1772813144373 6.649779340359437e-07 64
1772813157856 6.141929922827226e-07 65
1772813167661 6.509147377197639e-07 66
1772813177575 6.465420502925046e-07 67
1772813187539 6.659906552462635e-07 68
1772813197514 6.468476599385199e-07 69
1772813211002 5.962897038945107e-07 70
1772813221070 6.533969486836931e-07 71
1772813230992 6.632948703747275e-07 72
1772813240927 6.510010384240836e-07 73
1772813250806 6.72390458050348e-07 74
1772813264200 5.969146507380145e-07 75
1772813274172 6.027804286425057e-07 76
1772813284260 6.235285532775506e-07 77
1772813294144 6.119209066817811e-07 78
1772813304078 6.187191468040262e-07 79
1772813317491 6.271112326213592e-07 80
1772813327370 6.367097649202651e-07 81
1772813337247 6.242776802258757e-07 82
1772813347156 6.254095897799534e-07 83
1772813357060 6.13254899863251e-07 84
1772813370569 6.008417777102745e-07 85
1772813380506 5.73999538137823e-07 86
1772813390398 6.034657299119677e-07 87
1772813400367 6.303659106406921e-07 88
1772813410269 6.079212517442756e-07 89
1772813423619 6.088807109991676e-07 90
1772813433542 6.284146425284361e-07 91
1772813443536 6.330296047587647e-07 92
1772813453632 6.048230066999793e-07 93
1772813463617 6.299973217588757e-07 94
1772813477057 6.103936834360337e-07 95
1772813487030 6.084041391279493e-07 96
1772813496979 6.235494143174325e-07 97
1772813506750 6.001028416021092e-07 98
1772813516718 6.108420029458258e-07 99
1772813530200 6.237405419583894e-07 100
