1772812360039 3.962411216839935e-05 1
1772812370067 4.084039929729861e-05 2
1772812379613 3.907831353072705e-05 3
1772812389083 3.670558289742611e-05 4
1772812404489 3.657563264336806e-05 5
1772812413951 3.9509061929805635e-05 6
1772812423468 3.854485567149807e-05 7
1772812432849 3.928418869849982e-05 8
1772812442269 4.018251929779322e-05 9
1772812455270 3.934895629827251e-05 10
1772812464593 3.827674750900879e-05 11
1772812474041 3.9259020411035775e-05 12
1772812483389 3.80185161248473e-05 13
1772812492757 3.928625046197025e-05 14
1772812505736 3.9140418901280655e-05 15
1772812515125 3.9637675661833245e-05 16
1772812524509 3.855417458360945e-05 17
1772812533918 3.952884324763736e-05 18
1772812543151 3.8936795129683396e-05 19
1772812556044 3.88954199618583e-05 20
1772812572502 3.667664043545677e-05 11
1772812582989 3.9321170352921946e-05 12
1772812593573 4.02967959864184e-05 13
1772812603925 4.028317534962926e-05 14
1772812619735 3.6862902914303526e-05 15
1772812629980 3.661557418934838e-05 16
1772812639941 3.75872492634202e-05 17
1772812649893 3.868382897006999e-05 18
1772812659794 3.797498828451808e-05 19
1772812673497 3.765471517831807e-05 20
1772812683614 3.88682970649579e-05 21
1772812693587 3.666259173789607e-05 22
1772812703551 3.7989384344386455e-05 23
1772812713511 3.830067986994026e-05 24
1772812726944 3.795596324177311e-05 25
1772812736890 3.831440813587376e-05 26
1772812746763 3.70711230129081e-05 27
1772812756701 3.771577685359484e-05 28
1772812766672 3.734683400464178e-05 29
1772812780140 3.8349910169389694e-05 30
1772812790062 3.840671051789648e-05 31
1772812799981 3.801269315840803e-05 32
1772812809918 3.706329499853433e-05 33
1772812819674 3.718747932645417e-05 34
1772812833204 3.7736253365472624e-05 35
1772812843138 3.7770974573893245e-05 36
1772812852951 3.7537855538323986e-05 37
1772812862872 3.6948979864284444e-05 38
1772812872753 3.747907368902596e-05 39
1772812886404 3.8178445090649e-05 40
1772812896690 3.813882500950141e-05 41
1772812906880 3.720798759094507e-05 42
1772812917025 3.776197406157304e-05 43
1772812927390 3.803081543590886e-05 44
1772812941146 3.859718848158469e-05 45
1772812951361 3.8639621940835564e-05 46
1772812961625 3.8443303644671755e-05 47
1772812971752 3.830637482801551e-05 48
1772812981886 3.744503567163706e-05 49
1772812995779 3.8619129071601217e-05 50
1772813006051 3.9426780088558845e-05 51
1772813016284 4.019652261379208e-05 52
1772813026439 4.0229803437914855e-05 53
1772813036528 3.802973665894813e-05 54
1772813050365 3.756608346288542e-05 55
1772813060532 3.846691233115998e-05 56
1772813070756 3.860780378925967e-05 57
1772813080815 3.839317729203924e-05 58
1772813090790 3.788472335900269e-05 59
1772813104331 3.71538477995369e-05 60
1772813114479 3.9598039306118184e-05 61
1772813124504 3.807497040718808e-05 62
1772813134469 3.889732376897147e-05 63
1772813144374 3.9590787432693125e-05 64
1772813157856 3.700069525874003e-05 65
1772813167661 3.7999642444403245e-05 66
1772813177575 3.794546506998688e-05 67
1772813187539 3.9691727053855987e-05 68
1772813197515 3.849466829449768e-05 69
1772813211002 3.6806384578391756e-05 70
1772813221070 3.94329122690996e-05 71
1772813230992 3.9076978671497985e-05 72
1772813240928 3.8530160898302194e-05 73
1772813250806 4.007371532389446e-05 74
1772813264200 3.627517654553119e-05 75
1772813274173 3.6911631751446396e-05 76
1772813284260 3.884049560248387e-05 77
1772813294145 3.741448688954682e-05 78
1772813304078 3.768096739932164e-05 79
1772813317491 3.8211336502534513e-05 80
1772813327370 3.7903024278754835e-05 81
1772813337247 3.7424202080405076e-05 82
1772813347156 3.760980856782024e-05 83
1772813357060 3.79155351667371e-05 84
1772813370569 3.663177998531558e-05 85
1772813380506 3.609188730984521e-05 86
1772813390398 3.6448642325845386e-05 87
1772813400367 3.856788127403049e-05 88
1772813410270 3.7690154703204735e-05 89
1772813423619 3.735959739245874e-05 90
1772813433542 3.815036846759174e-05 91
1772813443536 3.793651308612785e-05 92
1772813453632 3.691393329873321e-05 93
1772813463617 3.873892631181281e-05 94
1772813477057 3.745544518315266e-05 95
1772813487030 3.7791822855942866e-05 96
1772813496979 3.8044612519760997e-05 97
1772813506750 3.735500038603166e-05 98
1772813516718 3.820420596798068e-05 99
1772813530200 3.821514860756016e-05 100
