1772812360037 2.3093553746456777e-05 1
1772812370065 2.3155104188052382e-05 2
1772812379611 2.249085860985466e-05 3
1772812389081 2.1391802870723157e-05 4
1772812404488 2.1212499044022574e-05 5
1772812413949 2.2772153697257773e-05 6
1772812423466 2.2439821442995425e-05 7
1772812432848 2.256932234518296e-05 8
1772812442267 2.2858539294826925e-05 9
1772812455268 2.2801795438176224e-05 10
1772812464592 2.2807813188246307e-05 11
1772812474039 2.2820921272741324e-05 12
1772812483388 2.1819778781619707e-05 13
1772812492756 2.331181977666498e-05 14
1772812505735 2.261218950607932e-05 15
1772812515123 2.2961445856795676e-05 16
1772812524508 2.267573759387259e-05 17
1772812533916 2.319049079838501e-05 18
1772812543149 2.2902726755312247e-05 19
1772812556042 2.2563470778014968e-05 20
1772812572502 2.1265364438352096e-05 11
1772812582989 2.2169360680320812e-05 12
1772812593574 2.2814992043232056e-05 13
1772812603925 2.2406278019919927e-05 14
1772812619736 2.1275899131725832e-05 15
1772812629981 2.1003770690549528e-05 16
1772812639941 2.1392460060736256e-05 17
1772812649893 2.176450826251352e-05 18
1772812659794 2.2049115138901904e-05 19
1772812673497 2.1564952882110946e-05 20
1772812683615 2.1984789165242006e-05 21
1772812693587 2.1131176917130988e-05 22
1772812703551 2.2424266092524867e-05 23
1772812713511 2.1935993129787354e-05 24
1772812726944 2.191903184441494e-05 25
1772812736890 2.2296535586430706e-05 26
1772812746763 2.1087172543065342e-05 27
1772812756701 2.196056304442462e-05 28
1772812766672 2.1685813339721954e-05 29
1772812780140 2.218873008652141e-05 30
1772812790063 2.1889298857111947e-05 31
1772812799981 2.2003533180801308e-05 32
1772812809918 2.1513883369543762e-05 33
1772812819675 2.16625666541212e-05 34
1772812833204 2.183424990311492e-05 35
1772812843139 2.1990583724173528e-05 36
1772812852952 2.191739739923134e-05 37
1772812862873 2.1266856131071146e-05 38
1772812872753 2.1794970691827033e-05 39
1772812886404 2.1959201394024115e-05 40
1772812896690 2.2173352970380483e-05 41
1772812906880 2.138098935182885e-05 42
1772812917025 2.1769757749941218e-05 43
1772812927390 2.1651304525970175e-05 44
1772812941146 2.1904448374902035e-05 45
1772812951361 2.2289869130935593e-05 46
1772812961626 2.2297793436874288e-05 47
1772812971752 2.273537826079535e-05 48
1772812981886 2.1693555815208153e-05 49
1772812995779 2.2026022426112757e-05 50
1772813006051 2.2807911167022818e-05 51
1772813016284 2.3280256430475995e-05 52
1772813026439 2.292876211120993e-05 53
1772813036529 2.1754625669331163e-05 54
1772813050365 2.1754741587241765e-05 55
1772813060532 2.1915198199981637e-05 56
1772813070756 2.2069573506682697e-05 57
1772813080815 2.2135247227987882e-05 58
1772813090791 2.176424893328844e-05 59
1772813104331 2.1310319422739504e-05 60
1772813114479 2.2738941784560756e-05 61
1772813124504 2.2116713820574457e-05 62
1772813134469 2.230116912420002e-05 63
1772813144374 2.261993271054917e-05 64
1772813157856 2.1363152651821378e-05 65
1772813167661 2.1900225294937962e-05 66
1772813177575 2.2268775909796887e-05 67
1772813187539 2.280242086849214e-05 68
1772813197515 2.247422616836356e-05 69
1772813211002 2.1093107004476985e-05 70
1772813221071 2.2656155473842196e-05 71
1772813230992 2.2424429048348587e-05 72
1772813240928 2.2272793335301247e-05 73
1772813250806 2.330826821092829e-05 74
1772813264200 2.1206094535981263e-05 75
1772813274173 2.1116088831445684e-05 76
1772813284260 2.204485269493574e-05 77
1772813294145 2.182829770658991e-05 78
1772813304078 2.1675746540501128e-05 79
1772813317492 2.1925178091126686e-05 80
1772813327370 2.2159604455862607e-05 81
1772813337248 2.2057968149973662e-05 82
1772813347157 2.2452029951992002e-05 83
1772813357060 2.2009080864400593e-05 84
1772813370569 2.1051156532331004e-05 85
1772813380506 2.0674492246915056e-05 86
1772813390399 2.0942939268644325e-05 87
1772813400367 2.2141985202387286e-05 88
1772813410270 2.189036147983115e-05 89
1772813423620 2.1382642827448084e-05 90
1772813433543 2.2348393363402083e-05 91
1772813443536 2.2339015541144188e-05 92
1772813453632 2.13998166854948e-05 93
1772813463618 2.20060953575012e-05 94
1772813477057 2.189023024371765e-05 95
1772813487031 2.1831100428636857e-05 96
1772813496979 2.189115208103152e-05 97
1772813506750 2.1472268155482005e-05 98
1772813516718 2.2072728899915877e-05 99
1772813530201 2.1995256115666932e-05 100
