1772811731920 0.0003327085141791031 1
1772811741062 nan 2
1772811750852 nan 3
1772811760347 nan 4
1772811776940 nan 5
1772811786247 nan 6
1772811796078 nan 7
1772811805850 nan 8
1772811815621 nan 9
1772811828893 nan 10
1772811838107 nan 11
1772811847121 nan 12
1772811856701 nan 13
1772811866145 nan 14
1772811878992 nan 15
1772811888341 nan 16
1772811898188 nan 17
1772811907680 nan 18
1772811917803 nan 19
1772811931246 nan 20
1772811955025 0.0003077080036746338 21
1772811966106 nan 22
1772811976281 nan 23
1772811986260 nan 24
1772812001743 nan 25
1772812012056 nan 26
1772812022321 nan 27
1772812032503 nan 28
1772812042737 nan 29
