1772811731918 8.05624877102673e-05 1
1772811741060 nan 2
1772811750850 nan 3
1772811760345 nan 4
1772811776939 nan 5
1772811786245 nan 6
1772811796076 nan 7
1772811805848 nan 8
1772811815620 nan 9
1772811828891 nan 10
1772811838104 nan 11
1772811847119 nan 12
1772811856699 nan 13
1772811866143 nan 14
1772811878990 nan 15
1772811888338 nan 16
1772811898186 nan 17
1772811907678 nan 18
1772811917800 nan 19
1772811931244 nan 20
1772811955025 9.156249871011823e-05 21
1772811966106 nan 22
1772811976281 nan 23
1772811986260 nan 24
1772812001743 nan 25
1772812012057 nan 26
1772812022322 nan 27
1772812032503 nan 28
1772812042737 nan 29
