1772811731919 187.74234404133796 1
1772811741061 170.13655584869906 2
1772811750852 153.93357541737979 3
1772811760346 139.4982140859732 4
1772811776940 127.29015528643087 5
1772811786247 117.88862679010548 6
1772811796077 112.02348916578359 7
1772811805850 110.61440903895375 8
1772811815621 114.82021966929487 9
1772811828892 126.10111813966205 10
1772811838106 146.29703741967836 11
1772811847121 177.72639970896003 12
1772811856701 198.2018426237852 13
1772811866144 179.93537722257554 14
1772811878992 162.8999047813996 15
1772811888341 147.41555525937937 16
1772811898188 133.88571053154237 17
1772811907679 122.8186551438074 18
