1772811731922 187.74234404133796 1
1772811741063 170.13655584869906 2
1772811750854 153.93357541737979 3
1772811760349 139.4982140859732 4
1772811776942 127.29015528643087 5
1772811786250 117.88862679010548 6
1772811796080 112.02348916578359 7
1772811805852 110.61440903895375 8
1772811815623 114.82021966929487 9
1772811828897 126.10111813966205 10
1772811838110 146.29703741967836 11
1772811847123 177.72639970896003 12
1772811856704 198.2018426237852 13
1772811866147 179.93537722257554 14
1772811878994 162.8999047813996 15
1772811888344 147.41555525937937 16
1772811898190 133.88571053154237 17
1772811907682 122.8186551438074 18
1772811917806 114.85485708845219 19
1772811931248 110.80134316262385 20
1772811955025 187.74234404133796 21
1772811966107 170.13655584869906 22
1772811976282 153.93357541737979 23
1772811986261 139.4982140859732 24
1772812001744 127.29015528643087 25
1772812012058 117.88862679010548 26
1772812022322 112.02348916578359 27
1772812032504 110.61440903895375 28
1772812042738 114.82021966929487 29
