1772811731917 2.6580597753975935e-05 1
1772811741059 2.1016573988816285e-05 2
1772811750849 2.8594158681651424e-05 3
1772811760344 2.436694017760375e-05 4
1772811776938 2.6854806004882124e-05 5
1772811786244 2.2473473613372824e-05 6
1772811796075 2.1682595012098135e-05 7
1772811805847 2.63510410557629e-05 8
1772811815619 2.7087198774707614e-05 9
1772811828890 3.500923310751107e-05 10
1772811838104 2.1169610307123984e-05 11
1772811847118 2.1167986648866858e-05 12
1772811856698 2.1534893858347502e-05 13
1772811866142 2.103359417987145e-05 14
1772811878990 2.0609809417933305e-05 15
1772811888336 2.1101246101429288e-05 16
1772811898186 2.2155729759788616e-05 17
1772811907677 2.3453320038715507e-05 18
