1772811731918 -1.4702479044596353e-06 1
1772811741060 5.790165492466516e-07 2
1772811750850 -1.5667506626674109e-06 3
1772811760345 -8.685248238699777e-06 4
1772811776939 1.2942722865513391e-06 5
1772811786246 -5.040849958147321e-06 6
1772811796076 3.4740992954799107e-06 7
1772811805848 -3.5422188895089283e-06 8
1772811815620 1.3623918805803572e-06 9
1772811828891 2.895082746233259e-06 10
1772811838105 8.855547223772321e-07 11
1772811847119 -2.724783761160714e-07 12
1772811856700 7.947285970052085e-07 13
1772811866143 1.873288835797991e-06 14
1772811878991 3.746577671595982e-07 15
1772811888338 4.15529523577009e-06 16
1772811898187 -3.0994415283203125e-06 17
1772811907678 1.1239733014787947e-06 18
