1772811731917 -2.002716064453125e-05 1
1772811741059 -1.811981201171875e-05 2
1772811750849 -1.33514404296875e-05 3
1772811760344 -2.86102294921875e-05 4
1772811776938 -2.09808349609375e-05 5
1772811786244 -2.002716064453125e-05 6
1772811796075 -1.52587890625e-05 7
1772811805847 -2.09808349609375e-05 8
1772811815619 -2.9087066650390625e-05 9
1772811828890 -1.0967254638671875e-05 10
1772811838103 -2.6226043701171875e-05 11
1772811847118 -1.7642974853515625e-05 12
1772811856698 -2.09808349609375e-05 13
1772811866142 -1.9073486328125e-05 14
1772811878989 -8.58306884765625e-06 15
1772811888336 -1.3828277587890625e-05 16
1772811898185 -2.574920654296875e-05 17
1772811907677 -9.5367431640625e-06 18
