1772811731917 0.2021682395012855 1
1772811741059 0.19275694057120873 2
1772811750849 0.21963255935614662 3
1772811760344 0.21061382421716449 4
1772811776938 0.232352738287383 5
1772811786244 0.1988665537854623 6
1772811796075 0.20597296135175774 7
1772811805847 0.19455289572111464 8
1772811815619 0.22243732428510807 9
1772811828890 0.2202658331433278 10
1772811838103 0.190812883923562 11
1772811847118 0.18590992556918146 12
1772811856698 0.18836553474829998 13
1772811866142 0.19531736899391813 14
1772811878989 0.19182255942723714 15
1772811888335 0.1914072380002056 16
1772811898185 0.20744324678837855 17
1772811907676 0.19737623785372957 18
