1772811731921 289.0 1
1772811741063 289.0 2
1772811750854 289.0 3
1772811760348 289.0 4
1772811776942 289.0 5
1772811786249 289.0 6
1772811796079 289.0 7
1772811805852 289.0 8
1772811815623 289.0 9
1772811828896 289.0 10
1772811838109 289.0 11
1772811847123 289.0 12
1772811856703 289.0 13
1772811866146 289.0 14
1772811878994 289.0 15
1772811888344 289.0 16
1772811898190 289.0 17
1772811907682 289.0 18
1772811917805 289.0 19
1772811931247 289.0 20
1772811955026 289.0 21
1772811966108 289.0 22
1772811976283 289.0 23
1772811986262 289.0 24
1772812001745 289.0 25
1772812012059 289.0 26
1772812022323 289.0 27
1772812032505 289.0 28
1772812042739 289.0 29
