1772811731918 1.811981201171875e-05 1
1772811741061 3.24249267578125e-05 2
1772811750851 1.8596649169921875e-05 3
1772811760345 1.33514404296875e-05 4
1772811776939 2.0503997802734375e-05 5
1772811786246 1.33514404296875e-05 6
1772811796077 2.2411346435546875e-05 7
1772811805848 2.7179718017578125e-05 8
1772811815620 2.2411346435546875e-05 9
1772811828891 2.0503997802734375e-05 10
1772811838105 1.3828277587890625e-05 11
1772811847120 2.0503997802734375e-05 12
1772811856700 1.6689300537109375e-05 13
1772811866143 2.193450927734375e-05 14
1772811878991 8.58306884765625e-06 15
1772811888339 2.0503997802734375e-05 16
1772811898187 1.52587890625e-05 17
1772811907678 2.0503997802734375e-05 18
1772811917801 4.100799560546875e-05 19
1772811931244 2.6702880859375e-05 20
1772811955027 3.0517578125e-05 21
1772811966109 8.58306884765625e-06 22
1772811976283 5.7220458984375e-06 23
1772811986263 4.76837158203125e-06 24
1772812001745 1.1444091796875e-05 25
1772812012059 3.0517578125e-05 26
1772812022324 1.1444091796875e-05 27
1772812032505 1.9073486328125e-06 28
1772812042739 1.52587890625e-05 29
