1772811731918 289.0 1
1772811741060 289.0 2
1772811750850 289.0 3
1772811760344 289.0 4
1772811776938 289.0 5
1772811786245 289.0 6
1772811796076 289.0 7
1772811805848 289.0 8
1772811815619 289.0 9
1772811828890 289.0 10
1772811838104 289.0 11
1772811847119 289.0 12
1772811856699 289.0 13
1772811866143 289.0 14
1772811878990 289.0 15
1772811888337 289.0 16
1772811898186 289.0 17
1772811907677 289.0 18
1772811917800 289.0 19
1772811931243 289.0 20
1772811955026 289.0 21
1772811966108 289.0 22
1772811976283 289.0 23
1772811986262 289.0 24
1772812001745 289.0 25
1772812012058 289.0 26
1772812022323 289.0 27
1772812032504 289.0 28
1772812042739 289.0 29
