1772811731916 289.0 1
1772811741059 289.0 2
1772811750848 289.0 3
1772811760343 289.0 4
1772811776937 289.0 5
1772811786243 289.0 6
1772811796075 289.0 7
1772811805847 289.0 8
1772811815618 289.0 9
1772811828889 289.0 10
1772811838102 289.0 11
1772811847117 289.0 12
1772811856697 289.0 13
1772811866141 289.0 14
1772811878989 289.0 15
1772811888334 289.0 16
1772811898185 289.0 17
1772811907676 289.0 18
1772811917798 289.0 19
1772811931242 289.0 20
1772811955027 289.0 21
1772811966109 289.0 22
1772811976283 289.0 23
1772811986263 289.0 24
1772812001745 289.0 25
1772812012059 289.0 26
1772812022323 289.0 27
1772812032505 289.0 28
1772812042739 289.0 29
