1772811731921 4000.0 1
1772811741062 4000.0 2
1772811750853 4000.0 3
1772811760348 4000.0 4
1772811776941 4000.0 5
1772811786248 4000.0 6
1772811796078 4000.0 7
1772811805851 4000.0 8
1772811815622 4000.0 9
1772811828894 4000.0 10
1772811838108 4000.0 11
1772811847122 4000.0 12
1772811856702 4000.0 13
1772811866146 4000.0 14
1772811878993 4000.0 15
1772811888342 4000.0 16
1772811898189 4000.0 17
1772811907681 4000.0 18
1772811917804 4000.0 19
1772811931247 4000.0 20
1772811955028 4000.0 21
1772811966110 4000.0 22
1772811976289 4000.0 23
1772811986264 4000.0 24
1772812001746 4000.0 25
1772812012060 4000.0 26
1772812022329 4000.0 27
1772812032506 4000.0 28
1772812042740 4000.0 29
