1772811731921 4000.0 1
1772811741063 8000.0 2
1772811750854 12000.0 3
1772811760348 16000.0 4
1772811776942 20000.0 5
1772811786249 24000.0 6
1772811796079 28000.0 7
1772811805852 32000.0 8
1772811815623 36000.0 9
1772811828895 40000.0 10
1772811838109 44000.0 11
1772811847123 48000.0 12
1772811856703 52000.0 13
1772811866146 56000.0 14
1772811878993 60000.0 15
1772811888343 64000.0 16
1772811898189 68000.0 17
1772811907681 72000.0 18
1772811917805 76000.0 19
1772811931247 80000.0 20
1772811955028 84000.0 21
1772811966111 88000.0 22
1772811976289 92000.0 23
1772811986264 96000.0 24
1772812001746 100000.0 25
1772812012061 104000.0 26
1772812022329 108000.0 27
1772812032507 112000.0 28
1772812042740 116000.0 29
