1772811731919 12.0 1
1772811741061 14.0 2
1772811750851 14.0 3
1772811760346 14.0 4
1772811776940 14.0 5
1772811786246 14.0 6
1772811796077 14.0 7
1772811805849 14.0 8
1772811815620 14.0 9
1772811828891 14.0 10
1772811838106 14.0 11
1772811847120 14.0 12
1772811856700 12.0 13
1772811866144 14.0 14
1772811878991 14.0 15
1772811888339 14.0 16
1772811898187 14.0 17
1772811907679 14.0 18
1772811917801 14.0 19
1772811931245 14.0 20
1772811955028 12.0 21
1772811966111 14.0 22
1772811976289 14.0 23
1772811986264 14.0 24
1772812001747 14.0 25
1772812012061 14.0 26
1772812022329 14.0 27
1772812032507 14.0 28
1772812042741 14.0 29
