1772811731921 0.000129722303423489 1
1772811741063 0.00011876960932477769 2
1772811750853 0.00013614831479410338 3
1772811760348 0.00012521030246281017 4
1772811776941 0.00013212724120021361 5
1772811786249 0.00012002505089976343 6
1772811796079 0.00011803125202104511 7
1772811805851 0.00013210524670647744 8
1772811815622 0.00013310278941505306 9
1772811828894 0.00015589612598089026 10
1772811838108 0.00011798512662900266 11
1772811847122 0.00011700970170739067 12
1772811856703 0.00011808444031799625 13
1772811866146 0.00011749675269126018 14
1772811878993 0.00011914086801011531 15
1772811888343 0.00012048852465009648 16
1772811898189 0.00012205199000314442 17
1772811907681 0.0001243619081763806 18
1772811917804 0.0001257510690414342 19
1772811931247 0.00012151529162717349 20
1772811955029 0.00012073147453150318 21
1772811966112 0.00013392505238064492 22
1772811976290 0.0001317927049212997 23
1772811986265 0.00012035484621574007 24
1772812001747 0.00012466513937461958 25
1772812012061 0.000126137860428335 26
1772812022331 0.00012234802772519732 27
1772812032507 0.00012437726542633895 28
1772812042741 0.00012332879684725666 29
