1772811731920 1.4361030000000028 1
1772811741062 1.355659729015315 2
1772811750852 1.5776489790005144 3
1772811760347 1.4912587504950352 4
1772811776941 1.6554895414883504 5
1772811786248 1.408339020999847 6
1772811796078 1.4657500629982678 7
1772811805851 1.393809583503753 8
1772811815622 1.5903177080035675 9
1772811828893 1.574244917006581 10
1772811838108 1.3469701040157815 11
1772811847122 1.3248595414770534 12
1772811856702 1.334198270487832 13
1772811866145 1.392700666503515 14
1772811878993 1.367340354496264 15
1772811888342 1.363527832989348 16
1772811898189 1.47600077050447 17
1772811907680 1.4117470829805825 18
1772811917803 1.5580150624882663 19
1772811931246 1.5988944790005917 20
1772811955029 1.3087931254995055 21
1772811966112 1.428284187510144 22
1772811976290 1.595063687505899 23
1772811986265 1.3590301034855656 24
1772812001748 1.401221791500575 25
1772812012062 1.3253366665012436 26
1772812022331 1.542135187497479 27
1772812032508 1.3314297915057978 28
1772812042741 1.4078296664956724 29
