1772811741064 8.123759104521014 2
1772811750855 7.772884041492944 3
1772811760349 8.231109395987005 4
1772811776942 7.980973792000441 5
1772811786250 14.942323353490792 6
1772811796080 7.892114228990977 7
1772811805853 8.367370749503607 8
1772811815623 8.402059250001912 9
1772811828898 8.155155083499267 10
1772811838110 11.712138229006086 11
1772811847123 7.854169312500744 12
1772811856704 7.690953999990597 13
1772811866147 8.252180937008234 14
1772811878994 8.039439562504413 15
1772811888344 11.483375499999966 16
1772811898190 7.97954045800725 17
1772811907682 8.391206187501666 18
1772811917806 8.080577104003169 19
1772811931248 8.566259292012546 20
1772811955029 nan 21
1772811966112 8.311961436993442 22
1772811976290 9.6896022084984 23
1772811986265 8.548790416491101 24
1772812001748 8.62526860399521 25
1772812012062 14.067894333507866 26
1772812022332 9.005197374994168 27
1772812032508 8.716761103991303 28
1772812042742 8.850994874999742 29
