1772811731919 0.0 1
1772811741061 1.0 2
1772811750851 2.0 3
1772811760346 3.0 4
1772811776940 4.0 5
1772811786247 5.0 6
1772811796077 6.0 7
1772811805849 7.0 8
1772811815621 8.0 9
1772811828892 9.0 10
1772811838106 10.0 11
1772811847120 11.0 12
1772811856701 12.0 13
1772811866144 13.0 14
1772811878992 14.0 15
1772811888340 15.0 16
1772811898187 16.0 17
1772811907679 17.0 18
1772811917802 18.0 19
1772811931245 19.0 20
1772811955030 20.0 21
1772811966113 21.0 22
1772811976291 22.0 23
1772811986266 23.0 24
1772812001748 24.0 25
1772812012062 25.0 26
1772812022332 26.0 27
1772812032508 27.0 28
1772812042742 28.0 29
