1772811731843 0.00010864497650971377 1
1772811740968 0.00010733811066298876 2
1772811750759 0.0001315520922003674 3
1772811760250 0.00011656338286476363 4
1772811776842 0.0001266056116379772 5
1772811786150 0.00011253775792763774 6
1772811795988 0.00010533579575355405 7
1772811805721 0.00011198615898004563 8
1772811815481 0.0001224341093365126 9
1772811828797 0.00014466542613203578 10
1772811837886 0.00010066701324460263 11
1772811847026 0.00010224949598973884 12
1772811856600 0.00010232690332277807 13
1772811866051 0.00010184563428522112 14
1772811878902 0.00010394325791906401 15
1772811888237 0.00010602442544538652 16
1772811898065 0.00011251748936778078 17
1772811907538 0.00011289548437927106 18
