1772811731891 1.0 1
1772811741020 1.0 2
1772811750809 1.0 3
1772811760300 1.0 4
1772811776886 1.0 5
1772811786198 1.0 6
1772811796035 1.0 7
1772811805787 1.0 8
1772811815528 1.0 9
1772811828841 1.0 10
1772811837936 1.0 11
1772811847073 1.0 12
1772811856649 1.0 13
1772811866096 1.0 14
1772811878947 1.0 15
1772811888287 1.0 16
1772811898114 1.0 17
1772811907592 1.0 18
1772811917568 1.0 19
1772811931122 1.0 20
1772811948635 1.0 11
1772811958776 1.0 12
1772811969776 1.0 13
1772811979667 1.0 14
1772811995447 1.0 15
1772812005157 1.0 16
1772812015679 1.0 17
1772812025884 1.0 18
1772812036145 1.0 19
