1772811732024 0.341434667003341 1
1772811741151 0.37908587499987334 2
1772811750960 0.3534308329981286 3
1772811760435 0.3356240839930251 4
1772811777033 0.3655363750003744 5
1772811786334 0.3872430000046734 6
1772811796166 0.35175633401377127 7
1772811805958 0.36331904100370593 8
1772811815710 0.40795900000375696 9
1772811828996 0.38838141699670814 10
1772811838196 0.24443083300138824 11
1772811847213 0.24238479198538698 12
1772811856798 0.34319354200852104 13
1772811866231 0.38250220799818635 14
1772811879082 0.34502783298376016 15
1772811888427 0.3458565000037197 16
1772811898291 0.3616818330192473 17
1772811907784 0.4048033329891041 18
1772811917897 0.4471434169972781 19
1772811931336 0.25579533400014043 20
1772811955115 0.3395557499898132 21
1772811966228 0.37168079099501483 22
1772811976377 0.38907470798585564 23
1772811986360 0.33064620799268596 24
1772812001831 0.3339242080110125 25
1772812012159 0.35876529198139906 26
1772812022420 0.26307074999203905 27
1772812032601 0.24910883299889974 28
1772812042827 0.3450566249957774 29
