1772812359772 0.0 1
1772812369813 0.0 2
1772812379375 0.0 3
1772812388842 0.0 4
1772812404531 0.0 5
1772812413990 0.0 6
1772812423552 0.0 7
1772812432948 0.0 8
1772812442429 0.0 9
1772812455399 0.0 10
1772812464878 0.0 11
1772812474203 0.0 12
1772812483562 0.0 13
1772812492960 0.0 14
1772812505923 0.0 15
1772812515322 0.0 16
1772812524714 0.0 17
1772812534136 0.0 18
1772812543468 0.0 19
1772812556223 0.0 20
1772812579121 0.0 21
1772812589538 0.0 22
1772812600105 0.0 23
1772812610031 0.0 24
1772812626119 0.0 25
1772812636052 0.0 26
1772812646043 0.0 27
1772812655980 0.0 28
1772812665855 0.0 29
1772812679658 0.0 30
1772812696675 0.0 21
1772812706655 0.0 22
1772812716574 0.0 23
1772812726381 0.0 24
1772812742181 0.0 25
1772812752096 0.0 26
1772812762077 0.0 27
1772812772064 0.0 28
1772812781934 0.0 29
1772812795480 0.0 30
1772812812323 0.0 31
1772812822178 0.0 32
1772812832015 0.0 33
1772812841905 0.0 34
1772812857682 0.0 35
1772812867590 0.0 36
1772812877464 0.0 37
1772812887684 0.0 38
1772812897905 0.0 39
1772812911714 0.0 40
1772812929340 0.0 41
1772812939414 0.0 42
1772812949553 0.0 43
1772812959803 0.0 44
1772812976027 0.0 45
1772812986260 0.0 46
1772812996508 0.0 47
1772813006766 0.0 48
1772813017003 0.0 49
1772813030774 0.0 50
1772813048050 0.0 51
1772813058143 0.0 52
1772813068303 0.0 53
1772813078529 0.0 54
1772813094466 0.0 55
1772813104391 0.0 56
1772813114536 0.0 57
1772813124595 0.0 58
1772813134561 0.0 59
1772813148043 0.0 60
1772813158002 0.0 61
1772813167917 0.0 62
1772813177811 0.0 63
1772813187781 0.0 64
1772813201240 0.0 65
1772813211163 0.0 66
1772813221265 0.0 67
1772813231251 0.0 68
1772813241227 0.0 69
1772813254803 0.0 70
1772813271136 0.0 71
1772813281142 0.0 72
1772813291029 0.0 73
1772813300890 0.0 74
1772813316641 0.0 75
1772813326554 0.0 76
1772813336535 0.0 77
1772813346468 0.0 78
1772813356368 0.0 79
1772813369885 0.0 80
1772813386377 0.0 81
1772813396315 0.0 82
1772813406223 0.0 83
1772813416091 0.0 84
1772813431806 0.0 85
1772813441790 0.0 86
1772813451715 0.0 87
1772813461754 0.0 88
1772813471681 0.0 89
1772813485138 0.0 90
1772813495117 0.0 91
1772813505005 0.0 92
1772813514939 0.0 93
1772813524906 0.0 94
1772813537774 0.0 95
1772813547083 0.0 96
1772813556498 0.0 97
1772813565782 0.0 98
1772813575325 0.0 99
1772813588350 1.0 100
