1772812359775 1.0 1
1772812369816 2.0 2
1772812379377 3.0 3
1772812388844 4.0 4
1772812404533 5.0 5
1772812413992 6.0 6
1772812423554 7.0 7
1772812432951 8.0 8
1772812442431 9.0 9
1772812455401 10.0 10
1772812464882 11.0 11
1772812474206 12.0 12
1772812483564 13.0 13
1772812492964 14.0 14
1772812505925 15.0 15
1772812515324 16.0 16
1772812524716 17.0 17
1772812534139 18.0 18
1772812543471 19.0 19
1772812556225 20.0 20
1772812579124 1.0 21
1772812589540 2.0 22
1772812600107 3.0 23
1772812610033 4.0 24
1772812626121 5.0 25
1772812636054 6.0 26
1772812646045 7.0 27
1772812655982 8.0 28
1772812665857 9.0 29
1772812679660 10.0 30
1772812696677 1.0 21
1772812706661 2.0 22
1772812716576 3.0 23
1772812726383 4.0 24
1772812742183 5.0 25
1772812752098 6.0 26
1772812762079 7.0 27
1772812772066 8.0 28
1772812781937 9.0 29
1772812795482 10.0 30
1772812812325 1.0 31
1772812822180 2.0 32
1772812832017 3.0 33
1772812841908 4.0 34
1772812857683 5.0 35
1772812867592 6.0 36
1772812877466 7.0 37
1772812887686 8.0 38
1772812897907 9.0 39
1772812911716 10.0 40
1772812929342 1.0 41
1772812939416 2.0 42
1772812949555 3.0 43
1772812959805 4.0 44
1772812976029 5.0 45
1772812986263 6.0 46
1772812996510 7.0 47
1772813006768 8.0 48
1772813017005 9.0 49
1772813030776 10.0 50
1772813048052 1.0 51
1772813058145 2.0 52
1772813068305 3.0 53
1772813078531 4.0 54
1772813094468 5.0 55
1772813104394 6.0 56
1772813114538 7.0 57
1772813124597 8.0 58
1772813134564 9.0 59
1772813148045 10.0 60
1772813158004 11.0 61
1772813167919 12.0 62
1772813177814 13.0 63
1772813187783 14.0 64
1772813201243 15.0 65
1772813211168 16.0 66
1772813221267 17.0 67
1772813231253 18.0 68
1772813241229 19.0 69
1772813254805 20.0 70
1772813271138 1.0 71
1772813281144 2.0 72
1772813291031 3.0 73
1772813300893 4.0 74
1772813316645 5.0 75
1772813326556 6.0 76
1772813336537 7.0 77
1772813346470 8.0 78
1772813356370 9.0 79
1772813369887 10.0 80
1772813386379 1.0 81
1772813396317 2.0 82
1772813406225 3.0 83
1772813416093 4.0 84
1772813431808 5.0 85
1772813441792 6.0 86
1772813451717 7.0 87
1772813461756 8.0 88
1772813471683 9.0 89
1772813485140 10.0 90
1772813495119 11.0 91
1772813505007 12.0 92
1772813514941 13.0 93
1772813524908 14.0 94
1772813537776 15.0 95
1772813547085 16.0 96
1772813556500 17.0 97
1772813565784 18.0 98
1772813575327 19.0 99
1772813588352 20.0 100
