1772812359772 4000.0 1
1772812369813 8000.0 2
1772812379375 12000.0 3
1772812388841 16000.0 4
1772812404530 20000.0 5
1772812413990 24000.0 6
1772812423552 28000.0 7
1772812432948 32000.0 8
1772812442428 36000.0 9
1772812455399 40000.0 10
1772812464878 44000.0 11
1772812474203 48000.0 12
1772812483561 52000.0 13
1772812492960 56000.0 14
1772812505923 60000.0 15
1772812515322 64000.0 16
1772812524714 68000.0 17
1772812534136 72000.0 18
1772812543468 76000.0 19
1772812556222 80000.0 20
1772812579121 84000.0 21
1772812589537 88000.0 22
1772812600104 92000.0 23
1772812610031 96000.0 24
1772812626119 100000.0 25
1772812636051 104000.0 26
1772812646043 108000.0 27
1772812655980 112000.0 28
1772812665854 116000.0 29
1772812679657 120000.0 30
1772812696675 84000.0 21
1772812706655 88000.0 22
1772812716574 92000.0 23
1772812726381 96000.0 24
1772812742180 100000.0 25
1772812752095 104000.0 26
1772812762076 108000.0 27
1772812772063 112000.0 28
1772812781934 116000.0 29
1772812795480 120000.0 30
1772812812323 124000.0 31
1772812822178 128000.0 32
1772812832014 132000.0 33
1772812841905 136000.0 34
1772812857681 140000.0 35
1772812867590 144000.0 36
1772812877464 148000.0 37
1772812887683 152000.0 38
1772812897904 156000.0 39
1772812911713 160000.0 40
1772812929340 164000.0 41
1772812939414 168000.0 42
1772812949553 172000.0 43
1772812959802 176000.0 44
1772812976027 180000.0 45
1772812986260 184000.0 46
1772812996507 188000.0 47
1772813006766 192000.0 48
1772813017002 196000.0 49
1772813030774 200000.0 50
1772813048049 204000.0 51
1772813058143 208000.0 52
1772813068303 212000.0 53
1772813078529 216000.0 54
1772813094466 220000.0 55
1772813104391 224000.0 56
1772813114535 228000.0 57
1772813124595 232000.0 58
1772813134561 236000.0 59
1772813148043 240000.0 60
1772813158002 244000.0 61
1772813167917 248000.0 62
1772813177811 252000.0 63
1772813187780 256000.0 64
1772813201240 260000.0 65
1772813211162 264000.0 66
1772813221265 268000.0 67
1772813231250 272000.0 68
1772813241227 276000.0 69
1772813254803 280000.0 70
1772813271136 284000.0 71
1772813281142 288000.0 72
1772813291029 292000.0 73
1772813300890 296000.0 74
1772813316641 300000.0 75
1772813326554 304000.0 76
1772813336535 308000.0 77
1772813346468 312000.0 78
1772813356368 316000.0 79
1772813369885 320000.0 80
1772813386377 324000.0 81
1772813396315 328000.0 82
1772813406223 332000.0 83
1772813416091 336000.0 84
1772813431806 340000.0 85
1772813441790 344000.0 86
1772813451715 348000.0 87
1772813461754 352000.0 88
1772813471681 356000.0 89
1772813485137 360000.0 90
1772813495117 364000.0 91
1772813505005 368000.0 92
1772813514939 372000.0 93
1772813524906 376000.0 94
1772813537774 380000.0 95
1772813547083 384000.0 96
1772813556497 388000.0 97
1772813565782 392000.0 98
1772813575325 396000.0 99
1772813588350 400000.0 100
