1772812359771 1.0 1
1772812369813 1.0 2
1772812379374 1.0 3
1772812388841 1.0 4
1772812404530 1.0 5
1772812413990 1.0 6
1772812423551 1.0 7
1772812432948 1.0 8
1772812442428 1.0 9
1772812455398 1.0 10
1772812464877 1.0 11
1772812474202 1.0 12
1772812483561 1.0 13
1772812492960 1.0 14
1772812505923 1.0 15
1772812515321 1.0 16
1772812524713 1.0 17
1772812534136 1.0 18
1772812543467 1.0 19
1772812556222 1.0 20
1772812579120 1.0 21
1772812589537 1.0 22
1772812600104 1.0 23
1772812610030 1.0 24
1772812626118 1.0 25
1772812636051 1.0 26
1772812646042 1.0 27
1772812655980 1.0 28
1772812665854 1.0 29
1772812679656 1.0 30
1772812696674 1.0 21
1772812706654 1.0 22
1772812716573 1.0 23
1772812726380 1.0 24
1772812742180 1.0 25
1772812752095 1.0 26
1772812762076 1.0 27
1772812772063 1.0 28
1772812781934 1.0 29
1772812795479 1.0 30
1772812812322 1.0 31
1772812822177 1.0 32
1772812832014 1.0 33
1772812841905 1.0 34
1772812857681 1.0 35
1772812867589 1.0 36
1772812877463 1.0 37
1772812887683 1.0 38
1772812897904 1.0 39
1772812911713 1.0 40
1772812929339 1.0 41
1772812939414 1.0 42
1772812949553 1.0 43
1772812959802 1.0 44
1772812976026 1.0 45
1772812986260 1.0 46
1772812996507 1.0 47
1772813006765 1.0 48
1772813017002 1.0 49
1772813030774 1.0 50
1772813048049 1.0 51
1772813058142 1.0 52
1772813068302 1.0 53
1772813078528 1.0 54
1772813094466 1.0 55
1772813104391 1.0 56
1772813114535 1.0 57
1772813124594 1.0 58
1772813134561 1.0 59
1772813148042 1.0 60
1772813158001 1.0 61
1772813167916 1.0 62
1772813177811 1.0 63
1772813187780 1.0 64
1772813201240 1.0 65
1772813211162 1.0 66
1772813221264 1.0 67
1772813231250 1.0 68
1772813241226 1.0 69
1772813254803 1.0 70
1772813271136 1.0 71
1772813281141 1.0 72
1772813291028 1.0 73
1772813300890 1.0 74
1772813316640 1.0 75
1772813326553 1.0 76
1772813336534 1.0 77
1772813346467 1.0 78
1772813356367 1.0 79
1772813369884 1.0 80
1772813386377 1.0 81
1772813396314 1.0 82
1772813406223 1.0 83
1772813416090 1.0 84
1772813431805 1.0 85
1772813441789 1.0 86
1772813451714 1.0 87
1772813461753 1.0 88
1772813471680 1.0 89
1772813485137 1.0 90
1772813495116 1.0 91
1772813505004 1.0 92
1772813514939 1.0 93
1772813524905 1.0 94
1772813537774 1.0 95
1772813547083 1.0 96
1772813556497 1.0 97
1772813565782 1.0 98
1772813575324 1.0 99
1772813588350 1.0 100
