1772812359774 33383.0 1
1772812369815 33383.0 2
1772812379377 33383.0 3
1772812388843 33383.0 4
1772812404532 33383.0 5
1772812413992 33383.0 6
1772812423554 33383.0 7
1772812432950 33383.0 8
1772812442430 33383.0 9
1772812455401 33383.0 10
1772812464881 33383.0 11
1772812474205 33383.0 12
1772812483564 33383.0 13
1772812492963 33383.0 14
1772812505925 33383.0 15
1772812515324 33383.0 16
1772812524716 33383.0 17
1772812534138 33383.0 18
1772812543470 33383.0 19
1772812556224 33383.0 20
1772812579123 33827.0 21
1772812589539 33827.0 22
1772812600106 33827.0 23
1772812610033 33827.0 24
1772812626120 33827.0 25
1772812636053 33827.0 26
1772812646045 33827.0 27
1772812655982 33827.0 28
1772812665857 33827.0 29
1772812679659 33827.0 30
1772812696676 34079.0 21
1772812706659 34079.0 22
1772812716576 34079.0 23
1772812726383 34079.0 24
1772812742182 34079.0 25
1772812752097 34079.0 26
1772812762078 34079.0 27
1772812772065 34079.0 28
1772812781936 34079.0 29
1772812795481 34079.0 30
1772812812325 34309.0 31
1772812822179 34309.0 32
1772812832016 34309.0 33
1772812841907 34309.0 34
1772812857683 34309.0 35
1772812867592 34309.0 36
1772812877466 34309.0 37
1772812887685 34309.0 38
1772812897906 34309.0 39
1772812911715 34309.0 40
1772812929342 34555.0 41
1772812939416 34555.0 42
1772812949555 34555.0 43
1772812959804 34555.0 44
1772812976028 34555.0 45
1772812986262 34555.0 46
1772812996509 34555.0 47
1772813006768 34555.0 48
1772813017004 34555.0 49
1772813030776 34555.0 50
1772813048051 34783.0 51
1772813058145 34783.0 52
1772813068305 34783.0 53
1772813078530 34783.0 54
1772813094468 34783.0 55
1772813104393 34783.0 56
1772813114537 34783.0 57
1772813124597 34783.0 58
1772813134563 34783.0 59
1772813148045 34783.0 60
1772813158004 34783.0 61
1772813167919 34783.0 62
1772813177813 34783.0 63
1772813187782 34783.0 64
1772813201242 34783.0 65
1772813211164 34783.0 66
1772813221266 34783.0 67
1772813231252 34783.0 68
1772813241229 34783.0 69
1772813254805 34783.0 70
1772813271138 35251.0 71
1772813281144 35251.0 72
1772813291031 35251.0 73
1772813300892 35251.0 74
1772813316645 35251.0 75
1772813326556 35251.0 76
1772813336537 35251.0 77
1772813346469 35251.0 78
1772813356370 35251.0 79
1772813369886 35251.0 80
1772813386379 35446.0 81
1772813396317 35446.0 82
1772813406225 35446.0 83
1772813416093 35446.0 84
1772813431807 35446.0 85
1772813441792 35446.0 86
1772813451716 35446.0 87
1772813461755 35446.0 88
1772813471683 35446.0 89
1772813485139 35446.0 90
1772813495118 35446.0 91
1772813505007 35446.0 92
1772813514941 35446.0 93
1772813524908 35446.0 94
1772813537776 35446.0 95
1772813547085 35446.0 96
1772813556499 35446.0 97
1772813565784 35446.0 98
1772813575327 35446.0 99
1772813588352 35446.0 100
