1772812359775 9.534914016723633 1
1772812369816 19.40247917175293 2
1772812379377 28.81250810623169 3
1772812388844 38.13687705993652 4
1772812404532 47.33917307853699 5
1772812413992 56.635387897491455 6
1772812423554 66.05432677268982 7
1772812432950 75.30464386940002 8
1772812442431 84.63172888755798 9
1772812455401 93.93405079841614 10
1772812464881 103.23397779464722 11
1772812474206 112.41443157196045 12
1772812483564 121.62889432907104 13
1772812492963 130.8731334209442 14
1772812505925 140.15406441688538 15
1772812515324 149.40421342849731 16
1772812524716 158.6556134223938 17
1772812534138 167.92999625205994 18
1772812543470 177.1255292892456 19
1772812556224 186.22583532333374 20
1772812579123 10.144466161727905 21
1772812589539 20.407536268234253 22
1772812600107 30.821922540664673 23
1772812610033 40.61019039154053 24
1772812626121 50.289830446243286 25
1772812636054 60.07234835624695 26
1772812646045 69.91166353225708 27
1772812655982 79.69952750205994 28
1772812665857 89.43340754508972 29
1772812679659 99.45228958129883 30
1772812696677 9.656183958053589 21
1772812706659 19.482421159744263 22
1772812716576 29.25527000427246 23
1772812726383 38.921502113342285 24
1772812742183 48.71438121795654 25
1772812752097 58.483567237854004 26
1772812762079 68.32289838790894 27
1772812772066 78.16696834564209 28
1772812781936 87.89136815071106 29
1772812795482 97.70004534721375 30
1772812812325 9.63279676437378 31
1772812822180 19.331528902053833 32
1772812832016 29.017009973526 33
1772812841907 38.76378679275513 34
1772812857683 48.4686005115509 35
1772812867592 58.23191165924072 36
1772812877466 67.95644974708557 37
1772812887685 77.9880576133728 38
1772812897907 88.04312539100647 39
1772812911716 98.05845952033997 40
1772812929342 9.966029167175293 41
1772812939416 19.8776593208313 42
1772812949555 29.85598134994507 43
1772812959804 39.94813823699951 44
1772812976029 49.99796915054321 45
1772812986262 60.06104516983032 46
1772812996509 70.13407230377197 47
1772813006768 80.2203323841095 48
1772813017005 90.28643536567688 49
1772813030776 100.28945231437683 50
1772813048051 9.848496913909912 51
1772813058145 19.78571081161499 52
1772813068305 29.785200834274292 53
1772813078531 39.860127687454224 54
1772813094468 49.78874397277832 55
1772813104393 59.55002570152283 56
1772813114538 69.41641688346863 57
1772813124597 79.31346201896667 58
1772813134563 89.11110925674438 59
1772813148045 98.84103441238403 60
1772813158004 108.60486030578613 61
1772813167919 118.35817432403564 62
1772813177813 128.09547638893127 63
1772813187782 137.90224146842957 64
1772813201242 147.6122603416443 65
1772813211168 157.37094736099243 66
1772813221267 167.28293132781982 67
1772813231252 177.04867959022522 68
1772813241229 186.85578989982605 69
1772813254805 196.68583488464355 70
1772813271138 9.583261013031006 71
1772813281144 19.421725034713745 72
1772813291031 29.14867615699768 73
1772813300892 38.850831270217896 74
1772813316645 48.651068449020386 75
1772813326556 58.408528327941895 76
1772813336537 68.23100638389587 77
1772813346470 78.00144743919373 78
1772813356370 87.74275636672974 79
1772813369887 97.53965139389038 80
1772813386379 9.644087076187134 81
1772813396317 19.415041208267212 82
1772813406225 29.155588150024414 83
1772813416093 38.85801720619202 84
1772813431807 48.586209297180176 85
1772813441792 58.412333250045776 86
1772813451717 68.17644309997559 87
1772813461756 78.0512261390686 88
1772813471683 87.81367921829224 89
1772813485140 97.5041651725769 90
1772813495119 107.29611706733704 91
1772813505007 117.02442908287048 92
1772813514941 126.79412412643433 93
1772813524908 136.59561705589294 94
1772813537776 145.96420407295227 95
1772813547085 155.1159520149231 96
1772813556500 164.37608408927917 97
1772813565784 173.50326299667358 98
1772813575327 182.87850403785706 99
1772813588352 192.3992977142334 100
