1772812359774 9.534914016723633 1
1772812369815 19.40247917175293 2
1772812379376 28.81250810623169 3
1772812388843 38.13687705993652 4
1772812404532 47.33917307853699 5
1772812413992 56.635387897491455 6
1772812423553 66.05432677268982 7
1772812432950 75.30464386940002 8
1772812442430 84.63172888755798 9
1772812455400 93.93405079841614 10
1772812464880 103.23397779464722 11
1772812474205 112.41443157196045 12
1772812483563 121.62889432907104 13
1772812492963 130.8731334209442 14
1772812505925 140.15406441688538 15
1772812515323 149.40421342849731 16
1772812524715 158.6556134223938 17
1772812534138 167.92999625205994 18
1772812543470 177.1255292892456 19
1772812556224 186.22583532333374 20
1772812579123 196.37030148506165 21
1772812589539 206.633371591568 22
1772812600106 217.0477578639984 23
1772812610032 226.83602571487427 24
1772812626120 236.51566576957703 25
1772812636053 246.2981836795807 26
1772812646045 256.1374988555908 27
1772812655982 265.9253628253937 28
1772812665857 275.65924286842346 29
1772812679659 285.67812490463257 30
1772812696676 203.1435673236847 21
1772812706658 212.96980452537537 22
1772812716575 222.74265336990356 23
1772812726382 232.4088854789734 24
1772812742182 242.20176458358765 25
1772812752097 251.9709506034851 26
1772812762078 261.81028175354004 27
1772812772065 271.6543517112732 28
1772812781936 281.37875151634216 29
1772812795481 291.18742871284485 30
1772812812324 301.10009956359863 31
1772812822179 310.7988317012787 32
1772812832016 320.48431277275085 33
1772812841907 330.23108959198 34
1772812857683 339.93590331077576 35
1772812867592 349.6992144584656 36
1772812877465 359.4237525463104 37
1772812887685 369.45536041259766 38
1772812897906 379.5104281902313 39
1772812911715 389.5257623195648 40
1772812929341 398.9125211238861 41
1772812939416 408.8241512775421 42
1772812949555 418.8024733066559 43
1772812959804 428.8946301937103 44
1772812976028 438.944461107254 45
1772812986262 449.00753712654114 46
1772812996509 459.0805642604828 47
1772813006767 469.1668243408203 48
1772813017004 479.2329273223877 49
1772813030776 489.23594427108765 50
1772813048051 499.15064001083374 51
1772813058144 509.0878539085388 52
1772813068305 519.0873439311981 53
1772813078530 529.162270784378 54
1772813094468 539.0908870697021 55
1772813104393 548.8521687984467 56
1772813114537 558.7185599803925 57
1772813124596 568.6156051158905 58
1772813134563 578.4132523536682 59
1772813148044 588.1431775093079 60
1772813158004 597.90700340271 61
1772813167918 607.6603174209595 62
1772813177813 617.3976194858551 63
1772813187782 627.2043845653534 64
1772813201242 636.9144034385681 65
1772813211164 646.6730904579163 66
1772813221266 656.5850744247437 67
1772813231252 666.350822687149 68
1772813241228 676.1579329967499 69
1772813254805 685.9879779815674 70
1772813271138 696.2505750656128 71
1772813281143 706.0890390872955 72
1772813291030 715.8159902095795 73
1772813300892 725.5181453227997 74
1772813316645 735.3183825016022 75
1772813326556 745.0758423805237 76
1772813336536 754.8983204364777 77
1772813346469 764.6687614917755 78
1772813356369 774.4100704193115 79
1772813369886 784.2069654464722 80
1772813386379 794.0473153591156 81
1772813396316 803.8182694911957 82
1772813406224 813.5588164329529 83
1772813416092 823.2612454891205 84
1772813431807 832.9894375801086 85
1772813441792 842.8155615329742 86
1772813451716 852.579671382904 87
1772813461755 862.4544544219971 88
1772813471682 872.2169075012207 89
1772813485139 881.9073934555054 90
1772813495118 891.6993453502655 91
1772813505006 901.427657365799 92
1772813514941 911.1973524093628 93
1772813524907 920.9988453388214 94
1772813537776 930.3674323558807 95
1772813547084 939.5191802978516 96
1772813556499 948.7793123722076 97
1772813565783 957.906491279602 98
1772813575326 967.2817323207855 99
1772813588352 976.8025259971619 100
