1772812359773 1772812359.0 1
1772812369814 1772812369.0 2
1772812379376 1772812379.0 3
1772812388842 1772812388.0 4
1772812404531 1772812398.0 5
1772812413991 1772812413.0 6
1772812423553 1772812423.0 7
1772812432949 1772812432.0 8
1772812442429 1772812442.0 9
1772812455400 1772812451.0 10
1772812464880 1772812464.0 11
1772812474204 1772812474.0 12
1772812483563 1772812483.0 13
1772812492962 1772812492.0 14
1772812505924 1772812502.0 15
1772812515323 1772812515.0 16
1772812524715 1772812524.0 17
1772812534137 1772812534.0 18
1772812543469 1772812543.0 19
1772812556223 1772812552.0 20
1772812579122 1772812579.0 21
1772812589538 1772812589.0 22
1772812600106 1772812600.0 23
1772812610032 1772812610.0 24
1772812626120 1772812619.0 25
1772812636052 1772812636.0 26
1772812646044 1772812646.0 27
1772812655981 1772812655.0 28
1772812665856 1772812665.0 29
1772812679658 1772812675.0 30
1772812696676 1772812696.0 21
1772812706656 1772812706.0 22
1772812716575 1772812716.0 23
1772812726382 1772812726.0 24
1772812742181 1772812736.0 25
1772812752096 1772812752.0 26
1772812762078 1772812762.0 27
1772812772065 1772812772.0 28
1772812781935 1772812781.0 29
1772812795481 1772812791.0 30
1772812812324 1772812812.0 31
1772812822179 1772812822.0 32
1772812832015 1772812831.0 33
1772812841906 1772812841.0 34
1772812857682 1772812851.0 35
1772812867591 1772812867.0 36
1772812877465 1772812877.0 37
1772812887684 1772812887.0 38
1772812897905 1772812897.0 39
1772812911715 1772812908.0 40
1772812929341 1772812929.0 41
1772812939415 1772812939.0 42
1772812949554 1772812949.0 43
1772812959803 1772812959.0 44
1772812976028 1772812969.0 45
1772812986261 1772812986.0 46
1772812996508 1772812996.0 47
1772813006767 1772813006.0 48
1772813017003 1772813016.0 49
1772813030775 1772813027.0 50
1772813048050 1772813047.0 51
1772813058144 1772813058.0 52
1772813068304 1772813068.0 53
1772813078530 1772813078.0 54
1772813094467 1772813088.0 55
1772813104392 1772813104.0 56
1772813114537 1772813114.0 57
1772813124596 1772813124.0 58
1772813134562 1772813134.0 59
1772813148044 1772813144.0 60
1772813158003 1772813157.0 61
1772813167918 1772813167.0 62
1772813177812 1772813177.0 63
1772813187781 1772813187.0 64
1772813201241 1772813197.0 65
1772813211163 1772813211.0 66
1772813221266 1772813221.0 67
1772813231251 1772813231.0 68
1772813241228 1772813241.0 69
1772813254804 1772813251.0 70
1772813271137 1772813271.0 71
1772813281143 1772813281.0 72
1772813291030 1772813290.0 73
1772813300891 1772813300.0 74
1772813316644 1772813310.0 75
1772813326555 1772813326.0 76
1772813336536 1772813336.0 77
1772813346469 1772813346.0 78
1772813356369 1772813356.0 79
1772813369886 1772813366.0 80
1772813386378 1772813386.0 81
1772813396316 1772813396.0 82
1772813406224 1772813406.0 83
1772813416092 1772813416.0 84
1772813431807 1772813425.0 85
1772813441791 1772813441.0 86
1772813451716 1772813451.0 87
1772813461755 1772813461.0 88
1772813471682 1772813471.0 89
1772813485138 1772813481.0 90
1772813495118 1772813495.0 91
1772813505006 1772813504.0 92
1772813514940 1772813514.0 93
1772813524907 1772813524.0 94
1772813537775 1772813534.0 95
1772813547084 1772813547.0 96
1772813556498 1772813556.0 97
1772813565783 1772813565.0 98
1772813575326 1772813575.0 99
1772813588351 1772813584.0 100
