1772812359774 9.534914016723633 1
1772812369815 9.867565155029297 2
1772812379376 9.41002893447876 3
1772812388843 9.324368953704834 4
1772812404532 9.202296018600464 5
1772812413991 9.296214818954468 6
1772812423553 9.418938875198364 7
1772812432950 9.250317096710205 8
1772812442430 9.327085018157959 9
1772812455400 9.302321910858154 10
1772812464880 9.299926996231079 11
1772812474204 9.180453777313232 12
1772812483563 9.214462757110596 13
1772812492962 9.244239091873169 14
1772812505924 9.280930995941162 15
1772812515323 9.250149011611938 16
1772812524715 9.251399993896484 17
1772812534137 9.274382829666138 18
1772812543469 9.195533037185669 19
1772812556224 9.100306034088135 20
1772812579122 10.144466161727905 21
1772812589539 10.263070106506348 22
1772812600106 10.41438627243042 23
1772812610032 9.788267850875854 24
1772812626120 9.679640054702759 25
1772812636053 9.782517910003662 26
1772812646044 9.839315176010132 27
1772812655981 9.787863969802856 28
1772812665856 9.733880043029785 29
1772812679659 10.018882036209106 30
1772812696676 9.656183958053589 21
1772812706657 9.826237201690674 22
1772812716575 9.772848844528198 23
1772812726382 9.666232109069824 24
1772812742182 9.792879104614258 25
1772812752097 9.769186019897461 26
1772812762078 9.839331150054932 27
1772812772065 9.844069957733154 28
1772812781935 9.72439980506897 29
1772812795481 9.808677196502686 30
1772812812324 9.63279676437378 31
1772812822179 9.698732137680054 32
1772812832016 9.685481071472168 33
1772812841906 9.746776819229126 34
1772812857683 9.704813718795776 35
1772812867591 9.76331114768982 36
1772812877465 9.724538087844849 37
1772812887685 10.031607866287231 38
1772812897906 10.055067777633667 39
1772812911715 10.015334129333496 40
1772812929341 9.966029167175293 41
1772812939415 9.911630153656006 42
1772812949554 9.97832202911377 43
1772812959804 10.092156887054443 44
1772812976028 10.049830913543701 45
1772812986261 10.06307601928711 46
1772812996509 10.07302713394165 47
1772813006767 10.086260080337524 48
1772813017004 10.066102981567383 49
1772813030775 10.003016948699951 50
1772813048051 9.848496913909912 51
1772813058144 9.937213897705078 52
1772813068304 9.999490022659302 53
1772813078530 10.074926853179932 54
1772813094467 9.928616285324097 55
1772813104393 9.761281728744507 56
1772813114537 9.8663911819458 57
1772813124596 9.897045135498047 58
1772813134563 9.79764723777771 59
1772813148044 9.729925155639648 60
1772813158003 9.7638258934021 61
1772813167918 9.753314018249512 62
1772813177813 9.73730206489563 63
1772813187782 9.806765079498291 64
1772813201241 9.710018873214722 65
1772813211164 9.758687019348145 66
1772813221266 9.911983966827393 67
1772813231252 9.765748262405396 68
1772813241228 9.80711030960083 69
1772813254804 9.830044984817505 70
1772813271137 9.583261013031006 71
1772813281143 9.83846402168274 72
1772813291030 9.726951122283936 73
1772813300892 9.702155113220215 74
1772813316644 9.80023717880249 75
1772813326555 9.757459878921509 76
1772813336536 9.82247805595398 77
1772813346469 9.770441055297852 78
1772813356369 9.74130892753601 79
1772813369886 9.796895027160645 80
1772813386378 9.644087076187134 81
1772813396316 9.770954132080078 82
1772813406224 9.740546941757202 83
1772813416092 9.702429056167603 84
1772813431807 9.72819209098816 85
1772813441791 9.8261239528656 86
1772813451716 9.76410984992981 87
1772813461755 9.874783039093018 88
1772813471682 9.762453079223633 89
1772813485139 9.690485954284668 90
1772813495118 9.791951894760132 91
1772813505006 9.728312015533447 92
1772813514940 9.769695043563843 93
1772813524907 9.801492929458618 94
1772813537775 9.368587017059326 95
1772813547084 9.151747941970825 96
1772813556499 9.260132074356079 97
1772813565783 9.12717890739441 98
1772813575326 9.375241041183472 99
1772813588351 9.520793676376343 100
