1772812359773 1.0 1
1772812369814 2.0 2
1772812379375 3.0 3
1772812388842 4.0 4
1772812404531 5.0 5
1772812413991 6.0 6
1772812423552 7.0 7
1772812432949 8.0 8
1772812442429 9.0 9
1772812455399 10.0 10
1772812464879 11.0 11
1772812474203 12.0 12
1772812483562 13.0 13
1772812492961 14.0 14
1772812505924 15.0 15
1772812515322 16.0 16
1772812524714 17.0 17
1772812534137 18.0 18
1772812543468 19.0 19
1772812556223 20.0 20
1772812579122 21.0 21
1772812589538 22.0 22
1772812600105 23.0 23
1772812610031 24.0 24
1772812626119 25.0 25
1772812636052 26.0 26
1772812646043 27.0 27
1772812655981 28.0 28
1772812665855 29.0 29
1772812679658 30.0 30
1772812696675 21.0 21
1772812706656 22.0 22
1772812716574 23.0 23
1772812726381 24.0 24
1772812742181 25.0 25
1772812752096 26.0 26
1772812762077 27.0 27
1772812772064 28.0 28
1772812781935 29.0 29
1772812795480 30.0 30
1772812812323 31.0 31
1772812822178 32.0 32
1772812832015 33.0 33
1772812841906 34.0 34
1772812857682 35.0 35
1772812867590 36.0 36
1772812877464 37.0 37
1772812887684 38.0 38
1772812897905 39.0 39
1772812911714 40.0 40
1772812929340 41.0 41
1772812939415 42.0 42
1772812949553 43.0 43
1772812959803 44.0 44
1772812976027 45.0 45
1772812986260 46.0 46
1772812996508 47.0 47
1772813006766 48.0 48
1772813017003 49.0 49
1772813030775 50.0 50
1772813048050 51.0 51
1772813058143 52.0 52
1772813068304 53.0 53
1772813078529 54.0 54
1772813094467 55.0 55
1772813104392 56.0 56
1772813114536 57.0 57
1772813124595 58.0 58
1772813134562 59.0 59
1772813148043 60.0 60
1772813158003 61.0 61
1772813167917 62.0 62
1772813177812 63.0 63
1772813187781 64.0 64
1772813201241 65.0 65
1772813211163 66.0 66
1772813221265 67.0 67
1772813231251 68.0 68
1772813241227 69.0 69
1772813254804 70.0 70
1772813271137 71.0 71
1772813281142 72.0 72
1772813291029 73.0 73
1772813300891 74.0 74
1772813316642 75.0 75
1772813326554 76.0 76
1772813336535 77.0 77
1772813346468 78.0 78
1772813356368 79.0 79
1772813369885 80.0 80
1772813386378 81.0 81
1772813396315 82.0 82
1772813406223 83.0 83
1772813416091 84.0 84
1772813431806 85.0 85
1772813441790 86.0 86
1772813451715 87.0 87
1772813461754 88.0 88
1772813471681 89.0 89
1772813485138 90.0 90
1772813495117 91.0 91
1772813505005 92.0 92
1772813514940 93.0 93
1772813524906 94.0 94
1772813537775 95.0 95
1772813547084 96.0 96
1772813556498 97.0 97
1772813565783 98.0 98
1772813575325 99.0 99
1772813588351 100.0 100
