1772812359773 5783200001.0 1
1772812369814 5783200001.0 2
1772812379375 5783200001.0 3
1772812388842 5783200001.0 4
1772812404531 5783200001.0 5
1772812413991 5783200001.0 6
1772812423553 5783200001.0 7
1772812432949 5783200001.0 8
1772812442429 5783200001.0 9
1772812455400 5783200001.0 10
1772812464879 5783200001.0 11
1772812474204 5783200001.0 12
1772812483562 5783200001.0 13
1772812492961 5783200001.0 14
1772812505924 5783200001.0 15
1772812515323 5783200001.0 16
1772812524715 5783200001.0 17
1772812534137 5783200001.0 18
1772812543469 5783200001.0 19
1772812556223 5783200001.0 20
1772812579122 5783200001.0 21
1772812589538 5783200001.0 22
1772812600105 5783200001.0 23
1772812610032 5783200001.0 24
1772812626119 5783200001.0 25
1772812636052 5783200001.0 26
1772812646044 5783200001.0 27
1772812655981 5783200001.0 28
1772812665855 5783200001.0 29
1772812679658 5783200001.0 30
1772812696675 5783200001.0 21
1772812706656 5783200001.0 22
1772812716575 5783200001.0 23
1772812726382 5783200001.0 24
1772812742181 5783200001.0 25
1772812752096 5783200001.0 26
1772812762077 5783200001.0 27
1772812772064 5783200001.0 28
1772812781935 5783200001.0 29
1772812795480 5783200001.0 30
1772812812324 5783200001.0 31
1772812822178 5783200001.0 32
1772812832015 5783200001.0 33
1772812841906 5783200001.0 34
1772812857682 5783200001.0 35
1772812867591 5783200001.0 36
1772812877465 5783200001.0 37
1772812887684 5783200001.0 38
1772812897905 5783200001.0 39
1772812911714 5783200001.0 40
1772812929341 5783200001.0 41
1772812939415 5783200001.0 42
1772812949554 5783200001.0 43
1772812959803 5783200001.0 44
1772812976027 5783200001.0 45
1772812986261 5783200001.0 46
1772812996508 5783200001.0 47
1772813006767 5783200001.0 48
1772813017003 5783200001.0 49
1772813030775 5783200001.0 50
1772813048050 5783200001.0 51
1772813058144 5783200001.0 52
1772813068304 5783200001.0 53
1772813078529 5783200001.0 54
1772813094467 5783200001.0 55
1772813104392 5783200001.0 56
1772813114536 5783200001.0 57
1772813124596 5783200001.0 58
1772813134562 5783200001.0 59
1772813148044 5783200001.0 60
1772813158003 5783200001.0 61
1772813167918 5783200001.0 62
1772813177812 5783200001.0 63
1772813187781 5783200001.0 64
1772813201241 5783200001.0 65
1772813211163 5783200001.0 66
1772813221265 5783200001.0 67
1772813231251 5783200001.0 68
1772813241228 5783200001.0 69
1772813254804 5783200001.0 70
1772813271137 5783200001.0 71
1772813281143 5783200001.0 72
1772813291030 5783200001.0 73
1772813300891 5783200001.0 74
1772813316642 5783200001.0 75
1772813326555 5783200001.0 76
1772813336536 5783200001.0 77
1772813346468 5783200001.0 78
1772813356369 5783200001.0 79
1772813369885 5783200001.0 80
1772813386378 5783200001.0 81
1772813396316 5783200001.0 82
1772813406224 5783200001.0 83
1772813416092 5783200001.0 84
1772813431806 5783200001.0 85
1772813441791 5783200001.0 86
1772813451715 5783200001.0 87
1772813461754 5783200001.0 88
1772813471682 5783200001.0 89
1772813485138 5783200001.0 90
1772813495117 5783200001.0 91
1772813505006 5783200001.0 92
1772813514940 5783200001.0 93
1772813524907 5783200001.0 94
1772813537775 5783200001.0 95
1772813547084 5783200001.0 96
1772813556498 5783200001.0 97
1772813565783 5783200001.0 98
1772813575326 5783200001.0 99
1772813588351 5783200001.0 100
