1772812360020 8.0 1
1772812370051 8.0 2
1772812379596 8.0 3
1772812389066 8.0 4
1772812404475 8.0 5
1772812413934 8.0 6
1772812423452 8.0 7
1772812432834 8.0 8
1772812442251 8.0 9
1772812455255 8.0 10
1772812464578 8.0 11
1772812474026 8.0 12
1772812483374 8.0 13
1772812492742 8.0 14
1772812505721 8.0 15
1772812515110 8.0 16
1772812524494 8.0 17
1772812533903 8.0 18
1772812543135 8.0 19
1772812556029 8.0 20
1772812572485 8.0 11
1772812582971 8.0 12
1772812593552 8.0 13
1772812603908 8.0 14
1772812619719 8.0 15
1772812629964 8.0 16
1772812639921 8.0 17
1772812649876 8.0 18
1772812659774 8.0 19
1772812673476 8.0 20
1772812683599 8.0 21
1772812693571 8.0 22
1772812703535 8.0 23
1772812713495 8.0 24
1772812726926 8.0 25
1772812736874 8.0 26
1772812746747 8.0 27
1772812756684 8.0 28
1772812766654 8.0 29
1772812780123 8.0 30
1772812790046 8.0 31
1772812799965 8.0 32
1772812809901 8.0 33
1772812819658 8.0 34
1772812833187 8.0 35
1772812843122 8.0 36
1772812852936 8.0 37
1772812862856 8.0 38
1772812872736 8.0 39
1772812886385 8.0 40
1772812896674 8.0 41
1772812906863 8.0 42
1772812917006 8.0 43
1772812927373 8.0 44
1772812941130 8.0 45
1772812951344 8.0 46
1772812961609 8.0 47
1772812971736 8.0 48
1772812981870 8.0 49
1772812995755 8.0 50
1772813006035 8.0 51
1772813016268 8.0 52
1772813026422 8.0 53
1772813036510 8.0 54
1772813050349 8.0 55
1772813060515 8.0 56
1772813070740 8.0 57
1772813080799 8.0 58
1772813090775 8.0 59
1772813104312 8.0 60
1772813114464 8.0 61
1772813124486 8.0 62
1772813134453 8.0 63
1772813144357 8.0 64
1772813157840 8.0 65
1772813167644 8.0 66
1772813177557 8.0 67
1772813187523 8.0 68
1772813197497 8.0 69
1772813210985 8.0 70
1772813221054 8.0 71
1772813230976 8.0 72
1772813240911 8.0 73
1772813250790 8.0 74
1772813264184 8.0 75
1772813274156 8.0 76
1772813284243 8.0 77
1772813294129 8.0 78
1772813304061 8.0 79
1772813317474 8.0 80
1772813327352 8.0 81
1772813337230 8.0 82
1772813347139 8.0 83
1772813357043 8.0 84
1772813370550 8.0 85
1772813380489 8.0 86
1772813390382 8.0 87
1772813400350 8.0 88
1772813410253 8.0 89
1772813423603 8.0 90
1772813433526 8.0 91
1772813443520 8.0 92
1772813453616 8.0 93
1772813463601 8.0 94
1772813477040 8.0 95
1772813487014 8.0 96
1772813496963 8.0 97
1772813506734 8.0 98
1772813516701 8.0 99
1772813530184 8.0 100
