1772812359932 2.0 1
1772812369976 2.0 2
1772812379522 2.0 3
1772812388995 2.0 4
1772812404408 2.0 5
1772812413863 2.0 6
1772812423384 2.0 7
1772812432762 2.0 8
1772812442182 2.0 9
1772812455189 2.0 10
1772812464506 2.0 11
1772812473957 2.0 12
1772812483302 2.0 13
1772812492671 2.0 14
1772812505651 2.0 15
1772812515039 2.0 16
1772812524425 2.0 17
1772812533831 2.0 18
1772812543067 2.0 19
1772812555948 2.0 20
1772812572412 2.0 11
1772812582894 2.0 12
1772812593471 2.0 13
1772812603836 2.0 14
1772812619650 2.0 15
1772812629890 2.0 16
1772812639852 2.0 17
1772812649804 2.0 18
1772812659708 2.0 19
1772812673405 2.0 20
1772812683529 2.0 21
1772812693501 2.0 22
1772812703461 2.0 23
1772812713426 2.0 24
1772812726850 2.0 25
1772812736805 2.0 26
1772812746679 2.0 27
1772812756613 2.0 28
1772812766584 2.0 29
1772812780042 2.0 30
1772812789977 2.0 31
1772812799894 2.0 32
1772812809829 2.0 33
1772812819589 2.0 34
1772812833118 2.0 35
1772812843049 2.0 36
1772812852863 2.0 37
1772812862787 2.0 38
1772812872664 2.0 39
1772812886292 2.0 40
1772812896603 2.0 41
1772812906796 2.0 42
1772812916918 2.0 43
1772812927299 2.0 44
1772812941067 2.0 45
1772812951272 2.0 46
1772812961543 2.0 47
1772812971672 2.0 48
1772812981800 2.0 49
1772812995675 2.0 50
1772813005964 2.0 51
1772813016198 2.0 52
1772813026350 2.0 53
1772813036443 2.0 54
1772813050275 2.0 55
1772813060446 2.0 56
1772813070667 2.0 57
1772813080730 2.0 58
1772813090709 2.0 59
1772813104234 2.0 60
1772813114204 2.0 61
1772813124417 2.0 62
1772813134380 2.0 63
1772813144283 2.0 64
1772813157771 2.0 65
1772813167572 2.0 66
1772813177466 2.0 67
1772813187451 2.0 68
1772813197426 2.0 69
1772813210914 2.0 70
1772813220982 2.0 71
1772813230907 2.0 72
1772813240840 2.0 73
1772813250721 2.0 74
1772813264115 2.0 75
1772813274085 2.0 76
1772813284175 2.0 77
1772813294058 2.0 78
1772813303993 2.0 79
1772813317389 2.0 80
1772813327281 2.0 81
1772813337155 2.0 82
1772813347070 2.0 83
1772813356969 2.0 84
1772813370480 2.0 85
1772813380417 2.0 86
1772813390314 2.0 87
1772813400277 2.0 88
1772813410185 2.0 89
1772813423521 2.0 90
1772813433459 2.0 91
1772813443454 2.0 92
1772813453545 2.0 93
1772813463528 2.0 94
1772813476971 2.0 95
1772813486941 2.0 96
1772813496893 2.0 97
1772813506663 2.0 98
1772813516628 2.0 99
1772813530115 2.0 100
