1772812360041 1.650000922381878e-05 1
1772812370069 8.207978680729866e-06 2
1772812379615 8.54101381264627e-06 3
1772812389084 7.291004294529557e-06 4
1772812404491 5.874986527487636e-06 5
1772812413953 5.916983354836702e-06 6
1772812423470 8.874980267137289e-06 7
1772812432851 1.0749994544312358e-05 8
1772812442270 7.4169947765767574e-06 9
1772812455272 5.665991920977831e-06 10
1772812464595 5.8340083342045546e-06 11
1772812474042 5.624984623864293e-06 12
1772812483391 7.208000170066953e-06 13
1772812492759 8.167000487446785e-06 14
1772812505738 7.084017852321267e-06 15
1772812515127 5.709007382392883e-06 16
1772812524511 5.291978595778346e-06 17
1772812533919 5.749985575675964e-06 18
1772812543152 5.5419804994016886e-06 19
1772812556046 7.166992872953415e-06 20
1772812572503 7.875001756474376e-06 11
1772812582991 1.4167017070576549e-05 12
1772812593575 8.417002391070127e-06 13
1772812603926 1.4166987966746092e-05 14
1772812619740 5.915993824601173e-06 15
1772812629982 1.0792020475491881e-05 16
1772812639942 5.916983354836702e-06 17
1772812649894 7.750000804662704e-06 18
1772812659795 6.041023880243301e-06 19
1772812673498 7.791008101776242e-06 20
1772812683616 9.417010005563498e-06 21
1772812693588 5.749985575675964e-06 22
1772812703552 1.5999976312741637e-05 23
1772812713516 5.95799065195024e-06 24
1772812726946 5.707988748326898e-06 25
1772812736891 6.332993507385254e-06 26
1772812746764 5.708017852157354e-06 27
1772812756702 8.125003660097718e-06 28
1772812766673 6.082991603761911e-06 29
1772812780142 6.082991603761911e-06 30
1772812790064 6.000016583129764e-06 31
1772812799982 9.040988516062498e-06 32
1772812809919 8.54101381264627e-06 33
1772812819676 6.33401214145124e-06 34
1772812833206 6.082991603761911e-06 35
1772812843140 5.95799065195024e-06 36
1772812852953 5.666021024808288e-06 37
1772812862874 7.916998583823442e-06 38
1772812872754 5.457986844703555e-06 39
1772812886405 7.124996045604348e-06 40
1772812896691 6.417016265913844e-06 41
1772812906881 7.4169947765767574e-06 42
1772812917026 5.417008651420474e-06 43
1772812927391 1.4083983842283487e-05 44
1772812941147 5.749985575675964e-06 45
1772812951362 8.08399636298418e-06 46
1772812961627 9.000010322779417e-06 47
1772812971753 5.792011506855488e-06 48
1772812981887 5.749985575675964e-06 49
1772812995780 1.4291988918557763e-05 50
1772813006052 6.125017534941435e-06 51
1772813016285 6.124988431110978e-06 52
1772813026440 6.249989382922649e-06 53
1772813036530 5.95799065195024e-06 54
1772813050366 1.0457995813339949e-05 55
1772813060533 7.665978046134114e-06 56
1772813070757 5.958980182185769e-06 57
1772813080820 1.2792006600648165e-05 58
1772813090792 5.416979547590017e-06 59
1772813104332 6.04201341047883e-06 60
1772813114480 6.084010237827897e-06 61
1772813124505 1.6290985513478518e-05 62
1772813134470 1.1125026503577828e-05 63
1772813144375 5.709007382392883e-06 64
1772813157857 5.749985575675964e-06 65
1772813167662 8.37500556372106e-06 66
1772813177576 5.62501372769475e-06 67
1772813187540 7.415976142510772e-06 68
1772813197516 5.62501372769475e-06 69
1772813211003 5.417008651420474e-06 70
1772813221072 1.129100564867258e-05 71
1772813230993 6.040994776412845e-06 72
1772813240929 7.208000170066953e-06 73
1772813250807 6.583984941244125e-06 74
1772813264201 6.290996680036187e-06 75
1772813274174 5.792011506855488e-06 76
1772813284261 9.58298915065825e-06 77
1772813294146 5.917012458667159e-06 78
1772813304079 5.750014679506421e-06 79
1772813317493 5.6670105550438166e-06 80
1772813327371 5.832989700138569e-06 81
1772813337248 5.459005478769541e-06 82
1772813347158 6.292015314102173e-06 83
1772813357061 5.874986527487636e-06 84
1772813370570 5.62501372769475e-06 85
1772813380507 5.833018803969026e-06 86
1772813390400 5.582987796515226e-06 87
1772813400368 8.167000487446785e-06 88
1772813410271 5.416979547590017e-06 89
1772813423621 5.915993824601173e-06 90
1772813433544 7.791997632011771e-06 91
1772813443537 5.874986527487636e-06 92
1772813453633 5.582987796515226e-06 93
1772813463619 7.4169947765767574e-06 94
1772813477058 6.417016265913844e-06 95
1772813487032 5.916983354836702e-06 96
1772813496980 5.709007382392883e-06 97
1772813506751 6.374990334734321e-06 98
1772813516723 5.874986527487636e-06 99
1772813530202 6.291986210271716e-06 100
