1772812360043 0.11523779199342243 1
1772812370070 0.10671550000552088 2
1772812379616 0.10548370899050497 3
1772812389086 0.10365341600845568 4
1772812404492 0.10364316700724885 5
1772812413954 0.11530058301286772 6
1772812423471 0.11217020798358135 7
1772812432852 0.1124490830115974 8
1772812442272 0.11186958299367689 9
1772812455273 0.11139283399097621 10
1772812464596 0.11048929099342786 11
1772812474044 0.11207741702673957 12
1772812483392 0.11032549999072216 13
1772812492761 0.11166762499487959 14
1772812505739 0.11228970799129456 15
1772812515128 0.11140487500233576 16
1772812524512 0.11107191699557006 17
1772812533921 0.11188791700988077 18
1772812543154 0.11145354100153781 19
1772812556047 0.11364358299761079 20
1772812572502 0.10179129100288264 11
1772812582990 0.1086515830247663 12
1772812593574 0.10687287501059473 13
1772812603925 0.10755616700043902 14
1772812619736 0.10399775000405498 15
1772812629981 0.10291024998878129 16
1772812639941 0.10263141698669642 17
1772812649894 0.103717666992452 18
1772812659794 0.10352012500516139 19
1772812673497 0.10256720901816152 20
1772812683615 0.11393229200621136 21
1772812693587 0.10228354099672288 22
1772812703552 0.10358020800049417 23
1772812713512 0.10358333299518563 24
1772812726945 0.10429845898761414 25
1772812736890 0.10428983301972039 26
1772812746764 0.09918991700396873 27
1772812756701 0.10427983300178312 28
1772812766672 0.10194824999780394 29
1772812780141 0.10359079099725932 30
1772812790063 0.10217387499869801 31
1772812799981 0.10419708298286423 32
1772812809918 0.10297187499236315 33
1772812819675 0.1029371659969911 34
1772812833205 0.10473379198811017 35
1772812843139 0.10238429097807966 36
1772812852952 0.10379150000517257 37
1772812862873 0.10108145800768398 38
1772812872754 0.10335037499316968 39
1772812886404 0.10289504201500677 40
1772812896691 0.10883391599054448 41
1772812906880 0.10780716699082404 42
1772812917026 0.1006677910045255 43
1772812927390 0.102503208006965 44
1772812941147 0.1032833329809364 45
1772812951362 0.1035535830014851 46
1772812961626 0.10504850000143051 47
1772812971752 0.103364833019441 48
1772812981887 0.10155137497349642 49
1772812995779 0.10371066600782797 50
1772813006051 0.11083295897697099 51
1772813016285 0.10835279198363423 52
1772813026439 0.10814125000615604 53
1772813036529 0.10048729099798948 54
1772813050366 0.1021092500013765 55
1772813060532 0.10407991599640809 56
1772813070757 0.10502162500051782 57
1772813080815 0.10288908300572075 58
1772813090791 0.1049169169855304 59
1772813104331 0.10052758298115805 60
1772813114480 0.10643504199106246 61
1772813124504 0.10729083398473449 62
1772813134469 0.10790779200033285 63
1772813144374 0.10739095800090581 64
1772813157856 0.0989712500013411 65
1772813167661 0.10686866700416431 66
1772813177575 0.10985770801198669 67
1772813187540 0.10684541700175032 68
1772813197515 0.1075594580033794 69
1772813211003 0.10028300000703894 70
1772813221071 0.11277341700042598 71
1772813230993 0.10695979199954309 72
1772813240928 0.11111920900293626 73
1772813250806 0.10712195798987523 74
1772813264201 0.10247737501049414 75
1772813274173 0.10300216698669828 76
1772813284260 0.10373354097828269 77
1772813294145 0.1025045829883311 78
1772813304078 0.10231358400778845 79
1772813317492 0.10369975000503473 80
1772813327371 0.10455849999561906 81
1772813337248 0.10348720799083821 82
1772813347157 0.10379462499986403 83
1772813357061 0.10372658399865031 84
1772813370570 0.10298358299769461 85
1772813380506 0.09954662498785183 86
1772813390399 0.10270079199108295 87
1772813400367 0.10320145799778402 88
1772813410270 0.10390158399241045 89
1772813423620 0.10373083298327401 90
1772813433543 0.1060256669879891 91
1772813443537 0.10552045900840312 92
1772813453633 0.10582245897967368 93
1772813463618 0.10276399998110719 94
1772813477058 0.10451216599904001 95
1772813487031 0.10248466700431891 96
1772813496979 0.10317616700194776 97
1772813506750 0.10262058398802765 98
1772813516718 0.1019692080153618 99
1772813530201 0.10536283298279159 100
