1772812360042 0.007023666985332966 1
1772812370069 0.0068681249977089465 2
1772812379615 0.0067820000112988055 3
1772812389085 0.006619375024456531 4
1772812404491 0.006537000008393079 5
1772812413953 0.007199000014225021 6
1772812423470 0.007217582984594628 7
1772812432851 0.007106917008059099 8
1772812442271 0.0071829580119811 9
1772812455272 0.007213167002191767 10
1772812464595 0.007123749994207174 11
1772812474043 0.007260250014951453 12
1772812483391 0.006877166015328839 13
1772812492760 0.007106667006155476 14
1772812505738 0.007147791009629145 15
1772812515127 0.007126999989850447 16
1772812524511 0.007077958987792954 17
1772812533920 0.0069747079978697 18
1772812543153 0.007138041983125731 19
1772812556046 0.0071302090073004365 20
1772812572503 0.006621749984333292 11
1772812582990 0.006690874986816198 12
1772812593574 0.007097833993611857 13
1772812603926 0.007133499981136993 14
1772812619740 0.006878749991301447 15
1772812629981 0.008187750005163252 16
1772812639942 0.00676800002111122 17
1772812649894 0.0068399170122575015 18
1772812659795 0.007044875004794449 19
1772812673498 0.006705500010866672 20
1772812683615 0.007135416002711281 21
1772812693588 0.006696458993246779 22
1772812703552 0.006861582980491221 23
1772812713516 0.00684874999569729 24
1772812726945 0.006969167006900534 25
1772812736891 0.006841666996479034 26
1772812746764 0.006633832992520183 27
1772812756702 0.0069250000233296305 28
1772812766673 0.006830375001300126 29
1772812780141 0.006755415990483016 30
1772812790064 0.006852249993244186 31
1772812799981 0.006981707992963493 32
1772812809919 0.006833666993770748 33
1772812819676 0.0067490829969756305 34
1772812833205 0.00676049999310635 35
1772812843139 0.006635249999817461 36
1772812852953 0.006824959011282772 37
1772812862873 0.006680165999568999 38
1772812872754 0.006710332992952317 39
1772812886405 0.006862999987788498 40
1772812896691 0.007495083991670981 41
1772812906881 0.0071033749845810235 42
1772812917026 0.006536041997605935 43
1772812927391 0.0068170829908922315 44
1772812941147 0.00684404099592939 45
1772812951362 0.0067222499928902835 46
1772812961626 0.006868416006909683 47
1772812971752 0.0067143339838366956 48
1772812981887 0.006608416006201878 49
1772812995780 0.006896167004015297 50
1772813006052 0.007089582999469712 51
1772813016285 0.0070802920090500265 52
1772813026440 0.006777959002647549 53
1772813036529 0.006749791995389387 54
1772813050366 0.007048457977361977 55
1772813060533 0.006863042013719678 56
1772813070757 0.0067240830103401095 57
1772813080819 0.007071084022754803 58
1772813090791 0.006947541987756267 59
1772813104332 0.006576542014954612 60
1772813114480 0.0071418340085074306 61
1772813124505 0.007282750011654571 62
1772813134469 0.006977999990340322 63
1772813144375 0.0072036659985315055 64
1772813157857 0.006615207996219397 65
1772813167662 0.007246208988362923 66
1772813177576 0.007130792015232146 67
1772813187540 0.006978041987167671 68
1772813197516 0.007075708010233939 69
1772813211003 0.00681400002213195 70
1772813221071 0.008210791973397136 71
1772813230993 0.006992209004238248 72
1772813240929 0.006780707975849509 73
1772813250807 0.007042874989565462 74
1772813264201 0.0066763329959940165 75
1772813274174 0.006820541981142014 76
1772813284261 0.0067711250158026814 77
1772813294146 0.006714041985105723 78
1772813304079 0.006852124992292374 79
1772813317492 0.00694966601440683 80
1772813327371 0.00674612500006333 81
1772813337248 0.006663416977971792 82
1772813347157 0.006945708009880036 83
1772813357061 0.006796917004976422 84
1772813370570 0.006911624979693443 85
1772813380507 0.006350375013425946 86
1772813390399 0.006642166990786791 87
1772813400368 0.006856749998405576 88
1772813410271 0.0068091249850112945 89
1772813423620 0.0068898749887011945 90
1772813433543 0.007064125005854294 91
1772813443537 0.006956291006645188 92
1772813453633 0.006982249993598089 93
1772813463618 0.006913125020219013 94
1772813477058 0.006985125015489757 95
1772813487031 0.006750750006176531 96
1772813496980 0.006626542017329484 97
1772813506751 0.006513208994874731 98
1772813516723 0.006691042013699189 99
1772813530201 0.0068319590063765645 100
