1772812360043 0.0003347080200910568 1
1772812370070 0.00025275000371038914 2
1772812379616 0.00026433300809003413 3
1772812389086 0.00022779099526815116 4
1772812404492 0.00023595799575559795 5
1772812413954 0.00025504198856651783 6
1772812423471 0.0002482919953763485 7
1772812432852 0.0002664579951670021 8
1772812442272 0.0002491670020390302 9
1772812455273 0.0002494580112397671 10
1772812464596 0.00025275000371038914 11
1772812474044 0.0002622499887365848 12
1772812483393 0.00021566697978414595 13
1772812492761 0.0002522080030757934 14
1772812505740 0.00026370800333097577 15
1772812515128 0.00025504198856651783 16
1772812524512 0.0002600839943625033 17
1772812533921 0.00026420800713822246 18
1772812543154 0.0002414159826003015 19
1772812556047 0.00023424997925758362 20
1772812572503 0.00022145899129100144 11
1772812582990 0.00026287499349564314 12
1772812593574 0.00024774999474175274 13
1772812603926 0.00030045799212530255 14
1772812619736 0.00023958401288837194 15
1772812629981 0.0003252500027883798 16
1772812639942 0.0002449160092510283 17
1772812649894 0.00023304202477447689 18
1772812659795 0.00025025001377798617 19
1772812673498 0.00024312498862855136 20
1772812683615 0.00025195901980623603 21
1772812693587 0.00024024999584071338 22
1772812703552 0.0002523750008549541 23
1772812713512 0.0002479999966453761 24
1772812726945 0.00023312499979510903 25
1772812736891 0.0002305000089108944 26
1772812746764 0.00022895901929587126 27
1772812756701 0.00024266602122224867 28
1772812766672 0.00023383297957479954 29
1772812780141 0.00024479199782945216 30
1772812790063 0.00023429200518876314 31
1772812799981 0.00023454200709238648 32
1772812809918 0.000242499983869493 33
1772812819675 0.00023695800337009132 34
1772812833205 0.00026604198501445353 35
1772812843139 0.00022695798543281853 36
1772812852952 0.0002548749907873571 37
1772812862873 0.00024270798894576728 38
1772812872754 0.00024095899425446987 39
1772812886405 0.00022799998987466097 40
1772812896691 0.0002610420051496476 41
1772812906881 0.000246166018769145 42
1772812917026 0.00023370800772681832 43
1772812927390 0.0002367089909967035 44
1772812941147 0.00023158302064985037 45
1772812951362 0.00023224999313242733 46
1772812961626 0.0002882080152630806 47
1772812971752 0.00020770798437297344 48
1772812981887 0.00023304199567064643 49
1772812995779 0.00029504200210794806 50
1772813006052 0.0002495829830877483 51
1772813016285 0.0002610409865155816 52
1772813026440 0.0002469999890308827 53
1772813036529 0.00023299999884329736 54
1772813050366 0.0002638750011101365 55
1772813060532 0.000231999991228804 56
1772813070757 0.0002336659817956388 57
1772813080815 0.0002709160035010427 58
1772813090791 0.000232374994084239 59
1772813104331 0.0002278749889228493 60
1772813114480 0.00023487498401664197 61
1772813124505 0.0002459159877616912 62
1772813134469 0.00023829200654290617 63
1772813144375 0.00022970899590291083 64
1772813157857 0.00023079197853803635 65
1772813167662 0.00024175000726245344 66
1772813177576 0.00026199998683296144 67
1772813187540 0.00023616600083187222 68
1772813197515 0.0002422909892629832 69
1772813211003 0.00024495800607837737 70
1772813221071 0.0002772910229396075 71
1772813230993 0.00023354100994765759 72
1772813240929 0.0002025419962592423 73
1772813250807 0.00023725000210106373 74
1772813264201 0.0004323330067563802 75
1772813274173 0.00023962499108165503 76
1772813284261 0.00024995801504701376 77
1772813294146 0.00023258299916051328 78
1772813304079 0.00022687498130835593 79
1772813317492 0.0002563330053817481 80
1772813327371 0.00023070801398716867 81
1772813337248 0.00024391600163653493 82
1772813347157 0.0004525829863268882 83
1772813357061 0.00029220900614745915 84
1772813370570 0.00023604201851412654 85
1772813380507 0.00019804100156761706 86
1772813390399 0.00024212501011788845 87
1772813400368 0.00023504201089963317 88
1772813410270 0.00023270800011232495 89
1772813423620 0.00023312499979510903 90
1772813433543 0.00024125000345520675 91
1772813443537 0.00025033397832885385 92
1772813453633 0.00024812499759718776 93
1772813463618 0.0002522919967304915 94
1772813477058 0.00025504198856651783 95
1772813487031 0.0002555839892011136 96
1772813496980 0.00024220900377258658 97
1772813506751 0.0002168749924749136 98
1772813516719 0.000238916021771729 99
1772813530201 0.00024020799901336432 100
