1772812360043 4.849999095313251e-05 1
1772812370070 7.833298877812922e-05 2
1772812379616 2.7292000595480204e-05 3
1772812389085 2.4042004952207208e-05 4
1772812404492 2.1000014385208488e-05 5
1772812413954 2.0042003598064184e-05 6
1772812423471 2.6875000912696123e-05 7
1772812432852 2.3833010345697403e-05 8
1772812442271 2.4834007490426302e-05 9
1772812455273 1.7958023818209767e-05 10
1772812464596 2.4999986635521054e-05 11
1772812474044 1.8458988051861525e-05 12
1772812483392 1.741599407978356e-05 13
1772812492760 2.13750172406435e-05 14
1772812505739 2.90420139208436e-05 15
1772812515128 1.808398519642651e-05 16
1772812524512 2.0000006770715117e-05 17
1772812533920 1.6666017472743988e-05 18
1772812543153 1.604200224392116e-05 19
1772812556047 1.645900192670524e-05 20
1772812572503 1.9500002963468432e-05 11
1772812582991 2.270800177939236e-05 12
1772812593575 2.7375004719942808e-05 13
1772812603926 1.925000105984509e-05 14
1772812619741 1.583402627147734e-05 15
1772812629982 2.8167007258161902e-05 16
1772812639942 2.2624997654929757e-05 17
1772812649895 1.837499439716339e-05 18
1772812659796 1.8874998204410076e-05 19
1772812673498 1.5958008589223027e-05 20
1772812683616 5.791700095869601e-05 21
1772812693588 1.6125006368383765e-05 22
1772812703553 1.879199407994747e-05 23
1772812713516 1.8999999156221747e-05 24
1772812726946 1.6582984244450927e-05 25
1772812736891 1.7166981706395745e-05 26
1772812746765 1.6290985513478518e-05 27
1772812756702 1.6207981389015913e-05 28
1772812766673 1.775001874193549e-05 29
1772812780142 1.7290993127971888e-05 30
1772812790064 1.9625003915280104e-05 31
1772812799982 1.795799471437931e-05 32
1772812809919 0.00011550000635907054 33
1772812819676 1.6875012079253793e-05 34
1772812833206 1.7125013982877135e-05 35
1772812843140 1.8125021597370505e-05 36
1772812852953 1.6417005099356174e-05 37
1772812862874 1.9790983060374856e-05 38
1772812872755 1.575000351294875e-05 39
1772812886405 1.7208978533744812e-05 40
1772812896692 2.691699774004519e-05 41
1772812906881 1.8082995666190982e-05 42
1772812917027 3.1042000045999885e-05 43
1772812927391 1.7875019693747163e-05 44
1772812941148 1.645900192670524e-05 45
1772812951363 1.5084020560607314e-05 46
1772812961627 1.820901525206864e-05 47
1772812971753 1.7792015569284558e-05 48
1772812981888 1.8082995666190982e-05 49
1772812995780 4.4666987378150225e-05 50
1772813006052 1.6125006368383765e-05 51
1772813016286 1.6749982023611665e-05 52
1772813026440 1.9708997569978237e-05 53
1772813036530 1.7582991858944297e-05 54
1772813050367 1.6375008272007108e-05 55
1772813060533 1.966700074262917e-05 56
1772813070758 1.9625003915280104e-05 57
1772813080820 1.604200224392116e-05 58
1772813090792 1.6499980119988322e-05 59
1772813104332 1.86669931281358e-05 60
1772813114481 4.279200220480561e-05 61
1772813124505 1.624997821636498e-05 62
1772813134470 1.8582999473437667e-05 63
1772813144375 1.754198456183076e-05 64
1772813157858 1.5542027540504932e-05 65
1772813167662 1.6165984561666846e-05 66
1772813177576 1.6584002878516912e-05 67
1772813187541 1.6875012079253793e-05 68
1772813197516 1.5249999705702066e-05 69
1772813211004 1.5708006685599685e-05 70
1772813221072 1.7292011762037873e-05 71
1772813230994 1.724998583085835e-05 72
1772813240929 2.3916014470160007e-05 73
1772813250807 2.012500772252679e-05 74
1772813264202 1.8583989003673196e-05 75
1772813274174 3.89580090995878e-05 76
1772813284262 1.720801810733974e-05 77
1772813294146 1.737498678267002e-05 78
1772813304079 1.6375008272007108e-05 79
1772813317493 1.7874990589916706e-05 80
1772813327372 1.591700129210949e-05 81
1772813337249 4.295899998396635e-05 82
1772813347158 1.6792007954791188e-05 83
1772813357062 1.595797948539257e-05 84
1772813370571 1.7332989955320954e-05 85
1772813380507 1.4999997802078724e-05 86
1772813390400 1.604200224392116e-05 87
1772813400368 4.862502100877464e-05 88
1772813410271 1.4917022781446576e-05 89
1772813423621 1.6041012713685632e-05 90
1772813433544 3.8124999264255166e-05 91
1772813443538 1.7125013982877135e-05 92
1772813453634 1.9041006453335285e-05 93
1772813463619 4.3249980080872774e-05 94
1772813477059 1.7833022866398096e-05 95
1772813487032 1.650000922381878e-05 96
1772813496980 1.7999991541728377e-05 97
1772813506751 1.8416991224512458e-05 98
1772813516723 1.7707992810755968e-05 99
1772813530202 1.8458988051861525e-05 100
