1772812360042 0.2191013749979902 1
1772812370070 0.19497633300488815 2
1772812379615 0.2038721659919247 3
1772812389085 0.1835448749770876 4
1772812404492 0.18374554099864326 5
1772812413953 0.19966891600051895 6
1772812423470 0.2056261659890879 7
1772812432852 0.1914356249908451 8
1772812442271 0.19061145899468102 9
1772812455272 0.1943270420015324 10
1772812464596 0.09504158300114796 11
1772812474043 0.09475854100310244 12
1772812483392 0.19855145798646845 13
1772812492760 0.19464266701834276 14
1772812505739 0.20023508300073445 15
1772812515128 0.2028707090066746 16
1772812524512 0.19529095801408403 17
1772812533920 0.19674712501000613 18
1772812543153 0.09389583300799131 19
1772812556046 0.09500066700275056 20
1772812572504 0.16538216601475142 11
1772812582991 0.19797045897576027 12
1772812593579 0.18727904200204648 13
1772812603927 0.23685950000071898 14
1772812619741 0.16903687501326203 15
1772812629982 0.23740120802540332 16
1772812639943 0.09014433299307711 17
1772812649895 0.0902595839870628 18
1772812659796 0.18237408401910216 19
1772812673499 0.19030116600333713 20
1772812683616 0.20066299999598414 21
1772812693592 0.18716662499355152 22
1772812703553 0.21152512499247678 23
1772812713517 0.1833782909961883 24
1772812726946 0.09003608298371546 25
1772812736892 0.0897673340223264 26
1772812746765 0.17785004200413823 27
1772812756703 0.19755966699449345 28
1772812766674 0.18984591698972508 29
1772812780142 0.1860778330010362 30
1772812790065 0.18173629100783728 31
1772812799982 0.19384387499303557 32
1772812809920 0.1983965410036035 33
1772812819677 0.0905323339975439 34
1772812833206 0.09168254098040052 35
1772812843140 0.18468991699046455 36
1772812852954 0.18208766702446155 37
1772812862875 0.19081454200204462 38
1772812872755 0.1862050000054296 39
1772812886406 0.1815690000075847 40
1772812896692 0.20321429200703278 41
1772812906882 0.1954070000210777 42
1772812917027 0.08866391601623036 43
1772812927392 0.23918708300334401 44
1772812941148 0.1858536250074394 45
1772812951363 0.1895637919951696 46
1772812961627 0.19829100000788458 47
1772812971754 0.18508570801350288 48
1772812981888 0.18050891600432806 49
1772812995781 0.09148841598653235 50
1772813006053 0.09481879201484844 51
1772813016286 0.19014654200873338 52
1772813026441 0.18931124999653548 53
1772813036531 0.19464254201739095 54
1772813050367 0.18977266701404005 55
1772813060537 0.18505945900687948 56
1772813070758 0.20071870801621117 57
1772813080821 0.0903985410113819 58
1772813090792 0.09064645899343304 59
1772813104333 0.17804562498349696 60
1772813114481 0.22003629099344835 61
1772813124506 0.18886970900348388 62
1772813134470 0.18058312498033047 63
1772813144376 0.18980637498316355 64
1772813157858 0.1761134169937577 65
1772813167663 0.09386583301238716 66
1772813177577 0.09374129099887796 67
1772813187541 0.188310375000583 68
1772813197517 0.19609620800474659 69
1772813211004 0.18503495800541714 70
1772813221073 0.18614354202873074 71
1772813230994 0.18472395799471997 72
1772813240930 0.18871641700388864 73
1772813250808 0.09518033399945125 74
1772813264202 0.08767791700665839 75
1772813274175 0.18459141699713655 76
1772813284262 0.19066724998992868 77
1772813294147 0.18343354199896567 78
1772813304080 0.1835064580081962 79
1772813317493 0.19715516699943691 80
1772813327372 0.18287466699257493 81
1772813337249 0.09006379201309755 82
1772813347158 0.08983370900386944 83
1772813357062 0.18409512500511482 84
1772813370571 0.183601541997632 85
1772813380508 0.18913808302022517 86
1772813390400 0.18945795798208565 87
1772813400369 0.184765709011117 88
1772813410272 0.18197387497639284 89
1772813423621 0.08997016699868254 90
1772813433544 0.20858733399654739 91
1772813443538 0.19693450001068413 92
1772813453634 0.18288766700425185 93
1772813463620 0.20190379198174924 94
1772813477059 0.1837132500077132 95
1772813487032 0.18152483299490996 96
1772813496981 0.1933258330100216 97
1772813506752 0.09236833298928104 98
1772813516724 0.18403199999011122 99
1772813530203 0.19389420800143853 100
