1772812360044 0.05444695899495855 1
1772812370071 0.04675875001703389 2
1772812379616 0.03671208300511353 3
1772812389086 0.03624624997610226 4
1772812404493 0.036455541994655505 5
1772812413954 0.03601949999574572 6
1772812423472 0.048623459006194025 7
1772812432853 0.034550625015981495 8
1772812442272 0.03456058300798759 9
1772812455273 0.03523170898552053 10
1772812464597 0.037437458988279104 11
1772812474044 0.036900042003253475 12
1772812483393 0.034268541989149526 13
1772812492761 0.03429070801939815 14
1772812505740 0.034742292016744614 15
1772812515129 0.03529841700219549 16
1772812524513 0.03510175002156757 17
1772812533921 0.03548070800025016 18
1772812543154 0.03679995800484903 19
1772812556047 0.03695700000389479 20
1772812572504 0.04386166698532179 11
1772812582992 0.043277000018861145 12
1772812593580 0.03679770900635049 13
1772812603927 0.04480570901068859 14
1772812619741 0.03577912499895319 15
1772812629983 0.04047958299634047 16
1772812639943 0.03570666699670255 17
1772812649895 0.03579116699984297 18
1772812659796 0.03585354200913571 19
1772812673499 0.03597841601003893 20
1772812683617 0.04196049997699447 21
1772812693593 0.035144624998793006 22
1772812703553 0.03810999999404885 23
1772812713517 0.038418957992689684 24
1772812726947 0.03572366698062979 25
1772812736892 0.03587070800131187 26
1772812746765 0.034621625003637746 27
1772812756703 0.03742025000974536 28
1772812766674 0.03675679099978879 29
1772812780143 0.03582204200210981 30
1772812790065 0.035760915983701125 31
1772812799983 0.03641466697445139 32
1772812809920 0.04332475000410341 33
1772812819677 0.03611854201881215 34
1772812833207 0.03587166700162925 35
1772812843141 0.03655654200701974 36
1772812852954 0.036417541006812826 37
1772812862875 0.0363622090080753 38
1772812872755 0.03699637501267716 39
1772812886406 0.03571858297800645 40
1772812896692 0.03923029199359007 41
1772812906882 0.037596332986140624 42
1772812917027 0.03706258299644105 43
1772812927392 0.036771792016224936 44
1772812941148 0.0401188749819994 45
1772812951363 0.036513667000690475 46
1772812961628 0.036836499988567084 47
1772812971754 0.040515625005355105 48
1772812981888 0.035719416016945615 49
1772812995781 0.03715545800514519 50
1772813006053 0.04832566701225005 51
1772813016286 0.03736812499118969 52
1772813026441 0.039323125005466864 53
1772813036531 0.03776895799092017 54
1772813050367 0.03829829202732071 55
1772813060538 0.036160957999527454 56
1772813070759 0.04072354201343842 57
1772813080821 0.03612491599051282 58
1772813090793 0.03753808300825767 59
1772813104333 0.035020124982111156 60
1772813114481 0.03815054098959081 61
1772813124506 0.03461720800260082 62
1772813134471 0.035608042002422735 63
1772813144376 0.037970292003592476 64
1772813157858 0.03520775001379661 65
1772813167663 0.03733133300556801 66
1772813177577 0.03996075000031851 67
1772813187541 0.03581229198607616 68
1772813197517 0.035383665992412716 69
1772813211004 0.035317290981765836 70
1772813221073 0.03603462502360344 71
1772813230995 0.03571420899243094 72
1772813240930 0.037062124989461154 73
1772813250808 0.0378434160083998 74
1772813264202 0.03495645901421085 75
1772813274175 0.036280624975916 76
1772813284262 0.03753345800214447 77
1772813294147 0.035888833983335644 78
1772813304080 0.03590308301500045 79
1772813317494 0.037111957994056866 80
1772813327372 0.03611387498676777 81
1772813337249 0.03622024998185225 82
1772813347159 0.035703707981156185 83
1772813357062 0.03704891598317772 84
1772813370571 0.036109125008806586 85
1772813380508 0.03499333301442675 86
1772813390401 0.036017583013745025 87
1772813400369 0.036170292005408555 88
1772813410272 0.03593604199704714 89
1772813423622 0.03581816598307341 90
1772813433545 0.03810862501268275 91
1772813443538 0.03873262502020225 92
1772813453634 0.037480165978195146 93
1772813463620 0.03756999998586252 94
1772813477060 0.038528624980244786 95
1772813487033 0.03586962498957291 96
1772813496981 0.04579691699473187 97
1772813506752 0.03599779200158082 98
1772813516724 0.03584741600207053 99
1772813530203 0.03612399997655302 100
