1772812360044 0.0016300420102197677 1
1772812370071 0.00016887500532902777 2
1772812379617 0.00014504199498333037 3
1772812389087 0.00012362501001916826 4
1772812404493 0.00013304202002473176 5
1772812413955 0.0001662079885136336 6
1772812423472 0.00015270800213329494 7
1772812432853 0.00013091700384393334 8
1772812442272 0.00014637500862590969 9
1772812455274 0.0001442920183762908 10
1772812464597 0.0001328329963143915 11
1772812474045 0.0001316250127274543 12
1772812483393 0.00014004198601469398 13
1772812492761 0.00013658299576491117 14
1772812505740 0.00014024999109096825 15
1772812515129 0.00014783299411647022 16
1772812524513 0.00013595898053608835 17
1772812533921 0.0001368340163026005 18
1772812543155 0.0001176249934360385 19
1772812556048 0.00012266600970178843 20
1772812572504 0.0001572079781908542 11
1772812582992 0.00014016599743627012 12
1772812593580 0.00012399998377077281 13
1772812603928 0.0001232089998666197 14
1772812619742 0.00011820902000181377 15
1772812629983 0.00019650001195259392 16
1772812639944 0.00013141700765118003 17
1772812649896 0.00011529200128279626 18
1772812659797 0.0001232920039910823 19
1772812673499 0.00012945799971930683 20
1772812683617 0.00015425001038238406 21
1772812693594 0.00015329199959523976 22
1772812703554 0.00014012501924298704 23
1772812713517 0.00012104102643206716 24
1772812726947 0.00011770901619456708 25
1772812736892 0.00013916697935201228 26
1772812746765 0.00013104098616167903 27
1772812756703 0.00013295799726620317 28
1772812766674 0.00012937499559484422 29
1772812780143 0.00012033298844471574 30
1772812790065 0.00011533399811014533 31
1772812799983 0.00013108301209285855 32
1772812809920 0.00017924999701790512 33
1772812819677 0.00012954202247783542 34
1772812833207 0.00012158299796283245 35
1772812843141 0.00012337500811554492 36
1772812852954 0.00013845899957232177 37
1772812862875 0.00012283300748094916 38
1772812872756 0.00012450001668184996 39
1772812886406 0.00011583400191739202 40
1772812896693 0.00015229100245051086 41
1772812906882 0.00011862500105053186 42
1772812917028 0.00013462500646710396 43
1772812927392 0.0001539579825475812 44
1772812941149 0.0001137089857365936 45
1772812951364 0.00012983399210497737 46
1772812961628 0.0001251250214409083 47
1772812971754 0.00013349999790079892 48
1772812981889 0.0001152500044554472 49
1772812995781 0.0001649579789955169 50
1772813006053 0.00027187500381842256 51
1772813016287 0.00011904101120308042 52
1772813026441 0.00011629200889728963 53
1772813036531 0.0001230000052601099 54
1772813050368 0.00013995799235999584 55
1772813060538 0.00011995801469311118 56
1772813070759 0.00011766699026338756 57
1772813080821 0.00011454100604169071 58
1772813090793 0.00012395897647365928 59
1772813104334 0.00012170799891464412 60
1772813114482 0.0001646250020712614 61
1772813124506 0.00012916699051856995 62
1772813134471 0.00014975000522099435 63
1772813144376 0.00018541701138019562 64
1772813157859 0.00012254199828021228 65
1772813167663 0.00011445902055129409 66
1772813177577 0.0001355829881504178 67
1772813187542 0.00011312501737847924 68
1772813197517 0.00011412499588914216 69
1772813211005 0.00012012501247227192 70
1772813221073 0.00014899999951012433 71
1772813230995 0.00013808300718665123 72
1772813240930 0.00015395900118164718 73
1772813250808 0.00012025001342408359 74
1772813264203 0.00012166702072136104 75
1772813274175 0.00014491600450128317 76
1772813284263 0.0001226250024046749 77
1772813294147 0.00011774999438785017 78
1772813304080 0.0001324170152656734 79
1772813317494 0.00013195801875554025 80
1772813327373 0.00011891699978150427 81
1772813337250 0.00017116699018515646 82
1772813347159 0.00011741701746359468 83
1772813357063 0.00011716701555997133 84
1772813370572 0.0001229170011356473 85
1772813380508 0.00013883301289752126 86
1772813390401 0.00012512499233707786 87
1772813400369 0.00015720800729468465 88
1772813410272 0.00011866699787788093 89
1772813423622 0.00011695799184963107 90
1772813433545 0.0001332079991698265 91
1772813443539 0.00015341700054705143 92
1772813453635 0.0001360420137643814 93
1772813463620 0.000167582998983562 94
1772813477060 0.0001224579755216837 95
1772813487033 0.00012595899170264602 96
1772813496982 0.00013508301344700158 97
1772813506753 0.00012199999764561653 98
1772813516724 0.00012787498417310417 99
1772813530203 0.00011583301238715649 100
