1772812360041 1.4716603483271825e-05 1
1772812370068 1.4963551526092654e-05 2
1772812379614 1.4296375276739436e-05 3
1772812389084 1.3551956849265917e-05 4
1772812404491 1.3457522823663784e-05 5
1772812413952 1.4620300372115092e-05 6
1772812423469 1.4157869163082964e-05 7
1772812432850 1.4674855599669126e-05 8
1772812442270 1.472285211992163e-05 9
1772812455271 1.4425856944922566e-05 10
1772812464594 1.4257665863965339e-05 11
1772812474042 1.4809515446284845e-05 12
1772812483390 1.430836170772705e-05 13
1772812492759 1.4042862639846263e-05 14
1772812505738 1.4294574484758376e-05 15
1772812515126 1.4256033026255125e-05 16
1772812524510 1.419060132009453e-05 17
1772812533919 1.414952715142463e-05 18
1772812543152 1.4229322410525031e-05 19
1772812556045 1.4255873590345247e-05 20
1772812572499 1.313856537347173e-05 11
1772812582986 1.412118651162725e-05 12
1772812593570 1.4919131606122519e-05 13
1772812603922 1.4988034358399588e-05 14
1772812619733 1.3730999664505203e-05 15
1772812629977 1.3463613189306363e-05 16
1772812639934 1.3655326712357774e-05 17
1772812649890 1.4289068343802546e-05 18
1772812659787 1.387739926985874e-05 19
1772812673493 1.3658908018341139e-05 20
1772812683612 1.4256436440382419e-05 21
1772812693584 1.365729789101555e-05 22
1772812703548 1.3783860223307545e-05 23
1772812713508 1.4181234551670016e-05 24
1772812726940 1.3845492855772474e-05 25
1772812736887 1.3845186104056198e-05 26
1772812746760 1.3450715992201466e-05 27
1772812756698 1.3930357181083498e-05 28
1772812766668 1.3720678479107683e-05 29
1772812780137 1.399863147641591e-05 30
1772812790060 1.3898126551376127e-05 31
1772812799978 1.3785614608430858e-05 32
1772812809915 1.3545198384789136e-05 33
1772812819672 1.3551386002677162e-05 34
1772812833201 1.3687394023228707e-05 35
1772812843136 1.3817289246022086e-05 36
1772812852949 1.3803530380999837e-05 37
1772812862870 1.3484435163955463e-05 38
1772812872750 1.3710071224913783e-05 39
1772812886401 1.3785582316356279e-05 40
1772812896687 1.3967423382947255e-05 41
1772812906877 1.3629179126389016e-05 42
1772812917022 1.3618926251580394e-05 43
1772812927387 1.393141209861529e-05 44
1772812941143 1.4004059074447669e-05 45
1772812951358 1.3831551978810715e-05 46
1772812961622 1.4129706447070374e-05 47
1772812971749 1.3823990036284321e-05 48
1772812981883 1.3370452003801943e-05 49
1772812995772 1.3867183744306369e-05 50
1772813006048 1.4571790424427664e-05 51
1772813016281 1.4625611811815954e-05 52
1772813026436 1.4764349248141378e-05 53
1772813036526 1.3605229680852595e-05 54
1772813050362 1.3533728245586455e-05 55
1772813060529 1.3986991449872512e-05 56
1772813070753 1.4007206193609197e-05 57
1772813080812 1.3837437492039249e-05 58
1772813090788 1.3655305450042613e-05 59
1772813104326 1.356869017892615e-05 60
1772813114477 1.4908332258113917e-05 61
1772813124501 1.4228004348599284e-05 62
1772813134466 1.4620008153358892e-05 63
1772813144371 1.4425275583844009e-05 64
1772813157853 1.3380561185291968e-05 65
1772813167658 1.4667658530520098e-05 66
1772813177572 1.4167435306243663e-05 67
1772813187536 1.4129059048325247e-05 68
1772813197512 1.4040071622600807e-05 69
1772813210999 1.3547744674631782e-05 70
1772813221068 1.4478393510522207e-05 71
1772813230989 1.4521917680984127e-05 72
1772813240925 1.395831805832098e-05 73
1772813250803 1.45998871036439e-05 74
1772813264197 1.3138219782453628e-05 75
1772813274170 1.3468276142656458e-05 76
1772813284257 1.3936815322899032e-05 77
1772813294142 1.3756785627141503e-05 78
1772813304075 1.384705787684966e-05 79
1772813317488 1.3956067873578431e-05 80
1772813327367 1.3711522388201442e-05 81
1772813337244 1.3506916233665936e-05 82
1772813347153 1.3601660465345745e-05 83
1772813357057 1.3561133798559708e-05 84
1772813370566 1.3438312887146297e-05 85
1772813380503 1.310203316594346e-05 86
1772813390396 1.3427137249317133e-05 87
1772813400364 1.3937379085624594e-05 88
1772813410267 1.3717929833613691e-05 89
1772813423617 1.3638034864417753e-05 90
1772813433540 1.392254558477888e-05 91
1772813443533 1.3674793725631334e-05 92
1772813453629 1.3520961740739812e-05 93
1772813463614 1.4115823243675483e-05 94
1772813477054 1.3724601569346086e-05 95
1772813487028 1.3691362858668417e-05 96
1772813496976 1.3794392850291794e-05 97
1772813506747 1.3642553216684582e-05 98
1772813516715 1.3940675631853351e-05 99
1772813530198 1.3842065367511118e-05 100
