1772812360041 6.968490506951625e-06 1
1772812370068 6.633208773044079e-06 2
1772812379614 6.401479137759833e-06 3
1772812389084 5.969479767075031e-06 4
1772812404490 6.0707663210890025e-06 5
1772812413952 6.702024076370597e-06 6
1772812423469 6.338972187588179e-06 7
1772812432850 6.644434609687187e-06 8
1772812442270 6.70912705906911e-06 9
1772812455271 6.488304862105136e-06 10
1772812464594 6.465854526806671e-06 11
1772812474042 6.764449599348511e-06 12
1772812483390 6.437747803317848e-06 13
1772812492759 6.2050668263367064e-06 14
1772812505737 6.338954178948117e-06 15
1772812515126 6.316406843744524e-06 16
1772812524510 6.282909864213655e-06 17
1772812533919 6.397108771091804e-06 18
1772812543152 6.33955947981186e-06 19
1772812556045 6.31083062179091e-06 20
1772812572500 5.92305534327611e-06 11
1772812582987 6.32923856928744e-06 12
1772812593570 6.676122793857825e-06 13
1772812603922 6.665853056049296e-06 14
1772812619733 6.151911627823776e-06 15
1772812629978 5.999139257251731e-06 16
1772812639935 6.113379884591954e-06 17
1772812649891 6.382798534785465e-06 18
1772812659788 6.2541847359469595e-06 19
1772812673494 6.057433002168793e-06 20
1772812683612 6.410463889356993e-06 21
1772812693585 6.1692872530227655e-06 22
1772812703549 6.114668158616816e-06 23
1772812713509 6.339290805046631e-06 24
1772812726941 6.162325239113645e-06 25
1772812736888 6.084414325161852e-06 26
1772812746761 6.075978374602224e-06 27
1772812756698 6.118995437784784e-06 28
1772812766669 6.177104495313671e-06 29
1772812780138 6.210735286920148e-06 30
1772812790060 6.324188639524858e-06 31
1772812799978 6.256242213406581e-06 32
1772812809915 6.166253493037565e-06 33
1772812819672 6.053634104312113e-06 34
1772812833202 6.2030776404840575e-06 35
1772812843136 6.275444942750841e-06 36
1772812852949 6.201780520431721e-06 37
1772812862870 6.056742333544879e-06 38
1772812872751 6.137934649633485e-06 39
1772812886401 6.238201450091866e-06 40
1772812896688 6.3140967799410296e-06 41
1772812906878 6.2052683192438325e-06 42
1772812917023 6.305764873382389e-06 43
1772812927387 6.29266738010087e-06 44
1772812941144 6.377654737747468e-06 45
1772812951359 6.2679902753631895e-06 46
1772812961623 6.350230654951329e-06 47
1772812971749 6.121108708773331e-06 48
1772812981884 6.072206681015883e-06 49
1772812995772 6.287226789954479e-06 50
1772813006049 6.63797753691343e-06 51
1772813016282 6.706065049387553e-06 52
1772813026436 7.013404463706942e-06 53
1772813036526 6.174043673413883e-06 54
1772813050363 6.204633822716324e-06 55
1772813060530 6.34616799633883e-06 56
1772813070754 6.409818426689967e-06 57
1772813080813 6.310185336965368e-06 58
1772813090788 6.167791693657906e-06 59
1772813104327 6.111580025376022e-06 60
1772813114477 6.6232953463803386e-06 61
1772813124502 6.504892657221823e-06 62
1772813134466 6.622676816776295e-06 63
1772813144371 6.574883616554247e-06 64
1772813157854 6.093306595276029e-06 65
1772813167659 6.751736054210893e-06 66
1772813177573 6.360740550271603e-06 67
1772813187537 6.523124619848036e-06 68
1772813197512 6.46530453648946e-06 69
1772813211000 6.283930747360327e-06 70
1772813221068 6.7854317426574e-06 71
1772813230990 6.590566192548395e-06 72
1772813240925 6.272613665066951e-06 73
1772813250804 6.71373497910495e-06 74
1772813264198 5.920215333078039e-06 75
1772813274171 6.0669661940527275e-06 76
1772813284258 6.208654956333524e-06 77
1772813294143 6.170951484439621e-06 78
1772813304076 6.349357733317107e-06 79
1772813317489 6.239100743830789e-06 80
1772813327368 6.143187615578831e-06 81
1772813337245 5.980709407690742e-06 82
1772813347154 6.104797326210028e-06 83
1772813357058 6.17218456201954e-06 84
1772813370567 6.00386587603751e-06 85
1772813380503 5.923262217571994e-06 86
1772813390396 5.9619260605164425e-06 87
1772813400364 6.269644266533261e-06 88
1772813410267 6.204247659557774e-06 89
1772813423617 6.1104452804275576e-06 90
1772813433540 6.2620370282123075e-06 91
1772813443534 6.161897478582357e-06 92
1772813453630 6.088696266977283e-06 93
1772813463615 6.354874350781471e-06 94
1772813477055 6.143267836755938e-06 95
1772813487028 6.248881788260136e-06 96
1772813496977 6.206600631198086e-06 97
1772813506748 6.149829998940042e-06 98
1772813516716 6.10830620646565e-06 99
1772813530198 6.182547246956876e-06 100
