1772812360040 4.953275218713178e-06 1
1772812370067 4.881326593072471e-06 2
1772812379613 4.8648099274897186e-06 3
1772812389083 4.7427920744561835e-06 4
1772812404490 4.7438045645427815e-06 5
1772812413951 4.864939566663715e-06 6
1772812423468 4.876719740517918e-06 7
1772812432850 5.14255702370968e-06 8
1772812442269 5.04749594303857e-06 9
1772812455270 5.005394123854458e-06 10
1772812464594 5.00285963134896e-06 11
1772812474041 5.144277205487458e-06 12
1772812483389 5.00324591789595e-06 13
1772812492758 4.815862055967609e-06 14
1772812505736 4.848584748764253e-06 15
1772812515125 4.881314108829112e-06 16
1772812524509 4.8431599345336996e-06 17
1772812533918 4.8516353145077745e-06 18
1772812543151 4.90084956637872e-06 19
1772812556044 4.933501271760283e-06 20
1772812572499 4.551399464039093e-06 11
1772812582986 4.867087631394992e-06 12
1772812593570 4.965053859515307e-06 13
1772812603922 4.944228558697975e-06 14
1772812619733 4.747129627400643e-06 15
1772812629978 4.631841531622889e-06 16
1772812639934 4.733811763752196e-06 17
1772812649890 4.834443725398467e-06 18
1772812659788 4.8044810363125235e-06 19
1772812673494 4.7104013062133635e-06 20
1772812683612 4.83510000384252e-06 21
1772812693584 4.677101354133614e-06 22
1772812703548 4.708990686913803e-06 23
1772812713509 4.8428487612941176e-06 24
1772812726941 4.756907526680766e-06 25
1772812736887 4.679741703727765e-06 26
1772812746760 4.742366755102191e-06 27
1772812756698 4.7533178468407865e-06 28
1772812766669 4.781881690506709e-06 29
1772812780137 4.783088286243826e-06 30
1772812790060 4.8469841362945925e-06 31
1772812799978 4.816704257731443e-06 32
1772812809915 4.669789394704171e-06 33
1772812819672 4.7222231703243885e-06 34
1772812833202 4.810826730606164e-06 35
1772812843136 4.8093998410536305e-06 36
1772812852949 4.772217025360361e-06 37
1772812862870 4.636256479231277e-06 38
1772812872750 4.803029402185815e-06 39
1772812886401 4.789126140357442e-06 40
1772812896687 4.757606594894515e-06 41
1772812906877 4.750087855564753e-06 42
1772812917022 4.708144505730841e-06 43
1772812927387 4.695135731005733e-06 44
1772812941144 4.86591088776543e-06 45
1772812951359 4.716704923491594e-06 46
1772812961623 4.7905097334411455e-06 47
1772812971749 4.656815512119429e-06 48
1772812981884 4.639044875891123e-06 49
1772812995772 4.786427989368958e-06 50
1772813006048 4.913367989969595e-06 51
1772813016282 4.9361885142465e-06 52
1772813026436 5.084245227644982e-06 53
1772813036526 4.682033791628634e-06 54
1772813050362 4.658020125207307e-06 55
1772813060529 4.808410955096088e-06 56
1772813070754 4.8882684490604795e-06 57
1772813080812 4.871709622640727e-06 58
1772813090788 4.789052953810309e-06 59
1772813104327 4.735747970590498e-06 60
1772813114477 5.049603903296569e-06 61
1772813124501 4.904098906528109e-06 62
1772813134466 4.9450329987880224e-06 63
1772813144371 4.976947181263594e-06 64
1772813157854 4.669556591484589e-06 65
1772813167658 5.145878010304312e-06 66
1772813177572 4.934841983802523e-06 67
1772813187537 4.937369841597796e-06 68
1772813197512 4.848825251807244e-06 69
1772813210999 4.8130841741135915e-06 70
1772813221068 5.100493856093993e-06 71
1772813230990 4.97502541021144e-06 72
1772813240925 4.765191970873943e-06 73
1772813250803 5.004029795640945e-06 74
1772813264198 4.6143162811309395e-06 75
1772813274170 4.662614401394297e-06 76
1772813284257 4.7763295528761226e-06 77
1772813294142 4.813120105453898e-06 78
1772813304075 4.88778131025194e-06 79
1772813317489 4.7413861294114005e-06 80
1772813327367 4.681971118933347e-06 81
1772813337245 4.641252898331732e-06 82
1772813347154 4.746815662271905e-06 83
1772813357058 4.786916366167192e-06 84
1772813370566 4.684451926100466e-06 85
1772813380503 4.602389054894995e-06 86
1772813390396 4.645599859766379e-06 87
1772813400364 4.790807066345155e-06 88
1772813410267 4.786499871057822e-06 89
1772813423617 4.768963548610404e-06 90
1772813433540 4.740379440622427e-06 91
1772813443533 4.728973206167138e-06 92
1772813453629 4.7661228077220755e-06 93
1772813463615 4.794804850247111e-06 94
1772813477055 4.782690091511981e-06 95
1772813487028 4.852400116725154e-06 96
1772813496976 4.743996546930637e-06 97
1772813506747 4.780891801814948e-06 98
1772813516715 4.712602414425134e-06 99
1772813530198 4.756624792859348e-06 100
