1772812360040 1.6560007203214225e-05 1
1772812370068 1.698717356670911e-05 2
1772812379613 1.630873178680546e-05 3
1772812389083 1.5550584288039316e-05 4
1772812404490 1.5387608924046426e-05 5
1772812413952 1.644654317857299e-05 6
1772812423469 1.6244741165033673e-05 7
1772812432850 1.6188668092550668e-05 8
1772812442269 1.6707530616612987e-05 9
1772812455270 1.6316365233553915e-05 10
1772812464594 1.615367509111484e-05 11
1772812474041 1.6910730987029722e-05 12
1772812483390 1.64278847943874e-05 13
1772812492758 1.597999012201092e-05 14
1772812505737 1.597971590697042e-05 15
1772812515126 1.6287016957850016e-05 16
1772812524510 1.5759193833708896e-05 17
1772812533918 1.6253619950038572e-05 18
1772812543151 1.6491870930492704e-05 19
1772812556045 1.6677089648444484e-05 20
1772812572500 1.5033124538710402e-05 11
1772812582987 1.6044014011651046e-05 12
1772812593571 1.694228378066524e-05 13
1772812603923 1.6716113521961004e-05 14
1772812619734 1.570806933861438e-05 15
1772812629979 1.5158218351825339e-05 16
1772812639935 1.540123092672802e-05 17
1772812649891 1.58845485792266e-05 18
1772812659788 1.5757718010901042e-05 19
1772812673495 1.560892685544829e-05 20
1772812683613 1.632807678223662e-05 21
1772812693585 1.572048572179227e-05 22
1772812703549 1.548029557222532e-05 23
1772812713509 1.6019269074271196e-05 24
1772812726942 1.5740182815126137e-05 25
1772812736888 1.567728645478254e-05 26
1772812746761 1.547611072684916e-05 27
1772812756699 1.5841587348055107e-05 28
1772812766670 1.562328292664255e-05 29
1772812780138 1.592763873453477e-05 30
1772812790061 1.545174826379313e-05 31
1772812799979 1.593979477017085e-05 32
1772812809916 1.5392546209209658e-05 33
1772812819673 1.548398357472903e-05 34
1772812833202 1.5615586115172488e-05 35
1772812843137 1.5660277028721126e-05 36
1772812852950 1.5402441076556287e-05 37
1772812862871 1.551987885384776e-05 38
1772812872751 1.562832038361425e-05 39
1772812886402 1.5636631570306555e-05 40
1772812896688 1.6100502423840472e-05 41
1772812906878 1.5760582981075305e-05 42
1772812917023 1.5788893884758793e-05 43
1772812927388 1.6088307879383655e-05 44
1772812941144 1.592677594297741e-05 45
1772812951359 1.5885638972945133e-05 46
1772812961623 1.5963576016099974e-05 47
1772812971750 1.5757556209403556e-05 48
1772812981884 1.5559161627397434e-05 49
1772812995773 1.5944633536520603e-05 50
1772813006049 1.656389105034442e-05 51
1772813016282 1.6495067470344697e-05 52
1772813026437 1.6601571378412753e-05 53
1772813036527 1.5503879822138488e-05 54
1772813050363 1.5581168933747496e-05 55
1772813060530 1.5811290773348455e-05 56
1772813070754 1.623744758380478e-05 57
1772813080813 1.5734241674590027e-05 58
1772813090789 1.565192009381495e-05 59
1772813104327 1.5469022163157916e-05 60
1772813114477 1.661519949224197e-05 61
1772813124502 1.6055235755660485e-05 62
1772813134467 1.6534189297345534e-05 63
1772813144372 1.6585781496887773e-05 64
1772813157854 1.5465298653753026e-05 65
1772813167659 1.6776748189624774e-05 66
1772813177573 1.631178303886201e-05 67
1772813187537 1.643571603746254e-05 68
1772813197513 1.579579692591206e-05 69
1772813211000 1.5915859132718973e-05 70
1772813221069 1.648936722259798e-05 71
1772813230990 1.619551718610063e-05 72
1772813240926 1.5787220451356998e-05 73
1772813250804 1.6519344486054613e-05 74
1772813264198 1.5109373066426703e-05 75
1772813274171 1.533863741200875e-05 76
1772813284258 1.5984882630135576e-05 77
1772813294143 1.5641670039070602e-05 78
1772813304076 1.5611340818694894e-05 79
1772813317489 1.5530008635409725e-05 80
1772813327368 1.550450556187084e-05 81
1772813337245 1.5259948279306787e-05 82
1772813347155 1.548778673804708e-05 83
1772813357058 1.5478162613028925e-05 84
1772813370567 1.532889732258878e-05 85
1772813380504 1.509813866453496e-05 86
1772813390397 1.5358326723913052e-05 87
1772813400365 1.60160298247792e-05 88
1772813410268 1.552549043688056e-05 89
1772813423618 1.554717549231013e-05 90
1772813433541 1.5820140716082552e-05 91
1772813443534 1.544899807782534e-05 92
1772813453630 1.565012485512855e-05 93
1772813463616 1.580227704164726e-05 94
1772813477055 1.5707692077885235e-05 95
1772813487029 1.5547340998601625e-05 96
1772813496977 1.5555790935407686e-05 97
1772813506748 1.5661420724807753e-05 98
1772813516716 1.551276975801673e-05 99
1772813530199 1.5697341094225753e-05 100
