1772812360041 2.424887122972112e-05 1
1772812370069 2.4664189245760453e-05 2
1772812379614 2.4100081248547088e-05 3
1772812389084 2.2463073748839458e-05 4
1772812404491 2.2527018576264648e-05 5
1772812413952 2.4046687692241145e-05 6
1772812423469 2.3663172528423765e-05 7
1772812432851 2.3243928885291805e-05 8
1772812442270 2.4485266848985847e-05 9
1772812455271 2.3471559905272743e-05 10
1772812464595 2.3244039279953754e-05 11
1772812474042 2.471003968438242e-05 12
1772812483390 2.383310129638276e-05 13
1772812492759 2.2809234772066172e-05 14
1772812505738 2.3138488759648776e-05 15
1772812515127 2.345396593818118e-05 16
1772812524511 2.2730891239236448e-05 17
1772812533919 2.3395458166101956e-05 18
1772812543152 2.353351654578647e-05 19
1772812556045 2.315152662761303e-05 20
1772812572500 2.208589480658054e-05 11
1772812582987 2.3182732750864287e-05 12
1772812593571 2.4725409918652083e-05 13
1772812603923 2.4455184421243165e-05 14
1772812619734 2.2938113059333633e-05 15
1772812629979 2.204744600897845e-05 16
1772812639936 2.2332079926248216e-05 17
1772812649892 2.2849584876064604e-05 18
1772812659789 2.2716927085859772e-05 19
1772812673495 2.27595008297903e-05 20
1772812683613 2.3723031699655335e-05 21
1772812693585 2.307877915847164e-05 22
1772812703549 2.224948516968893e-05 23
1772812713510 2.328920478809761e-05 24
1772812726942 2.2739956997985496e-05 25
1772812736888 2.2428320972981866e-05 26
1772812746761 2.2274553668457765e-05 27
1772812756699 2.2467416184956778e-05 28
1772812766670 2.2950807846709675e-05 29
1772812780138 2.2629471694215117e-05 30
1772812790061 2.250378121102821e-05 31
1772812799979 2.30717681363349e-05 32
1772812809916 2.2540729514347556e-05 33
1772812819673 2.198241309980859e-05 34
1772812833203 2.2767212645726583e-05 35
1772812843137 2.278931427169002e-05 36
1772812852950 2.2300555107108094e-05 37
1772812862871 2.260297071224985e-05 38
1772812872751 2.2454458065045698e-05 39
1772812886402 2.2644087016052013e-05 40
1772812896688 2.3491592774425095e-05 41
1772812906878 2.330332129208823e-05 42
1772812917024 2.3464113461468686e-05 43
1772812927388 2.3665457144190095e-05 44
1772812941145 2.343708844041918e-05 45
1772812951360 2.337580634637499e-05 46
1772812961624 2.3382960436620243e-05 47
1772812971750 2.3000599231161246e-05 48
1772812981885 2.3012106067834795e-05 49
1772812995773 2.327869373579528e-05 50
1772813006049 2.453630743257681e-05 51
1772813016283 2.4611689506151836e-05 52
1772813026437 2.453442789930308e-05 53
1772813036527 2.2483437915773035e-05 54
1772813050363 2.292217514250264e-05 55
1772813060530 2.3223302121994554e-05 56
1772813070755 2.414374755341223e-05 57
1772813080813 2.2675308141278473e-05 58
1772813090789 2.2848645549189302e-05 59
1772813104328 2.242475159172698e-05 60
1772813114478 2.4027150861024714e-05 61
1772813124502 2.3836529029458455e-05 62
1772813134467 2.3800472008632045e-05 63
1772813144372 2.4137521792353787e-05 64
1772813157855 2.257920580199638e-05 65
1772813167659 2.4769714320523514e-05 66
1772813177574 2.391138830802624e-05 67
1772813187537 2.384123400078597e-05 68
1772813197513 2.3313818771222905e-05 69
1772813211000 2.318886809580384e-05 70
1772813221069 2.4321223615952056e-05 71
1772813230991 2.3535428608978235e-05 72
1772813240926 2.299392330511443e-05 73
1772813250804 2.416954964911931e-05 74
1772813264199 2.199508525183849e-05 75
1772813274171 2.235620684125021e-05 76
1772813284258 2.323752403078847e-05 77
1772813294143 2.258180164980257e-05 78
1772813304077 2.2552553529427244e-05 79
1772813317490 2.2728749189997302e-05 80
1772813327368 2.254549913420861e-05 81
1772813337246 2.205927930910857e-05 82
1772813347155 2.25593164392925e-05 83
1772813357059 2.2557042077460464e-05 84
1772813370567 2.2289987364412178e-05 85
1772813380504 2.24138471835083e-05 86
1772813390397 2.2375620400618704e-05 87
1772813400365 2.3040628690899202e-05 88
1772813410268 2.22466521993736e-05 89
1772813423618 2.2708088884941047e-05 90
1772813433541 2.2798741488331023e-05 91
1772813443534 2.2387987197267215e-05 92
1772813453630 2.2828565644815938e-05 93
1772813463616 2.302374264580303e-05 94
1772813477056 2.2509193932258792e-05 95
1772813487029 2.2423430480307673e-05 96
1772813496977 2.2605396559865303e-05 97
1772813506749 2.2930366374916393e-05 98
1772813516716 2.226700753746455e-05 99
1772813530199 2.3031566860992903e-05 100
