1772812360035 31658.65593433891 1
1772812370064 37994.497644378025 2
1772812379609 41403.02906956642 3
1772812389079 43433.59594239037 4
1772812404486 44863.14186662761 5
1772812413947 41770.35674758038 6
1772812423465 42844.16392005625 7
1772812432846 43758.83469621667 8
1772812442263 44476.35066955528 9
1772812455267 45039.52062470808 10
1772812464590 44238.671984407185 11
1772812474037 44733.308991540434 12
1772812483386 45192.86830434697 13
1772812492754 45590.927453065065 14
1772812505733 45921.51586700537 15
1772812515122 45268.6337667787 16
1772812524506 45586.94906330131 17
1772812533914 45869.50938288257 18
1772812543147 46165.117612601876 19
1772812556041 46410.38544957258 20
1772812572496 49773.54301911262 11
1772812582983 47816.484125529634 12
1772812593567 47091.17100421619 13
1772812603919 46901.49499956236 14
1772812619730 47223.48986884185 15
1772812629975 43080.84782705374 16
1772812639932 43768.22390355846 17
1772812649887 44303.6816189455 18
1772812659785 44747.40167270429 19
1772812673490 45126.844390064914 20
1772812683609 43919.90672366571 21
1772812693581 44256.57064096802 22
1772812703546 44547.71855021915 23
1772812713505 44798.115472880476 24
1772812726937 45049.66912291226 25
1772812736884 44324.18281892029 26
1772812746758 44567.40432433927 27
1772812756695 44772.29930609637 28
1772812766666 44947.866957902115 29
1772812780134 45117.352267933726 30
1772812790057 44565.01931616865 31
1772812799975 44735.36638493178 32
1772812809912 44889.51955005955 33
1772812819669 45060.79348371657 34
1772812833198 45188.14430888387 35
1772812843133 44728.71037214292 36
1772812852946 44877.74904556304 37
1772812862867 45001.20540407176 38
1772812872747 45123.48898204935 39
1772812886397 45233.339257743166 40
1772812896684 44779.03479534862 41
1772812906874 44854.48782224593 42
1772812917019 44941.06401704511 43
1772812927384 44978.43506918519 44
1772812941141 45049.10570819033 45
1772812951355 44685.12953621798 46
1772812961620 44742.42393187567 47
1772812971746 44814.19109138882 48
1772812981881 44881.48225987397 49
1772812995768 44940.82879837242 50
1772813006045 44611.26637905526 51
1772813016278 44667.9642641619 52
1772813026433 44729.91070230905 53
1772813036522 44795.52537952007 54
1772813050359 44849.70447877395 55
1772813060526 44573.75033760441 56
1772813070751 44625.438066126895 57
1772813080809 44688.89698576314 58
1772813090785 44757.323608086524 59
1772813104324 44826.22375181429 60
1772813114474 44599.9921884972 61
1772813124498 44648.21984857312 62
1772813134463 44713.158361438815 63
1772813144368 44780.71782369499 64
1772813157850 44846.978165943336 65
1772813167655 44650.98613354028 66
1772813177569 44717.056669413265 67
1772813187533 44775.221081985816 68
1772813197509 44830.60747574368 69
1772813210996 44891.52003761293 70
1772813221065 44692.43571616029 71
1772813230987 44749.80762455056 72
1772813240922 44804.81108435369 73
1772813250800 44862.37136844355 74
1772813264194 44921.67923845068 75
1772813274167 44745.95572409062 76
1772813284254 44788.685901562916 77
1772813294139 44841.84699970985 78
1772813304072 44891.6301231028 79
1772813317485 44945.9702028577 80
1772813327364 44786.41444283611 81
1772813337241 44838.17166402208 82
1772813347150 44886.18932009556 83
1772813357055 44934.004080541694 84
1772813370563 44977.320767789766 85
1772813380500 44824.58114550352 86
1772813390393 44870.82236332698 87
1772813400361 44912.9239687612 88
1772813410264 44957.14160490725 89
1772813423614 45007.13396566619 90
1772813433537 44863.97867072959 91
1772813443531 44901.54534683231 92
1772813453626 44940.77830281146 93
1772813463612 44972.9732378475 94
1772813477051 45013.36474646897 95
1772813487024 44877.031234153175 96
1772813496973 44915.38598698571 97
1772813506744 44960.11945871904 98
1772813516712 44996.17835953999 99
1772813530195 45031.485927742855 100
