1772812360035 31658.656539724514 1
1772812370063 47493.38479358088 2
1772812379609 50455.59957824505 3
1772812389079 50928.71874544163 4
1772812404486 51668.41504538993 5
1772812413947 31066.856339809456 6
1772812423464 50662.039194009325 7
1772812432846 51451.36339650314 8
1772812442263 51196.01423822501 9
1772812455267 50837.086880883115 10
1772812464589 37563.883090938056 11
1772812474037 51011.80731630329 12
1772812483385 51560.46159802108 13
1772812492754 51491.464054175645 14
1772812505733 51115.457589002595 15
1772812515121 37315.50549495364 16
1772812524506 51371.362847092365 17
1772812533914 51277.00396160236 18
1772812543147 52228.174024397296 19
1772812556040 51626.19700021406 20
1772812572496 49773.54408868818 11
1772812582983 46014.50388719869 12
1772812593566 45711.115120834715 13
1772812603919 46346.37672126521 14
1772812619730 48561.95044240005 15
1772812629974 29949.920072260804 16
1772812639931 48405.76480658604 17
1772812649887 48457.65793563971 18
1772812659784 48649.423772398055 19
1772812673489 48859.88263343983 20
1772812683609 34655.354442238386 21
1772812693581 48336.55553483717 22
1772812703545 48375.185412061204 23
1772812713505 48334.24956209779 24
1772812726936 48897.5506459617 25
1772812736884 35703.895497254656 26
1772812746757 48861.169604303395 27
1772812756695 48572.455532942644 28
1772812766665 48365.97526983093 29
1772812780134 48603.68766048245 30
1772812790057 35803.13896758981 31
1772812799975 48644.4917081309 32
1772812809912 48575.94580169505 33
1772812819668 49400.12118447286 34
1772812833198 48480.77004563253 35
1772812843132 35659.25645445784 36
1772812852946 49138.86771583538 37
1772812862866 48616.26731363034 38
1772812872747 48844.447151541535 39
1772812886397 48673.90956737952 40
1772812896684 34414.23731202302 41
1772812906874 47330.964164443816 42
1772812917019 47904.010412944896 43
1772812927384 46252.39789282656 44
1772812941140 47596.183627988044 45
1772812951355 34837.84324057196 46
1772812961619 46912.05685426088 47
1772812971746 47649.370175877906 48
1772812981880 47602.24983178076 49
1772812995768 47389.0102925996 50
1772813006045 34496.7067843387 51
1772813016278 47128.072614273704 52
1772813026433 47501.3537729353 53
1772813036522 47816.324970714246 54
1772813050359 47374.9571125007 55
1772813060526 34911.70488509469 56
1772813070750 47144.84822195268 57
1772813080809 47894.08315506902 58
1772813090785 48312.43673024257 59
1772813104323 48487.80600342127 60
1772813114474 35609.07018245003 61
1772813124498 47258.76452715987 62
1772813134463 48376.4400065326 63
1772813144368 48683.514715283134 64
1772813157850 48745.997997918785 65
1772813167655 36001.70471186949 66
1772813177569 48761.71106083451 67
1772813187533 48365.0315231057 68
1772813197508 48300.31390256623 69
1772813210996 48808.676659644705 70
1772813221065 35302.910795456504 71
1772813230986 48556.44132960807 72
1772813240922 48509.87565391514 73
1772813250800 48817.83209129104 74
1772813264194 49078.44298012471 75
1772813274167 35678.32242260212 76
1772813284254 47806.31140662656 77
1772813294139 48720.631254688975 78
1772813304072 48561.899713121864 79
1772813317485 49046.77062222386 80
1772813327363 35875.586685014605 81
1772813337241 48850.72605980895 82
1772813347150 48640.91840717142 83
1772813357054 48727.59854717776 84
1772813370563 48437.09987451981 85
1772813380500 35721.07446224997 86
1772813390392 48692.67588716577 87
1772813400361 48415.466508589314 88
1772813410264 48701.90137031884 89
1772813423613 49346.76718658975 90
1772813433537 35766.939239606625 91
1772813443530 48173.24184634224 92
1772813453626 48413.64868612081 93
1772813463612 47823.05813550795 94
1772813477051 48690.705703204694 95
1772813487024 35692.37736427322 96
1772813496973 48483.209231774126 97
1772813506744 49234.99104175676 98
1772813516712 48417.542473352034 99
1772813530195 48416.97197891225 100
