1772812359872 0.4068624589999672 1
1772812369923 0.3610580420063343 2
1772812379469 0.362531749997288 3
1772812388939 0.3364102079940494 4
1772812404625 0.33561487498809583 5
1772812414081 0.3592901670199353 6
1772812423646 0.3776499999803491 7
1772812433042 0.3473389999999199 8
1772812442528 0.34620670799631625 9
1772812455524 0.348577041993849 10
1772812464976 0.24801179199130274 11
1772812474300 0.2479162919917144 12
1772812483654 0.35424974997295067 13
1772812493061 0.34624729200731963 14
1772812506021 0.3514274590124842 15
1772812515414 0.3633695830067154 16
1772812524813 0.34971604199381545 17
1772812534227 0.3553746660181787 18
1772812543565 0.3506955420016311 19
1772812556313 0.25009829201735556 20
1772812579211 0.3319851669948548 21
1772812589637 0.343653332995018 22
1772812600193 0.3368445419764612 23
1772812610123 0.32384699999238364 24
1772812626208 0.33535529201617464 25
1772812636144 0.34654800000134856 26
1772812646132 0.24404983400017954 27
1772812656072 0.24557779199676588 28
1772812665944 0.3400322090019472 29
1772812679752 0.335812708013691 30
1772812696763 0.3335917910153512 21
1772812706752 0.32617191699682735 22
1772812716664 0.3303375420218799 23
1772812726467 0.32764175001648255 24
1772812742270 0.3355849999934435 25
1772812752187 0.3451602089917287 26
1772812762166 0.24419833399588242 27
1772812772155 0.24476108298404142 28
1772812782022 0.33741983299842104 29
1772812795569 0.33432395799900405 30
1772812812411 0.3361318749957718 31
1772812822269 0.3218592909979634 32
1772812832105 0.3223173749865964 33
1772812841994 0.33583254099357873 34
1772812857769 0.33686833298997954 35
1772812867683 0.3444233750051353 36
1772812877552 0.2418744169990532 37
1772812887781 0.24310175000573508 38
1772812897998 0.3699157910014037 39
1772812911800 0.3395173749886453 40
1772812929429 0.33672545800800435 41
1772812939502 0.3395489579997957 42
1772812949643 0.3167090420029126 43
1772812959897 0.32812895899405703 44
1772812976116 0.3386351669905707 45
1772812986349 0.34957954098354094 46
1772812996600 0.24985679099336267 47
1772813006861 0.24621254098019563 48
1772813017099 0.34113054201588966 49
1772813030864 0.3428006249887403 50
1772813048135 0.3381637909915298 51
1772813058234 0.32243212501634844 52
1772813068393 0.33483833298669197 53
1772813078620 0.3353040000074543 54
1772813094554 0.33363249999820255 55
1772813104492 0.3489761670061853 56
1772813114623 0.24595187499653548 57
1772813124691 0.2448941670008935 58
1772813134651 0.33674991701263934 59
1772813148164 0.3324600830092095 60
1772813158097 0.33905275000142865 61
1772813168009 0.3487269159813877 62
1772813177904 0.33888129200204276 63
1772813187870 0.3355818330019247 64
1772813201328 0.24354970900458284 65
1772813211270 0.2472712919989135 66
1772813221356 0.35676279102335684 67
1772813231343 0.3367129580001347 68
1772813241318 0.33948691698606126 69
1772813254892 0.3382070829975419 70
1772813271229 0.33026479100226425 71
1772813281230 0.32837249999283813 72
1772813291121 0.32464199999230914 73
1772813300979 0.32133833298576064 74
1772813316731 0.3230041250062641 75
1772813326645 0.372928166994825 76
1772813336623 0.2503933749976568 77
1772813346558 0.25205462498706765 78
1772813356456 0.3436432500020601 79
1772813369978 0.34469483300927095 80
1772813386465 0.32917158398777246 81
1772813396407 0.3212370830005966 82
1772813406312 0.3209524170088116 83
1772813416182 0.319876583002042 84
1772813431893 0.3207330830045976 85
1772813441880 0.33724345901282504 86
1772813451803 0.2418600420060102 87
1772813461847 0.2880230830051005 88
1772813471769 0.3431805419968441 89
1772813485230 0.33555962500395253 90
1772813495207 0.3362474169989582 91
1772813505093 0.3349679590028245 92
1772813515031 0.3314325420069508 93
1772813524995 0.34467666698037647 94
1772813537862 0.24583941700984724 95
1772813547168 0.23136254199198447 96
1772813556584 0.3141945420065895 97
1772813565866 0.321967833006056 98
1772813575420 0.31233449999126606 99
1772813588434 0.33839329102193005 100
