1772811732021 0.0 1
1772811741147 0.0 2
1772811750955 0.0 3
1772811760432 0.0 4
1772811777029 0.0 5
1772811786331 0.0 6
1772811796163 0.0 7
1772811805954 0.0 8
1772811815706 0.0 9
1772811828993 0.0 10
1772811838193 0.0 11
1772811847210 0.0 12
1772811856794 0.0 13
1772811866228 0.0 14
1772811879079 0.0 15
1772811888424 0.0 16
1772811898287 0.0 17
1772811907781 0.0 18
1772811917894 0.0 19
1772811931333 0.0 20
1772811955113 0.0 21
1772811966226 0.0 22
1772811976375 0.0 23
1772811986358 0.0 24
1772812001830 0.0 25
1772812012157 0.0 26
1772812022418 0.0 27
1772812032599 0.0 28
1772812042825 0.0 29
