1772811732020 -1.0 1
1772811741147 -1.0 2
1772811750955 -1.0 3
1772811760431 -1.0 4
1772811777028 -1.0 5
1772811786331 -1.0 6
1772811796163 -1.0 7
1772811805954 -1.0 8
1772811815706 -1.0 9
1772811828992 -1.0 10
1772811838192 -1.0 11
1772811847209 -1.0 12
1772811856794 -1.0 13
1772811866227 -1.0 14
1772811879078 -1.0 15
1772811888423 -1.0 16
1772811898287 -1.0 17
1772811907780 -1.0 18
1772811917893 -1.0 19
1772811931332 -1.0 20
1772811955113 -1.0 21
1772811966225 -1.0 22
1772811976375 -1.0 23
1772811986358 -1.0 24
1772812001829 -1.0 25
1772812012157 -1.0 26
1772812022417 -1.0 27
1772812032598 -1.0 28
1772812042824 -1.0 29
