1772811732014 1.0 1
1772811741142 1.0 2
1772811750949 1.0 3
1772811760426 1.0 4
1772811777024 1.0 5
1772811786326 1.0 6
1772811796158 1.0 7
1772811805948 1.0 8
1772811815701 1.0 9
1772811828988 1.0 10
1772811838188 1.0 11
1772811847204 1.0 12
1772811856789 1.0 13
1772811866223 1.0 14
1772811879074 1.0 15
1772811888419 1.0 16
1772811898282 1.0 17
1772811907775 1.0 18
1772811917888 1.0 19
1772811931328 1.0 20
1772811955109 1.0 21
1772811966219 1.0 22
1772811976370 1.0 23
1772811986353 1.0 24
1772812001825 1.0 25
1772812012151 1.0 26
1772812022412 1.0 27
1772812032594 1.0 28
1772812042820 1.0 29
