1772811732017 0.0 1
1772811741144 0.0 2
1772811750952 0.0 3
1772811760429 0.0 4
1772811777026 0.0 5
1772811786329 0.0 6
1772811796161 0.0 7
1772811805952 0.0 8
1772811815704 0.0 9
1772811828990 0.0 10
1772811838191 0.0 11
1772811847207 0.0 12
1772811856792 0.0 13
1772811866225 0.0 14
1772811879076 0.0 15
1772811888421 0.0 16
1772811898285 0.0 17
1772811907778 0.0 18
1772811917890 0.0 19
1772811931330 0.0 20
1772811955111 0.0 21
1772811966222 0.0 22
1772811976373 0.0 23
1772811986356 0.0 24
1772812001827 0.0 25
1772812012154 0.0 26
1772812022415 0.0 27
1772812032596 0.0 28
1772812042822 0.0 29
