1772811732016 32.0 1
1772811741144 32.0 2
1772811750952 32.0 3
1772811760428 32.0 4
1772811777026 32.0 5
1772811786328 32.0 6
1772811796160 32.0 7
1772811805951 32.0 8
1772811815703 32.0 9
1772811828989 32.0 10
1772811838190 32.0 11
1772811847206 32.0 12
1772811856791 32.0 13
1772811866225 32.0 14
1772811879075 32.0 15
1772811888420 32.0 16
1772811898283 32.0 17
1772811907777 32.0 18
1772811917889 32.0 19
1772811931330 32.0 20
1772811955110 32.0 21
1772811966221 32.0 22
1772811976372 32.0 23
1772811986355 32.0 24
1772812001826 32.0 25
1772812012153 32.0 26
1772812022414 32.0 27
1772812032596 32.0 28
1772812042821 32.0 29
