1772811732016 32.0 1
1772811741143 32.0 2
1772811750950 32.0 3
1772811760427 32.0 4
1772811777025 32.0 5
1772811786327 32.0 6
1772811796159 32.0 7
1772811805950 32.0 8
1772811815702 32.0 9
1772811828989 32.0 10
1772811838189 32.0 11
1772811847205 32.0 12
1772811856790 32.0 13
1772811866224 32.0 14
1772811879074 32.0 15
1772811888420 32.0 16
1772811898282 32.0 17
1772811907776 32.0 18
1772811917889 32.0 19
1772811931329 32.0 20
1772811955109 32.0 21
1772811966220 32.0 22
1772811976371 32.0 23
1772811986354 32.0 24
1772812001825 32.0 25
1772812012152 32.0 26
1772812022413 32.0 27
1772812032595 32.0 28
1772812042820 32.0 29
