1772811732015 64.0 1
1772811741142 64.0 2
1772811750949 64.0 3
1772811760427 64.0 4
1772811777024 64.0 5
1772811786327 64.0 6
1772811796158 64.0 7
1772811805949 64.0 8
1772811815702 64.0 9
1772811828988 64.0 10
1772811838188 64.0 11
1772811847204 64.0 12
1772811856790 64.0 13
1772811866223 64.0 14
1772811879074 64.0 15
1772811888419 64.0 16
1772811898282 64.0 17
1772811907776 64.0 18
1772811917888 64.0 19
1772811931328 64.0 20
1772811955109 64.0 21
1772811966219 64.0 22
1772811976371 64.0 23
1772811986353 64.0 24
1772812001825 64.0 25
1772812012152 64.0 26
1772812022412 64.0 27
1772812032594 64.0 28
1772812042820 64.0 29
