1772811732016 50.0 1
1772811741143 50.0 2
1772811750951 50.0 3
1772811760428 50.0 4
1772811777025 50.0 5
1772811786328 50.0 6
1772811796160 50.0 7
1772811805950 50.0 8
1772811815703 50.0 9
1772811828989 50.0 10
1772811838189 50.0 11
1772811847205 50.0 12
1772811856791 50.0 13
1772811866224 50.0 14
1772811879075 50.0 15
1772811888420 50.0 16
1772811898283 50.0 17
1772811907777 50.0 18
1772811917889 50.0 19
1772811931329 50.0 20
1772811955110 50.0 21
1772811966221 50.0 22
1772811976372 50.0 23
1772811986355 50.0 24
1772812001826 50.0 25
1772812012153 50.0 26
1772812022413 50.0 27
1772812032595 50.0 28
1772812042821 50.0 29
