1772811732018 84.0 1
1772811741145 84.0 2
1772811750953 84.0 3
1772811760430 84.0 4
1772811777027 84.0 5
1772811786329 84.0 6
1772811796161 84.0 7
1772811805952 84.0 8
1772811815704 84.0 9
1772811828991 84.0 10
1772811838191 84.0 11
1772811847207 84.0 12
1772811856793 84.0 13
1772811866226 84.0 14
1772811879077 84.0 15
1772811888422 84.0 16
1772811898285 84.0 17
1772811907778 84.0 18
1772811917891 84.0 19
1772811931331 84.0 20
1772811955111 84.0 21
1772811966224 84.0 22
1772811976373 84.0 23
1772811986356 84.0 24
1772812001828 84.0 25
1772812012155 84.0 26
1772812022416 84.0 27
1772812032597 84.0 28
1772812042823 84.0 29
