1772811732018 1.0 1
1772811741145 1.0 2
1772811750953 1.0 3
1772811760429 1.0 4
1772811777027 1.0 5
1772811786329 1.0 6
1772811796161 1.0 7
1772811805952 1.0 8
1772811815704 1.0 9
1772811828990 1.0 10
1772811838191 1.0 11
1772811847207 1.0 12
1772811856792 1.0 13
1772811866226 1.0 14
1772811879076 1.0 15
1772811888422 1.0 16
1772811898285 1.0 17
1772811907778 1.0 18
1772811917891 1.0 19
1772811931331 1.0 20
1772811955111 1.0 21
1772811966223 1.0 22
1772811976373 1.0 23
1772811986356 1.0 24
1772812001827 1.0 25
1772812012155 1.0 26
1772812022415 1.0 27
1772812032597 1.0 28
1772812042822 1.0 29
