1772811732019 0.0 1
1772811741145 0.0 2
1772811750953 0.0 3
1772811760430 0.0 4
1772811777027 0.0 5
1772811786330 0.0 6
1772811796162 0.0 7
1772811805952 0.0 8
1772811815705 0.0 9
1772811828991 0.0 10
1772811838191 0.0 11
1772811847208 0.0 12
1772811856793 0.0 13
1772811866226 0.0 14
1772811879077 0.0 15
1772811888422 0.0 16
1772811898285 0.0 17
1772811907779 0.0 18
1772811917892 0.0 19
1772811931331 0.0 20
1772811955112 0.0 21
1772811966224 0.0 22
1772811976373 0.0 23
1772811986356 0.0 24
1772812001828 0.0 25
1772812012155 0.0 26
1772812022416 0.0 27
1772812032597 0.0 28
1772812042823 0.0 29
