1772811732011 20.0 1
1772811741139 20.0 2
1772811750945 20.0 3
1772811760424 20.0 4
1772811777021 20.0 5
1772811786324 20.0 6
1772811796155 20.0 7
1772811805945 20.0 8
1772811815698 20.0 9
1772811828985 20.0 10
1772811838185 20.0 11
1772811847201 20.0 12
1772811856787 20.0 13
1772811866220 20.0 14
1772811879071 20.0 15
1772811888416 20.0 16
1772811898279 20.0 17
1772811907772 20.0 18
1772811917885 20.0 19
1772811931325 20.0 20
1772811955106 20.0 21
1772811966215 20.0 22
1772811976368 20.0 23
1772811986350 20.0 24
1772812001822 20.0 25
1772812012148 20.0 26
1772812022409 20.0 27
1772812032591 20.0 28
1772812042817 20.0 29
