1772811732013 256.0 1
1772811741140 256.0 2
1772811750947 256.0 3
1772811760425 256.0 4
1772811777023 256.0 5
1772811786325 256.0 6
1772811796157 256.0 7
1772811805946 256.0 8
1772811815700 256.0 9
1772811828986 256.0 10
1772811838187 256.0 11
1772811847202 256.0 12
1772811856788 256.0 13
1772811866222 256.0 14
1772811879072 256.0 15
1772811888418 256.0 16
1772811898280 256.0 17
1772811907774 256.0 18
1772811917886 256.0 19
1772811931326 256.0 20
1772811955107 256.0 21
1772811966217 256.0 22
1772811976369 256.0 23
1772811986351 256.0 24
1772812001823 256.0 25
1772812012149 256.0 26
1772812022410 256.0 27
1772812032593 256.0 28
1772812042818 256.0 29
