1772811732013 0.0 1
1772811741141 0.0 2
1772811750947 0.0 3
1772811760425 0.0 4
1772811777023 0.0 5
1772811786325 0.0 6
1772811796157 0.0 7
1772811805947 0.0 8
1772811815700 0.0 9
1772811828987 0.0 10
1772811838187 0.0 11
1772811847203 0.0 12
1772811856788 0.0 13
1772811866222 0.0 14
1772811879073 0.0 15
1772811888418 0.0 16
1772811898280 0.0 17
1772811907774 0.0 18
1772811917887 0.0 19
1772811931327 0.0 20
1772811955107 0.0 21
1772811966218 0.0 22
1772811976369 0.0 23
1772811986351 0.0 24
1772812001824 0.0 25
1772812012150 0.0 26
1772812022410 0.0 27
1772812032593 0.0 28
1772812042819 0.0 29
