1772811732013 20.0 1
1772811741140 20.0 2
1772811750947 20.0 3
1772811760425 20.0 4
1772811777022 20.0 5
1772811786325 20.0 6
1772811796156 20.0 7
1772811805946 20.0 8
1772811815700 20.0 9
1772811828986 20.0 10
1772811838186 20.0 11
1772811847202 20.0 12
1772811856788 20.0 13
1772811866221 20.0 14
1772811879072 20.0 15
1772811888417 20.0 16
1772811898280 20.0 17
1772811907773 20.0 18
1772811917886 20.0 19
1772811931326 20.0 20
1772811955107 20.0 21
1772811966217 20.0 22
1772811976369 20.0 23
1772811986351 20.0 24
1772812001823 20.0 25
1772812012149 20.0 26
1772812022410 20.0 27
1772812032592 20.0 28
1772812042818 20.0 29
