1772811732012 0.0 1
1772811741139 0.0 2
1772811750946 0.0 3
1772811760424 0.0 4
1772811777022 0.0 5
1772811786324 0.0 6
1772811796155 0.0 7
1772811805945 0.0 8
1772811815699 0.0 9
1772811828985 0.0 10
1772811838186 0.0 11
1772811847201 0.0 12
1772811856787 0.0 13
1772811866220 0.0 14
1772811879071 0.0 15
1772811888416 0.0 16
1772811898279 0.0 17
1772811907772 0.0 18
1772811917885 0.0 19
1772811931325 0.0 20
1772811955106 0.0 21
1772811966216 0.0 22
1772811976368 0.0 23
1772811986350 0.0 24
1772812001822 0.0 25
1772812012148 0.0 26
1772812022409 0.0 27
1772812032592 0.0 28
1772812042817 0.0 29
