1772811732019 1.0 1
1772811741145 1.0 2
1772811750954 1.0 3
1772811760430 1.0 4
1772811777028 1.0 5
1772811786330 1.0 6
1772811796162 1.0 7
1772811805953 1.0 8
1772811815705 1.0 9
1772811828991 1.0 10
1772811838192 1.0 11
1772811847208 1.0 12
1772811856793 1.0 13
1772811866226 1.0 14
1772811879077 1.0 15
1772811888422 1.0 16
1772811898286 1.0 17
1772811907779 1.0 18
1772811917892 1.0 19
1772811931331 1.0 20
1772811955112 1.0 21
1772811966224 1.0 22
1772811976374 1.0 23
1772811986357 1.0 24
1772812001828 1.0 25
1772812012156 1.0 26
1772812022416 1.0 27
1772812032597 1.0 28
1772812042823 1.0 29
