1772812359873 31675.590370253438 1
1772812369924 48119.70563131169 2
1772812379470 50411.55727195745 3
1772812388939 50964.129498426344 4
1772812404626 51636.43868407464 5
1772812414082 30568.40448313797 6
1772812423647 50358.200579547265 7
1772812433043 51352.655805377544 8
1772812442528 51200.900679288876 9
1772812455525 50683.95448425858 10
1772812464978 37127.94897330726 11
1772812474301 51681.63337054748 12
1772812483655 51496.672505441835 13
1772812493062 51418.9807644115 14
1772812506022 51052.70882696292 15
1772812515415 37317.09850553816 16
1772812524814 51324.74241644543 17
1772812534228 51207.97361410198 18
1772812543566 51668.2478346309 19
1772812556314 52177.30388850408 20
1772812579212 47423.51012214942 21
1772812589638 46348.519743220175 22
1772812600194 45558.7102368967 23
1772812610124 48587.40445702526 24
1772812626209 49138.39482165411 25
1772812636144 29785.8334195202 26
1772812646133 48273.34134811231 27
1772812656073 48540.41977327521 28
1772812665945 48789.88705205349 29
1772812679752 47499.662615769725 30
1772812696764 49843.85881942159 21
1772812706753 48347.263797383974 22
1772812716665 48560.138926316555 23
1772812726468 49194.84379837632 24
1772812742270 48584.69783590751 25
1772812752188 30558.704297586963 26
1772812762166 48312.58595062884 27
1772812772156 48302.94639318808 28
1772812782023 48886.96786671856 29
1772812795570 48455.48704205116 30
1772812812412 49954.91855601179 31
1772812822270 48948.74258239774 32
1772812832105 49014.32697989333 33
1772812841995 48740.47578088343 34
1772812857770 48982.79222027538 35
1772812867683 30456.772493906672 36
1772812877553 48861.3733826733 37
1772812887781 47409.50792605831 38
1772812897999 47042.43962431675 39
1772812911801 47406.24732534805 40
1772812929430 48276.78972001027 41
1772812939502 47883.64876196774 42
1772812949644 47588.20138625875 43
1772812959898 47034.30527037286 44
1772812976117 47214.04046590158 45
1772812986350 29725.538651608782 46
1772812996601 47074.331502444504 47
1772813006861 47015.6851281173 48
1772813017100 47103.658698411724 49
1772813030865 47403.03726174354 50
1772813048136 48846.93970252055 51
1772813058235 47783.85391223107 52
1772813068394 47471.10092744674 53
1772813078621 47134.559206058904 54
1772813094555 47846.124449568015 55
1772813104493 30591.69568477347 56
1772813114623 48026.02405401338 57
1772813124692 47478.48793437704 58
1772813134652 48375.26598404378 59
1772813148165 48780.86955173363 60
1772813158098 35594.31857609535 61
1772813168010 48617.3184983825 62
1772813177905 48696.618616663305 63
1772813187871 48399.11690147264 64
1772813201329 48873.999916880755 65
1772813211270 35716.307750828964 66
1772813221357 47773.97501013044 67
1772813231344 48530.74423572614 68
1772813241319 48093.78719267957 69
1772813254893 48252.94679262206 70
1772813271230 50200.120257032395 71
1772813281231 48215.11179314294 72
1772813291122 48758.85188889593 73
1772813300979 48908.30703953767 74
1772813316732 48431.73435211543 75
1772813326646 30709.864522176737 76
1772813336623 48333.852569680595 77
1772813346559 48564.955073435645 78
1772813356457 48725.61856071323 79
1772813369979 48462.94581078247 80
1772813386466 49876.22376010789 81
1772813396408 48515.95581923415 82
1772813406312 48682.66540836481 83
1772813416183 48869.91104508064 84
1772813431894 48760.96316408016 85
1772813441881 30504.399150235135 86
1772813451804 48617.32483016287 87
1772813461848 48056.33335289602 88
1772813471770 48587.011860828585 89
1772813485231 48976.14340702284 90
1772813495208 35518.152174757255 91
1772813505094 48739.01969543028 92
1772813515032 48540.096222215914 93
1772813524996 48379.515545997514 94
1772813537863 50604.76126980067 95
1772813547168 38132.99352317694 96
1772813556585 51231.07764726393 97
1772813565867 51960.01893211438 98
1772813575420 50620.019912718526 99
1772813588434 49723.66228100387 100
