1772812359874 31675.589764220033 1
1772812369924 38205.67270698272 2
1772812379470 41559.94629142597 3
1772812388940 43569.296503188736 4
1772812404626 44974.00721793511 5
1772812414082 41697.69922516504 6
1772812423647 42747.52802975888 7
1772812433044 43661.671283950636 8
1772812442529 44387.494171865204 9
1772812455525 44945.45001909719 10
1772812464978 44100.824681923936 11
1772812474301 44646.254421282014 12
1772812483655 45107.06331028423 13
1772812493062 45505.79495660727 14
1772812506023 45837.26974051732 15
1772812515416 45192.018949452024 16
1772812524814 45511.67398011905 17
1772812534228 45794.45475343055 18
1772812543567 46069.89047010889 19
1772812556315 46340.891630726124 20
1772812579212 47423.50895514873 21
1772812589638 46876.92458339942 22
1772812600194 46426.11869115148 23
1772812610124 46947.23686823909 24
1772812626209 47368.86511166368 25
1772812636145 43124.52989359982 26
1772812646133 43791.28031753337 27
1772812656073 44333.01983083736 28
1772812665945 44787.17238289859 29
1772812679752 45043.984430821845 30
1772812696764 49843.857535363575 21
1772812706753 49081.087915255004 22
1772812716665 48904.165392136354 23
1772812726468 48975.26292833857 24
1772812742270 48895.67324402067 25
1772812752188 44448.7982909556 26
1772812762167 44961.979354989766 27
1772812772156 45353.6137018759 28
1772812782023 45720.34095406283 29
1772812795570 45979.430777608904 30
1772812812412 49954.91704884888 31
1772812822270 49443.6989195729 32
1772812832106 49297.924228995565 33
1772812841995 49156.08375308404 34
1772812857770 49120.184057402534 35
1772812867684 44566.93310242893 36
1772812877553 45133.078181870485 37
1772812887782 45405.074700571495 38
1772812897999 45580.5310931535 39
1772812911801 45756.297669946354 40
1772812929430 48276.78851063667 41
1772812939503 48076.66037568754 42
1772812949645 47911.059993190516 43
1772812959898 47687.6018799573 44
1772812976117 47591.13366897161 45
1772812986350 43256.57085293295 46
1772812996601 43763.07315909585 47
1772813006862 44144.23837018949 48
1772813017100 44454.11882345762 49
1772813030866 44731.84612790716 50
1772813048136 48846.93846455694 51
1772813058235 48306.71327685984 52
1772813068394 48023.06747515426 53
1772813078621 47796.40143203293 54
1772813094555 47805.323489444294 55
1772813104493 43705.119290689065 56
1772813114624 44273.67796589861 57
1772813124692 44649.890559934254 58
1772813134652 45034.82814126383 59
1772813148165 45382.947367847635 60
1772813158098 44275.5414519995 61
1772813168010 44607.19167843579 62
1772813177905 44896.61425604619 63
1772813187871 45129.61745745823 64
1772813201329 45361.04567122033 65
1772813211271 44607.81345713632 66
1772813221357 44782.15642653851 67
1772813231344 44974.94262704271 68
1772813241319 45128.76140864667 69
1772813254893 45275.134095682886 70
1772813271230 50200.11916904502 71
1772813281231 49184.501370875034 72
1772813291122 49040.06145191283 73
1772813300980 49005.79039906591 74
1772813316732 48888.8666445151 75
1772813326646 44497.23443464129 76
1772813336623 45007.07045378609 77
1772813346559 45422.55865582671 78
1772813356457 45766.83610479536 79
1772813369979 46022.45183503913 80
1772813386466 49876.22225243024 81
1772813396408 49183.617935646915 82
1772813406313 49013.524665253804 83
1772813416183 48976.28448092759 84
1772813431894 48932.07678088956 85
1772813441881 44454.318360825426 86
1772813451804 45004.26650896971 87
1772813461848 45363.874994771664 88
1772813471770 45700.27585800561 89
1772813485231 46007.607756844685 90
1772813495208 44804.19588424764 91
1772813505094 45107.34877758079 92
1772813515032 45353.48332307036 93
1772813524996 45556.732617409034 94
1772813537863 45861.49115553121 95
1772813547169 45287.494543308654 96
1772813556585 45598.47077940898 97
1772813565867 45910.53391954488 98
1772813575421 46136.242724850934 99
1772813588435 46303.06392280281 100
