1772812359993 262.84210017313035 1
1772812370024 315.2765115404253 2
1772812379574 343.49920175085754 3
1772812389044 360.3137204273849 4
1772812404453 372.1530062403169 5
1772812413908 346.48512111950856 6
1772812423429 355.38333340762745 7
1772812432807 362.9634320113255 8
1772812442227 368.90946327713954 9
1772812455232 373.57628457915524 10
1772812464551 366.9301245325991 11
1772812474003 371.0298094119645 12
1772812483348 374.86958120470473 13
1772812492719 378.1670079339883 14
1772812505697 380.90528846108884 15
1772812515084 375.4864887638142 16
1772812524472 378.1238489776667 17
1772812533876 380.4649055936381 18
1772812543113 382.9144456871533 19
1772812556007 384.94665365065606 20
1772812572462 413.23689906404553 11
1772812582947 396.77777186078373 12
1772812593522 390.6900286381819 13
1772812603885 389.08192232632047 14
1772812619697 391.7322314122023 15
1772812629940 357.3552102917709 16
1772812639897 363.04785579647785 17
1772812649853 367.48242389848576 18
1772812659752 371.1574335125739 19
1772812673453 374.300277651165 20
1772812683573 364.28594405843387 21
1772812693547 367.07538352448097 22
1772812703511 369.5179188741733 23
1772812713471 371.5905808394702 24
1772812726902 373.6733841676353 25
1772812736849 367.65244893410016 26
1772812746723 369.6669901632724 27
1772812756658 371.3639379667306 28
1772812766631 372.8178749796269 29
1772812780097 374.22156658965827 30
1772812790022 369.638446859877 31
1772812799942 371.0496326693203 32
1772812809874 372.3266748088371 33
1772812819634 373.7458371420305 34
1772812833164 374.800792442763 35
1772812843098 371.0040740327276 36
1772812852910 372.23859590716575 37
1772812862832 373.2610468213621 38
1772812872710 374.27385176011313 39
1772812886362 375.18362375733267 40
1772812896647 371.4141588369152 41
1772812906841 372.0387990972633 42
1772812916981 372.7557721612643 43
1772812927345 373.0646859235222 44
1772812941109 373.64984435354756 45
1772812951318 370.6299887501154 46
1772812961587 371.10431753888315 47
1772812971715 371.7091184467115 48
1772812981844 372.26620073765866 49
1772812995725 372.7574255857849 50
1772813006010 370.0229430187604 51
1772813016246 370.4923078548277 52
1772813026396 371.0052397053813 53
1772813036487 371.5486301832238 54
1772813050324 371.99721747140086 55
1772813060492 369.707604962286 56
1772813070717 370.13559179456036 57
1772813080776 370.6612460503146 58
1772813090752 371.2281148400303 59
1772813104290 371.7989557315631 60
1772813114258 369.92961420147515 61
1772813124464 370.32889968267074 62
1772813134426 370.8668032687269 63
1772813144333 371.42648145288 64
1772813157818 371.9754050259573 65
1772813167618 370.34913767807797 66
1772813177535 370.8965299910544 67
1772813187497 371.3783672362829 68
1772813197472 371.83718840029786 69
1772813210964 372.3418491876522 70
1772813221027 370.6900632602105 71
1772813230952 371.1653903353519 72
1772813240886 371.62736344668696 73
1772813250766 372.1042038470361 74
1772813264161 372.5955458903708 75
1772813274130 371.1374866847649 76
1772813284220 371.4913712960366 77
1772813294103 371.9317838529042 78
1772813304038 372.34419453514937 79
1772813317450 372.79441698170035 80
1772813327329 371.4705414836437 81
1772813337206 371.899364209926 82
1772813347117 372.29718637596926 83
1772813357019 372.69333132864807 84
1772813370529 373.05218300618816 85
1772813380464 371.7901041021311 86
1772813390360 372.1731757681069 87
1772813400323 372.52192014164814 88
1772813410231 372.8882235836596 89
1772813423576 373.3024334682347 90
1772813433504 372.1146340921456 91
1772813443497 372.42580661000625 92
1772813453592 372.7508137308803 93
1772813463574 373.0174433733966 94
1772813477017 373.3520730378545 95
1772813486990 372.22091212425784 96
1772813496938 372.5386660377076 97
1772813506711 372.91383107155696 98
1772813516678 373.21251001854927 99
1772813530162 373.5049667575763 100
