1772812359992 262.8421577566165 1
1772812370024 393.87978913456544 2
1772812379574 418.4445602349689 3
1772812389044 422.3686693524844 4
1772812404453 428.503044091348 5
1772812413908 257.65012815232745 6
1772812423429 420.1571072613825 7
1772812432807 426.7035736799747 8
1772812442227 424.58538682589386 9
1772812455232 421.6092149001853 10
1772812464551 311.5316032077287 11
1772812474003 423.05776582840167 12
1772812483348 428.06240310254145 13
1772812492719 427.03589520326216 14
1772812505697 423.9157904195428 15
1772812515083 309.4717055339041 16
1772812524471 426.03916968260194 17
1772812533876 425.2566874979396 18
1772812543112 433.14487966596306 19
1772812556007 428.15310386050123 20
1772812572462 413.2371267368938 11
1772812582947 381.6150130449432 12
1772812593522 379.09751249643745 13
1772812603885 384.36722903813245 14
1772812619697 402.74085117169386 15
1772812629940 248.38621663370077 16
1772812639897 401.44570800101684 17
1772812649853 401.8764330822558 18
1772812659752 403.4667222479305 19
1772812673453 405.21198342016044 20
1772812683572 287.41057006797723 21
1772812693546 400.8717758506053 22
1772812703511 401.6176640610396 23
1772812713471 400.8523256456358 24
1772812726902 405.5241051193477 25
1772812736848 296.1064061975808 26
1772812746723 405.2223913797388 27
1772812756658 402.8281625499834 28
1772812766630 401.1158390820417 29
1772812780096 403.0869981204118 30
1772812790022 296.9296711052676 31
1772812799942 403.42526543310055 32
1772812809874 402.8571874137182 33
1772812819634 409.69231297794374 34
1772812833164 402.0677001725206 35
1772812843098 296.050484832866 36
1772812852910 407.52493434221674 37
1772812862832 403.19191077453695 38
1772812872710 405.08402393452764 39
1772812886362 403.6698942006771 40
1772812896647 285.4106419193963 41
1772812906841 392.5320980700816 42
1772812916981 397.2843923317834 43
1772812927345 383.5877383117269 44
1772812941109 394.73164338557075 45
1772812951318 288.9237469896293 46
1772812961586 389.0582285084249 47
1772812971715 395.59289243672976 48
1772812981844 394.78244825662296 49
1772812995724 393.0136083296365 50
1772813006009 286.09495548832183 51
1772813016246 390.8498436241179 52
1772813026396 393.94535375645717 53
1772813036486 396.5570127038256 54
1772813050324 392.8974037063199 55
1772813060492 289.53648877220206 56
1772813070717 390.98863244753977 57
1772813080775 397.20264409570626 58
1772813090752 400.67151881399894 59
1772813104289 402.12672426874235 60
1772813114258 295.6337309350533 61
1772813124464 391.93266223797986 62
1772813134426 401.2025829966488 63
1772813144333 403.74918631857435 64
1772813157817 404.2679357535563 65
1772813167618 298.5760608930126 66
1772813177534 404.3975282336783 67
1772813187496 401.1080509636913 68
1772813197472 400.57139671036464 69
1772813210963 404.7870675186503 70
1772813221027 292.781204024627 71
1772813230952 402.6951024110118 72
1772813240885 402.7362606332786 73
1772813250766 404.8634662347969 74
1772813264161 407.0241480045896 75
1772813274130 295.89433845674034 76
1772813284220 396.4740930885424 77
1772813294103 404.05680948209397 78
1772813304038 402.7404000530173 79
1772813317449 406.7617583290042 80
1772813327329 297.5302829347371 81
1772813337206 405.135627479326 82
1772813347116 403.3959772548094 83
1772813357019 404.11451892905166 84
1772813370529 401.7041444709999 85
1772813380463 296.56346518176434 86
1772813390360 403.82532455119474 87
1772813400322 401.5264043122068 88
1772813410230 403.8998516650731 89
1772813423576 409.24757824840384 90
1772813433504 296.62915723265183 91
1772813443497 399.51724996282303 92
1772813453592 401.5115840305803 93
1772813463574 396.61253401265725 94
1772813477017 403.80893280567966 95
1772813486990 296.01092347925646 96
1772813496938 402.08804151039436 97
1772813506710 408.75667676969096 98
1772813516678 401.54320417639025 99
1772813530161 401.53863747384105 100
