1772812359785 0.0 1
1772812369827 0.0 2
1772812379385 0.0 3
1772812388852 0.0 4
1772812404540 0.0 5
1772812414000 0.0 6
1772812423562 0.0 7
1772812432960 0.0 8
1772812442439 0.0 9
1772812455412 0.0 10
1772812464894 0.0 11
1772812474214 0.0 12
1772812483573 0.0 13
1772812492974 0.0 14
1772812505933 0.0 15
1772812515332 0.0 16
1772812524725 0.0 17
1772812534147 0.0 18
1772812543479 0.0 19
1772812556231 0.0 20
1772812579132 0.0 21
1772812589547 0.0 22
1772812600115 0.0 23
1772812610041 0.0 24
1772812626128 0.0 25
1772812636061 0.0 26
1772812646053 0.0 27
1772812655990 0.0 28
1772812665865 0.0 29
1772812679667 0.0 30
1772812696684 0.0 21
1772812706669 0.0 22
1772812716583 0.0 23
1772812726391 0.0 24
1772812742191 0.0 25
1772812752105 0.0 26
1772812762087 0.0 27
1772812772073 0.0 28
1772812781944 0.0 29
1772812795489 0.0 30
1772812812332 0.0 31
1772812822187 0.0 32
1772812832024 0.0 33
1772812841916 0.0 34
1772812857691 0.0 35
1772812867600 0.0 36
1772812877474 0.0 37
1772812887694 0.0 38
1772812897915 0.0 39
1772812911723 0.0 40
1772812929350 0.0 41
1772812939424 0.0 42
1772812949563 0.0 43
1772812959812 0.0 44
1772812976036 0.0 45
1772812986270 0.0 46
1772812996517 0.0 47
1772813006781 0.0 48
1772813017013 0.0 49
1772813030784 0.0 50
1772813048059 0.0 51
1772813058152 0.0 52
1772813068313 0.0 53
1772813078539 0.0 54
1772813094476 0.0 55
1772813104402 0.0 56
1772813114545 0.0 57
1772813124605 0.0 58
1772813134571 0.0 59
1772813148053 0.0 60
1772813158012 0.0 61
1772813167927 0.0 62
1772813177821 0.0 63
1772813187790 0.0 64
1772813201250 0.0 65
1772813211178 0.0 66
1772813221274 0.0 67
1772813231260 0.0 68
1772813241236 0.0 69
1772813254813 0.0 70
1772813271146 0.0 71
1772813281152 0.0 72
1772813291038 0.0 73
1772813300900 0.0 74
1772813316653 0.0 75
1772813326563 0.0 76
1772813336545 0.0 77
1772813346477 0.0 78
1772813356377 0.0 79
1772813369894 0.0 80
1772813386387 0.0 81
1772813396325 0.0 82
1772813406233 0.0 83
1772813416100 0.0 84
1772813431815 0.0 85
1772813441799 0.0 86
1772813451724 0.0 87
1772813461763 0.0 88
1772813471690 0.0 89
1772813485148 0.0 90
1772813495126 0.0 91
1772813505014 0.0 92
1772813514949 0.0 93
1772813524915 0.0 94
1772813537783 0.0 95
1772813547092 0.0 96
1772813556507 0.0 97
1772813565791 0.0 98
1772813575334 0.0 99
1772813588359 0.0 100
