1772811731852 263.4325217023773 1
1772811740977 329.1261593459639 2
1772811750768 352.1311707747902 3
1772811760258 367.0616887726038 4
1772811776850 373.6390722224079 5
1772811786158 345.43373369360205 6
1772811795996 353.04111176774614 7
1772811805730 359.51713663320976 8
1772811815490 364.38343878690074 9
1772811828805 368.61673456202965 10
1772811837894 362.96829224595956 11
1772811847035 368.21002047946 12
1772811856608 371.6102286640777 13
1772811866059 374.8750741358973 14
1772811878911 378.183702170044 15
1772811888245 373.0197843127299 16
1772811898073 374.9030445759385 17
1772811907547 377.2161684833424 18
1772811917526 378.4256949468812 19
1772811931076 379.7814859216359 20
1772811948596 412.5295095851531 11
1772811958735 403.5349383163699 12
1772811969739 388.9541998811185 13
1772811979632 392.6908693913124 14
1772811995411 394.4110579278864 15
1772812005120 362.29469056476336 16
1772812015642 364.9579526163999 17
1772812025846 368.07829309306925 18
1772812036105 370.3437061950018 19
