1772811731852 263.4325592805946 1
1772811740976 438.5116778282905 2
1772811750768 409.39070461048476 3
1772811760258 420.59260841411293 4
1772811776850 402.5222581260211 5
1772811786158 250.7942765714216 6
1772811795995 406.8277770339944 7
1772811805730 412.5167570283275 8
1772811815489 408.67356514454735 9
1772811828804 411.69819316389777 10
1772811837893 314.7616402641273 11
1772811847035 437.7918946261565 12
1772811856608 417.9562921828152 13
1772811866059 423.25651900612104 14
1772811878910 431.53958477605914 15
1772811888245 309.6264937868605 16
1772811898073 407.8848838734534 17
1772811907547 421.46769220782153 18
