1772812359876 1.0 1
1772812369925 1.0 2
1772812379471 1.0 3
1772812388941 1.0 4
1772812404628 1.0 5
1772812414084 1.0 6
1772812423649 1.0 7
1772812433045 1.0 8
1772812442531 1.0 9
1772812455526 1.0 10
1772812464979 1.0 11
1772812474303 1.0 12
1772812483657 1.0 13
1772812493064 1.0 14
1772812506024 1.0 15
1772812515417 1.0 16
1772812524815 1.0 17
1772812534230 1.0 18
1772812543568 1.0 19
1772812556316 1.0 20
1772812579215 1.0 21
1772812589641 1.0 22
1772812600196 1.0 23
1772812610126 1.0 24
1772812626212 1.0 25
1772812636147 1.0 26
1772812646135 1.0 27
1772812656076 1.0 28
1772812665948 1.0 29
1772812679755 1.0 30
1772812696766 1.0 21
1772812706755 1.0 22
1772812716668 1.0 23
1772812726470 1.0 24
1772812742273 1.0 25
1772812752190 1.0 26
1772812762169 1.0 27
1772812772158 1.0 28
1772812782025 1.0 29
1772812795573 1.0 30
1772812812414 1.0 31
1772812822273 1.0 32
1772812832108 1.0 33
1772812841997 1.0 34
1772812857773 1.0 35
1772812867686 1.0 36
1772812877556 1.0 37
1772812887784 1.0 38
1772812898001 1.0 39
1772812911803 1.0 40
1772812929433 1.0 41
1772812939505 1.0 42
1772812949647 1.0 43
1772812959901 1.0 44
1772812976120 1.0 45
1772812986352 1.0 46
1772812996604 1.0 47
1772813006864 1.0 48
1772813017102 1.0 49
1772813030868 1.0 50
1772813048138 1.0 51
1772813058237 1.0 52
1772813068396 1.0 53
1772813078623 1.0 54
1772813094557 1.0 55
1772813104496 1.0 56
1772813114626 1.0 57
1772813124695 1.0 58
1772813134655 1.0 59
1772813148168 1.0 60
1772813158101 1.0 61
1772813168012 1.0 62
1772813177908 1.0 63
1772813187874 1.0 64
1772813201331 1.0 65
1772813211273 1.0 66
1772813221359 1.0 67
1772813231348 1.0 68
1772813241322 1.0 69
1772813254895 1.0 70
1772813271232 1.0 71
1772813281233 1.0 72
1772813291125 1.0 73
1772813300982 1.0 74
1772813316734 1.0 75
1772813326649 1.0 76
1772813336626 1.0 77
1772813346562 1.0 78
1772813356459 1.0 79
1772813369981 1.0 80
1772813386468 1.0 81
1772813396410 1.0 82
1772813406315 1.0 83
1772813416186 1.0 84
1772813431897 1.0 85
1772813441884 1.0 86
1772813451807 1.0 87
1772813461850 1.0 88
1772813471772 1.0 89
1772813485237 1.0 90
1772813495211 1.0 91
1772813505096 1.0 92
1772813515034 1.0 93
1772813524999 1.0 94
1772813537865 1.0 95
1772813547171 1.0 96
1772813556587 1.0 97
1772813565869 1.0 98
1772813575423 1.0 99
1772813588437 1.0 100
