1772811731875 1.0 1
1772811741005 1.0 2
1772811750792 1.0 3
1772811760285 1.0 4
1772811776872 1.0 5
1772811786184 1.0 6
1772811796020 1.0 7
1772811805773 1.0 8
1772811815512 1.0 9
1772811828828 1.0 10
1772811837921 1.0 11
1772811847058 1.0 12
1772811856635 1.0 13
1772811866082 1.0 14
1772811878933 1.0 15
1772811888272 1.0 16
1772811898097 1.0 17
1772811907576 1.0 18
1772811917552 1.0 19
1772811931109 1.0 20
1772811948620 1.0 11
1772811958759 1.0 12
1772811969761 1.0 13
1772811979653 1.0 14
1772811995433 1.0 15
1772812005143 1.0 16
1772812015664 1.0 17
1772812025869 1.0 18
1772812036129 1.0 19
