1772811731875 2.0 1
1772811741005 2.0 2
1772811750791 2.0 3
1772811760284 2.0 4
1772811776872 2.0 5
1772811786183 2.0 6
1772811796020 2.0 7
1772811805772 2.0 8
1772811815512 2.0 9
1772811828827 2.0 10
1772811837921 2.0 11
1772811847057 2.0 12
1772811856634 2.0 13
1772811866082 2.0 14
1772811878933 2.0 15
1772811888271 2.0 16
1772811898096 2.0 17
1772811907576 2.0 18
1772811917551 2.0 19
1772811931107 2.0 20
1772811948619 2.0 11
1772811958759 2.0 12
1772811969761 2.0 13
1772811979653 2.0 14
1772811995433 2.0 15
1772812005142 2.0 16
1772812015664 2.0 17
1772812025868 2.0 18
1772812036128 2.0 19
