1772811732023 8.645496563985944e-06 1
1772811741149 nan 2
1772811750958 nan 3
1772811760433 nan 4
1772811777031 nan 5
1772811786333 nan 6
1772811796165 nan 7
1772811805957 nan 8
1772811815708 nan 9
1772811828994 nan 10
1772811838195 nan 11
1772811847211 nan 12
1772811856796 nan 13
1772811866229 nan 14
1772811879080 nan 15
1772811888426 nan 16
1772811898290 nan 17
1772811907783 nan 18
1772811917896 nan 19
1772811931335 nan 20
1772811955114 7.437498425133526e-06 21
1772811966226 nan 22
1772811976376 nan 23
1772811986359 nan 24
1772812001830 nan 25
1772812012158 nan 26
1772812022418 nan 27
1772812032600 nan 28
1772812042825 nan 29
