1772811732021 5.864549893885851e-05 1
1772811741148 nan 2
1772811750956 nan 3
1772811760432 nan 4
1772811777030 nan 5
1772811786332 nan 6
1772811796164 nan 7
1772811805955 nan 8
1772811815707 nan 9
1772811828993 nan 10
1772811838194 nan 11
1772811847210 nan 12
1772811856795 nan 13
1772811866228 nan 14
1772811879079 nan 15
1772811888424 nan 16
1772811898288 nan 17
1772811907782 nan 18
1772811917894 nan 19
1772811931333 nan 20
1772811955115 5.2458010031841695e-05 21
1772811966227 nan 22
1772811976377 nan 23
1772811986360 nan 24
1772812001831 nan 25
1772812012159 nan 26
1772812022419 nan 27
1772812032601 nan 28
1772812042826 nan 29
