1772811731984 263.30357712456174 1
1772811741116 433.7029965876684 2
1772811750916 408.2119070870979 3
1772811760400 420.3939535540299 4
1772811776998 401.6536230285895 5
1772811786301 251.06261730272686 6
1772811796131 407.7533639555745 7
1772811805906 411.56716374529543 8
1772811815674 407.57848201407745 9
1772811828959 412.01664573014295 10
1772811838162 312.6139850421962 11
1772811847176 444.0631155571352 12
1772811856763 417.51668457981674 13
1772811866197 423.3050283213538 14
1772811879048 431.5034327852789 15
1772811888394 309.7576345914429 16
1772811898252 407.42619116529056 17
1772811907741 420.4583671418201 18
1772811917860 394.8282711370367 19
1772811931300 413.1233325866617 20
1772811955081 422.2653127062696 21
1772811966182 361.3597425281214 22
1772811976342 392.6320806723348 23
1772811986319 400.80814609760967 24
1772812001797 421.85255096179304 25
1772812012114 245.7270900265438 26
1772812022382 388.4535374796941 27
1772812032561 392.93934335365935 28
1772812042792 390.7661264077069 29
