1772811731984 263.3035272941357 1
1772811741116 327.6618480579323 2
1772811750917 350.72315424526096 3
1772811760400 365.87552496751 4
1772811776998 372.50604149507916 5
1772811786301 344.71104708859724 6
1772811796131 352.4928653437737 7
1772811805907 358.92956207032944 8
1772811815675 363.721409692837 9
1772811828960 368.03230783497884 10
1772811838163 362.1928532512207 11
1772811847177 367.84201025431605 12
1772811856763 371.23757643612356 13
1772811866198 374.5255793363088 14
1772811879048 377.84999657497775 15
1772811888394 372.72735971468256 16
1772811898252 374.60241952662784 17
1772811907741 376.8839488848531 18
1772811917860 377.78597584390775 19
1772811931301 379.4069843388779 20
1772811955081 422.26521245139315 21
1772811966182 389.42794483720246 22
1772811976342 390.4774693500403 23
1772811986319 393.0018383703068 24
1772812001798 398.4428329496788 25
1772812012115 361.04112617214156 26
1772812022383 364.7124075331878 27
1772812032561 368.0132829208197 28
1772812042793 370.4066696866287 29
