1772811731915 1.4556043340126052 1
1772811741058 1.366560374997789 2
1772811750847 1.5958417500078212 3
1772811760342 1.5021294580074027 4
1772811776936 1.6788480000104755 5
1772811786242 1.4202534579962958 6
1772811796074 1.488638249982614 7
1772811805845 1.4051790420198813 8
1772811815617 1.611334249988431 9
1772811828888 1.593460791016696 10
1772811838101 1.3622574170003645 11
1772811847116 1.3349879999877885 12
1772811856696 1.345700208999915 13
1772811866140 1.4153151250211522 14
1772811878988 1.3775415410054848 15
1772811888333 1.374424583016662 16
1772811898184 1.487600874999771 17
1772811907674 1.4266115829814225 18
