1772811731916 7.826703375001671 1
1772811741058 7.578801374998875 2
1772811750848 8.021347333007725 3
1772811760342 7.8210210829856806 4
1772811776936 8.131928042013897 5
1772811786242 7.72643366700504 6
1772811796074 8.16734583399375 7
1772811805846 8.13640854100231 8
1772811815618 7.9576444160193205 9
1772811828888 7.939575750002405 10
1772811838101 7.680396291980287 11
1772811847116 7.515452457999345 12
1772811856696 8.068660917022498 13
1772811866140 7.864843624993227 14
1772811878988 7.740271457994822 15
1772811888333 7.807134958013194 16
1772811898184 8.166081625007791 17
1772811907675 7.877719959011301 18
