1772811731915 1.0083982488140464e-05 1
1772811741057 1.679197885096073e-05 2
1772811750847 1.09999964479357e-05 3
1772811760342 1.0624993592500687e-05 4
1772811776936 1.0542018571868539e-05 5
1772811786241 3.29999893438071e-05 6
1772811796073 1.0415998985990882e-05 7
1772811805845 1.6542006051167846e-05 8
1772811815617 1.4749995898455381e-05 9
1772811828887 1.983300899155438e-05 10
1772811838100 7.791008101776242e-06 11
1772811847115 7.124996045604348e-06 12
1772811856695 8.125003660097718e-06 13
1772811866140 9.000010322779417e-06 14
1772811878987 7.541995728388429e-06 15
1772811888332 7.041002390906215e-06 16
1772811898183 7.875001756474376e-06 17
1772811907673 1.5083001926541328e-05 18
