1772811731916 0.001933916995767504 1
1772811741058 0.0013673750218003988 2
1772811750848 0.0016199999954551458 3
1772811760343 0.0016865840007085353 4
1772811776937 0.0018705409893300384 5
1772811786243 0.0017335829907096922 6
1772811796074 0.0015284999972209334 7
1772811805846 0.0023218750138767064 8
1772811815618 0.0020682500035036355 9
1772811828889 0.0014779579942114651 10
1772811838102 0.0017191669903695583 11
1772811847117 0.0012938749860040843 12
1772811856697 0.002530792000470683 13
1772811866141 0.0013706669851671904 14
1772811878988 0.001579625008162111 15
1772811888334 0.0013897499884478748 16
1772811898184 0.0036436670052353293 17
1772811907675 0.00151366600766778 18
