1772811741058 0.004979207995347679 2
1772811750848 0.004252374987117946 3
1772811760343 0.00464945801650174 4
1772811776937 0.003876959002809599 5
1772811786243 0.003759291983442381 6
1772811796074 0.004845582996495068 7
1772811805846 0.0036949999921489507 8
1772811815618 0.007954750006319955 9
1772811828889 0.009880875004455447 10
1772811838102 0.003611249994719401 11
1772811847117 0.0044748749933205545 12
1772811856697 0.0036383330007083714 13
1772811866141 0.004650332994060591 14
1772811878988 0.0036899169790558517 15
1772811888334 0.005142832989804447 16
1772811898185 0.003814041003352031 17
1772811907675 0.006091666000429541 18
1772811917798 0.008583541988627985 19
1772811931242 0.005354124994482845 20
1772811955031 0.005325833015376702 21
1772811966114 0.003946582990465686 22
1772811976292 0.010563125018961728 23
1772811986267 0.004058249993249774 24
1772812001749 0.004200750001473352 25
1772812012063 0.004442750010639429 26
1772812022333 0.013263958011521026 27
1772812032509 0.00365354199311696 28
1772812042743 0.0039526250038761646 29
