1772811731915 9.285213458002545 1
1772811741057 8.947117875010008 2
1772811750847 9.619268584006932 3
1772811760342 9.325297250004951 4
1772811776936 9.813442834012676 5
1772811786242 9.14892466602032 6
1772811796073 9.657978250004817 7
1772811805845 9.54478520801058 8
1772811815617 9.571868666011142 9
1772811828888 9.534990666987142 10
1772811838101 9.044872915983433 11
1772811847116 8.852191290992778 12
1772811856696 9.417656207981054 13
1772811866140 9.28208841700689 14
1772811878987 9.119915416988079 15
1772811888333 9.183438542007934 16
1772811898184 9.658460165985161 17
1772811907674 9.306408915988868 18
