1772811731914 9.285336416010978 1
1772811741057 8.947246041003382 2
1772811750846 9.61938449999434 3
1772811760341 9.325416957988637 4
1772811776935 9.813596207997762 5
1772811786241 9.149074290995486 6
1772811796073 9.658090957993409 7
1772811805845 9.544932958000572 8
1772811815616 9.572023499989882 9
1772811828887 9.535148541996023 10
1772811838100 9.044970916991588 11
1772811847115 8.852283874992281 12
1772811856695 9.417772708024131 13
1772811866139 9.282186083000852 14
1772811878987 9.12001462499029 15
1772811888332 9.183541083999444 16
1772811898183 9.658602292009164 17
1772811907673 9.306535082985647 18
1772811917796 9.945155749999685 19
1772811931240 9.505072166997707 20
1772811955031 9.452464541012887 21
1772811966115 10.900808208010858 22
1772811976292 9.972941375017399 23
1772811986267 9.808630082989112 24
1772812001750 9.307176083995728 25
1772812012064 10.116592791979201 26
1772812022334 10.08499991701683 27
1772812032510 10.005905291007366 28
1772812042743 10.060766000009608 29
