1772812359981 36.307142857142864 1
1772812370015 48.32000000000001 2
1772812379565 45.192307692307686 3
1772812389035 45.28571428571429 4
1772812404444 47.3 5
1772812413900 30.60454545454545 6
1772812423421 27.461538461538467 7
1772812432798 33.550000000000004 8
1772812442219 28.930769230769233 9
1772812455224 45.292857142857144 10
1772812464543 33.56666666666667 11
1772812473994 34.407692307692315 12
1772812483340 30.284615384615385 13
1772812492711 26.599999999999998 14
1772812505688 33.9923076923077 15
1772812515075 39.866666666666674 16
1772812524463 30.435714285714287 17
1772812533868 32.96153846153846 18
1772812543104 29.51538461538462 19
1772812555994 34.38461538461539 20
1772812572453 35.7 11
1772812582938 36.20666666666666 12
1772812593513 38.86666666666667 13
1772812603877 45.12 14
1772812619688 35.371428571428574 15
1772812629932 35.37826086956522 16
1772812639889 33.72857142857143 17
1772812649844 31.36428571428571 18
1772812659744 33.47857142857143 19
1772812673444 31.12857142857143 20
1772812683564 33.769999999999996 21
1772812693538 35.42857142857143 22
1772812703502 33.17142857142857 23
1772812713463 34.20714285714286 24
1772812726892 45.607142857142854 25
1772812736841 33.410526315789475 26
1772812746715 34.67857142857143 27
1772812756650 32.88 28
1772812766622 33.79285714285714 29
1772812780088 33.79285714285714 30
1772812790014 32.98947368421052 31
1772812799934 35.55 32
1772812809866 36.54285714285714 33
1772812819626 32.67142857142857 34
1772812833156 33.521428571428565 35
1772812843090 43.52631578947368 36
1772812852902 32.714285714285715 37
1772812862824 34.00714285714286 38
1772812872701 32.47857142857142 39
1772812886354 33.214285714285715 40
1772812896639 38.805 41
1772812906833 41.16428571428571 42
1772812916971 42.193333333333335 43
1772812927336 45.19285714285714 44
1772812941101 33.666666666666664 45
1772812951309 40.62105263157895 46
1772812961579 57.21333333333333 47
1772812971707 44.621428571428574 48
1772812981836 42.24285714285715 49
1772812995716 45.760000000000005 50
1772813006001 42.6578947368421 51
1772813016236 44.153333333333336 52
1772813026388 38.449999999999996 53
1772813036478 38.49333333333334 54
1772813050315 37.435714285714276 55
1772813060483 34.9 56
1772813070709 34.86666666666667 57
1772813080767 41.714285714285715 58
1772813090744 33.69285714285714 59
1772813104280 35.385714285714286 60
1772813114250 36.37894736842105 61
1772813124456 37.88666666666667 62
1772813134418 28.700000000000006 63
1772813144324 29.1 64
1772813157808 33.67857142857143 65
1772813167609 31.457894736842103 66
1772813177526 30.792857142857144 67
1772813187488 33.59285714285714 68
1772813197463 39.35000000000001 69
1772813210955 39.45 70
1772813221019 33.78421052631579 71
1772813230944 31.98571428571429 72
1772813240877 34.20714285714286 73
1772813250757 33.199999999999996 74
1772813264153 31.671428571428574 75
1772813274121 33.13157894736842 76
1772813284211 31.571428571428573 77
1772813294094 33.785714285714285 78
1772813304029 30.007142857142863 79
1772813317438 30.207142857142856 80
1772813327320 40.626315789473686 81
1772813337198 31.035714285714285 82
1772813347108 33.54285714285714 83
1772813357010 32.607142857142854 84
1772813370521 33.30714285714286 85
1772813380455 37.11052631578948 86
1772813390351 33.72857142857142 87
1772813400314 34.628571428571426 88
1772813410222 34.74285714285715 89
1772813423566 33.73571428571429 90
1772813433496 34.68947368421053 91
1772813443489 48.921428571428585 92
1772813453584 33.95714285714286 93
1772813463566 34.80714285714286 94
1772813477008 32.392857142857146 95
1772813486982 33.015789473684215 96
1772813496930 33.32857142857143 97
1772813506702 32.364285714285714 98
1772813516670 32.699999999999996 99
1772813530152 32.82857142857143 100
