1772812359982 76.52142857142857 1
1772812370015 77.52000000000001 2
1772812379565 77.47692307692307 3
1772812389035 77.45714285714287 4
1772812404445 77.26923076923077 5
1772812413900 77.66363636363636 6
1772812423421 76.4846153846154 7
1772812432799 76.44285714285715 8
1772812442219 76.8076923076923 9
1772812455224 77.11428571428573 10
1772812464543 77.0388888888889 11
1772812473995 77.03846153846155 12
1772812483340 76.34615384615384 13
1772812492711 76.77142857142859 14
1772812505689 77.1 15
1772812515075 76.57222222222221 16
1772812524463 76.86428571428571 17
1772812533868 76.93076923076923 18
1772812543104 76.25384615384615 19
1772812555994 76.34615384615384 20
1772812572453 75.71428571428571 11
1772812582938 77.29333333333334 12
1772812593513 78.05333333333333 13
1772812603877 78.03999999999998 14
1772812619688 76.72142857142856 15
1772812629932 77.56086956521737 16
1772812639889 75.98571428571428 17
1772812649845 76.04285714285716 18
1772812659744 76.03571428571429 19
1772812673444 75.66428571428571 20
1772812683565 77.91999999999999 21
1772812693538 77.25714285714287 22
1772812703502 77.68571428571428 23
1772812713463 78.05714285714286 24
1772812726893 77.72142857142856 25
1772812736841 77.73684210526315 26
1772812746715 77.74285714285715 27
1772812756650 77.10666666666667 28
1772812766622 77.26428571428572 29
1772812780088 77.41428571428571 30
1772812790014 77.0578947368421 31
1772812799934 76.5 32
1772812809866 77.33571428571429 33
1772812819626 76.8 34
1772812833156 77.10714285714286 35
1772812843090 76.5 36
1772812852902 76.34285714285714 37
1772812862824 76.58571428571429 38
1772812872701 76.12142857142858 39
1772812886354 76.41428571428571 40
1772812896639 77.99499999999999 41
1772812906833 77.59285714285716 42
1772812916971 78.02 43
1772812927337 78.60714285714288 44
1772812941101 77.84 45
1772812951309 78.11052631578949 46
1772812961579 78.96 47
1772812971708 78.40714285714284 48
1772812981836 79.09285714285716 49
1772812995716 79.19333333333334 50
1772813006002 79.0578947368421 51
1772813016236 79.32666666666667 52
1772813026388 79.0 53
1772813036479 78.36666666666666 54
1772813050316 78.7357142857143 55
1772813060484 78.15789473684211 56
1772813070709 78.50666666666667 57
1772813080768 78.78571428571429 58
1772813090744 78.00714285714287 59
1772813104281 78.42857142857143 60
1772813114251 77.56842105263158 61
1772813124456 77.66666666666667 62
1772813134418 78.32857142857144 63
1772813144325 78.02142857142859 64
1772813157809 78.15714285714287 65
1772813167610 78.72105263157894 66
1772813177526 78.02857142857144 67
1772813187489 78.55714285714286 68
1772813197464 77.9 69
1772813210956 77.8142857142857 70
1772813221019 78.40526315789472 71
1772813230944 77.81428571428572 72
1772813240877 77.79285714285713 73
1772813250757 78.72142857142856 74
1772813264153 77.2642857142857 75
1772813274122 77.45263157894736 76
1772813284212 77.30714285714285 77
1772813294094 76.89999999999999 78
1772813304030 76.98571428571428 79
1772813317438 76.92142857142856 80
1772813327321 76.66315789473686 81
1772813337198 76.52857142857144 82
1772813347109 76.79285714285713 83
1772813357011 76.33571428571427 84
1772813370521 76.12857142857145 85
1772813380455 75.41578947368421 86
1772813390351 76.12142857142858 87
1772813400314 76.81428571428572 88
1772813410222 76.33571428571429 89
1772813423566 75.67857142857144 90
1772813433496 76.58421052631579 91
1772813443489 76.19285714285715 92
1772813453584 76.41428571428573 93
1772813463566 77.7 94
1772813477009 76.87857142857142 95
1772813486982 77.36315789473683 96
1772813496930 77.80714285714285 97
1772813506703 76.88571428571429 98
1772813516670 77.34285714285714 99
1772813530153 77.71428571428571 100
