1772812359985 0.00010476236790736714 1
1772812370018 0.00010565897786768105 2
1772812379567 0.00010270763819933087 3
1772812389038 9.785604993179517e-05 4
1772812404447 9.767396430537948e-05 5
1772812413903 0.00010360518066441581 6
1772812423424 0.00010243934859758923 7
1772812432801 0.00010393157215402443 8
1772812442222 0.0001053811431483894 9
1772812455227 0.00010331412509051532 10
1772812464546 0.000102262982112722 11
1772812473997 0.00010676758731205523 12
1772812483342 0.0001034336833481839 13
1772812492713 0.00010045154614471286 14
1772812505691 0.00010117777529414096 15
1772812515078 0.0001023128766358622 16
1772812524466 0.00010012992400662427 17
1772812533870 0.00010158508209930466 18
1772812543107 0.00010265445168952759 19
1772812556000 0.00010281353736464298 20
1772812572455 9.596207956756689e-05 11
1772812582940 0.0001017492380419243 12
1772812593516 0.00010589106251984552 13
1772812603879 0.00010573880482071144 14
1772812619691 9.983257451698363e-05 15
1772812629934 9.648878438732534e-05 16
1772812639891 9.843562121800991e-05 17
1772812649847 0.0001014066457294271 18
1772812659746 0.00010015695353569262 19
1772812673446 9.901173573560538e-05 20
1772812683567 0.00010267669991899042 21
1772812693541 9.927617860324626e-05 22
1772812703505 9.838715279790344e-05 23
1772812713466 0.00010165384119306122 24
1772812726895 9.963336488835284e-05 25
1772812736843 9.896431871393114e-05 26
1772812746717 9.789788902196098e-05 27
1772812756652 9.963022118542438e-05 28
1772812766625 9.974518166922848e-05 29
1772812780091 0.00010014516718083225 30
1772812790016 9.97527354592752e-05 31
1772812799936 0.0001005879174155736 32
1772812809868 9.785343905032625e-05 33
1772812819628 9.78088723455645e-05 34
1772812833158 9.947124597364976e-05 35
1772812843092 9.991853135376463e-05 36
1772812852904 9.849600103315139e-05 37
1772812862826 9.797695039528985e-05 38
1772812872704 9.905980641437691e-05 39
1772812886356 9.946763914770978e-05 40
1772812896641 0.00010081966953151425 41
1772812906835 9.967650708800661e-05 42
1772812916974 9.976239577415113e-05 43
1772812927339 0.000101023628642392 44
1772812941104 0.00010149311326087388 45
1772812951312 0.00010033223499970778 46
1772812961581 0.0001012501682270388 47
1772812971710 9.937024473342454e-05 48
1772812981839 9.828685137682746e-05 49
1772812995718 0.00010078597464832695 50
1772813006004 0.00010530701422655989 51
1772813016239 0.0001050677171172187 52
1772813026390 0.00010613467084374875 53
1772813036481 9.822818705058659e-05 54
1772813050318 9.88157030070077e-05 55
1772813060486 0.00010109466657439281 56
1772813070711 0.00010277840485163094 57
1772813080770 0.00010006712230433814 58
1772813090747 9.937736930490208e-05 59
1772813104284 9.821054530238103e-05 60
1772813114253 0.00010580978765978579 61
1772813124458 0.00010304690499270411 62
1772813134420 0.00010439584254084244 63
1772813144327 0.00010456774693385447 64
1772813157811 9.79245466042993e-05 65
1772813167612 0.00010688462271965209 66
1772813177529 0.00010351757322293684 67
1772813187491 0.000103280981958282 68
1772813197466 0.00010137181090680742 69
1772813210958 0.00010026503200141853 70
1772813221022 0.00010568023229992453 71
1772813230946 0.00010342023124358557 72
1772813240879 0.00010026407163383751 73
1772813250759 0.00010480307684836864 74
1772813264155 9.590229593344167e-05 75
1772813274124 9.758546946823796e-05 76
1772813284214 0.00010090702835683104 77
1772813294097 9.936490136704308e-05 78
1772813304032 9.966455408489339e-05 79
1772813317442 9.950010045183872e-05 80
1772813327323 9.846582299117066e-05 81
1772813337200 9.695498052439308e-05 82
1772813347111 9.837184709268018e-05 83
1772813357013 9.863927550605857e-05 84
1772813370523 9.718594992015242e-05 85
1772813380458 9.592251029798558e-05 86
1772813390353 9.740008674025846e-05 87
1772813400317 0.00010051442527081334 88
1772813410224 9.847794903550231e-05 89
1772813423569 9.877001922305222e-05 90
1772813433498 9.999413948202946e-05 91
1772813443492 9.834170446210993e-05 92
1772813453586 9.911766640096752e-05 93
1772813463568 0.0001008104714831721 94
1772813477011 9.945452381962747e-05 95
1772813486984 9.934153161124333e-05 96
1772813496933 9.944420267785668e-05 97
1772813506705 9.950881226659429e-05 98
1772813516672 9.890546626606795e-05 99
1772813530156 9.971263841274211e-05 100
