1772811731888 247888.95263722268 1
1772811741017 413087.1520217429 2
1772811750806 385654.7964492158 3
1772811760297 396207.59161432274 4
1772811776883 379184.2982407357 5
1772811786195 236252.33448504462 6
1772811796032 383240.38011234667 7
1772811805784 388609.113669739 8
1772811815525 384980.51018625026 9
1772811828839 387828.7807769494 10
1772811837933 296510.54287195776 11
1772811847070 412410.9820455262 12
1772811856646 393305.675835128 13
1772811866094 398716.6044746666 14
1772811878945 406519.7620877677 15
1772811888283 291672.93886378926 16
1772811898111 384235.88328033633 17
1772811907588 397033.2128562335 18
