1772811731888 247888.94584567664 1
1772811741017 309871.51784567075 2
1772811750806 331589.58781129715 3
1772811760297 345679.8504119992 4
1772811776884 351892.85830192716 5
1772811786195 325340.7143294248 6
1772811796033 332514.0315028744 7
1772811805785 338619.9561022273 8
1772811815525 343208.4501569124 9
1772811828839 347199.888445572 10
1772811837933 341882.9438088106 11
1772811847070 346822.9964913659 12
1772811856647 349999.49441170087 13
1772811866094 353078.60050806653 14
1772811878945 356198.4780469062 15
1772811888283 351337.8535506229 16
1772811898112 353114.41557702294 17
1772811907589 355295.6052651268 18
1772811917565 356437.0524792569 19
1772811931120 357716.0752414054 20
1772811948632 388190.07835325936 11
1772811958773 379928.17717674375 12
1772811969773 366265.19698170415 13
1772811979664 369816.66709319665 14
1772811995444 371456.38563372457 15
1772812005154 341221.2761596335 16
1772812015676 343738.1757316399 17
1772812025881 346683.7855057946 18
1772812036142 348822.6621579314 19
