1772811732029 5.022807450645543e-06 1
1772811741155 4.787539840586997e-06 2
1772811750965 5.049210560453307e-06 3
1772811760439 4.794430666280725e-06 4
1772811777037 4.931972420251633e-06 5
1772811786339 4.702209310054252e-06 6
1772811796171 4.704283298399309e-06 7
1772811805964 4.937434835368569e-06 8
1772811815714 4.908890474366173e-06 9
1772811829000 5.282055566442745e-06 10
1772811838201 4.625151869560561e-06 11
1772811847217 4.646467927078779e-06 12
1772811856802 4.605257508990343e-06 13
1772811866236 4.5906039138984985e-06 14
1772811879087 4.671539108073795e-06 15
1772811888431 4.74709763633172e-06 16
1772811898295 4.767236582504362e-06 17
1772811907789 4.735977918863645e-06 18
