1772811732029 7.017660629691013e-06 1
1772811741155 6.018075804524488e-06 2
1772811750965 7.083363935535116e-06 3
1772811760439 6.311236152358576e-06 4
1772811777036 6.62593938472376e-06 5
1772811786338 6.03477987241488e-06 6
1772811796170 5.9481882587031225e-06 7
1772811805963 6.6710172024458e-06 8
1772811815713 6.68025527621885e-06 9
1772811828999 7.961504752512337e-06 10
1772811838200 5.8691873926147355e-06 11
1772811847216 5.894334836760039e-06 12
1772811856802 5.902525706617434e-06 13
1772811866235 5.804022248383291e-06 14
1772811879086 5.9486401245582036e-06 15
1772811888430 6.071013343997862e-06 16
1772811898295 6.1315290670112725e-06 17
1772811907788 6.246385761644556e-06 18
