1772811732028 1.5474142408553467e-05 1
1772811741154 1.4013585417480618e-05 2
1772811750964 1.588347825384068e-05 3
1772811760439 1.4678969194132585e-05 4
1772811777036 1.541213041285412e-05 5
1772811786338 1.394899780606035e-05 6
1772811796170 1.376266267657542e-05 7
1772811805963 1.5694213073414072e-05 8
1772811815713 1.5695173418951594e-05 9
1772811828999 1.7741502091984503e-05 10
1772811838200 1.3684852856315209e-05 11
1772811847216 1.367849373389219e-05 12
1772811856801 1.3896863652165484e-05 13
1772811866235 1.350502221462954e-05 14
1772811879086 1.3719068842909751e-05 15
1772811888430 1.3905909738341882e-05 16
1772811898294 1.4208691024766846e-05 17
1772811907788 1.4595479444481415e-05 18
