1772811732029 1.732913077020923e-05 1
1772811741155 1.5885011504647523e-05 2
1772811750965 1.772382577172232e-05 3
1772811760439 1.6357701845284356e-05 4
1772811777037 1.7164195298174876e-05 5
1772811786339 1.5535758608104942e-05 6
1772811796171 1.5680411077710055e-05 7
1772811805963 1.700545990442342e-05 8
1772811815714 1.742668313345205e-05 9
1772811829000 2.0105588053383347e-05 10
1772811838200 1.5137634988882175e-05 11
1772811847216 1.5236181793558701e-05 12
1772811856802 1.5251218753394239e-05 13
1772811866235 1.5298796111157705e-05 14
1772811879087 1.5831827210323092e-05 15
1772811888431 1.5797441228923737e-05 16
1772811898295 1.6060659861050924e-05 17
1772811907788 1.6555955784098114e-05 18
1772811917904 1.6742873600860722e-05 19
1772811931339 1.5370223909809866e-05 20
1772811955120 1.600107797957157e-05 21
1772811966234 1.742529329357408e-05 22
1772811976382 1.77004860333052e-05 23
1772811986366 1.6071408039871466e-05 24
1772812001836 1.6796541975634842e-05 25
1772812012165 1.6635965896624015e-05 26
1772812022425 1.6683899996072252e-05 27
1772812032607 1.6622746992676297e-05 28
1772812042832 1.6279238721317366e-05 29
