1772811732030 2.6148627172377923e-05 1
1772811741156 2.2723422757987816e-05 2
1772811750966 2.5872669942126906e-05 3
1772811760440 2.423293848381837e-05 4
1772811777038 2.5243373981730873e-05 5
1772811786340 2.252664237469705e-05 6
1772811796171 2.2467157354940716e-05 7
1772811805964 2.5243534906350915e-05 8
1772811815714 2.5969583922123133e-05 9
1772811829000 2.9382247948341747e-05 10
1772811838201 2.1758340436135422e-05 11
1772811847217 2.1979801026491164e-05 12
1772811856803 2.1813223800632583e-05 13
1772811866236 2.1870076398783817e-05 14
1772811879088 2.3209308381900068e-05 15
1772811888432 2.3036863086418992e-05 16
1772811898296 2.308189484101456e-05 17
1772811907789 2.4367519251514364e-05 18
1772811917906 2.47713710329429e-05 19
1772811931340 2.2488314238396005e-05 20
1772811955121 2.3073453731005412e-05 21
1772811966234 2.6202794752113306e-05 22
1772811976382 2.6272343617691116e-05 23
1772811986366 2.3077786711751668e-05 24
1772812001837 2.4988025670436997e-05 25
1772812012165 2.484737073787745e-05 26
1772812022426 2.3805334864845136e-05 27
1772812032608 2.4022737256921618e-05 28
1772812042832 2.3786034693078308e-05 29
