1772811731922 0.0 1
1772811741064 0.0 2
1772811750855 0.0 3
1772811760349 0.0 4
1772811776943 0.0 5
1772811786251 0.0 6
1772811796081 0.0 7
1772811805853 0.0 8
1772811815624 0.0 9
1772811828899 0.0 10
1772811838111 0.0 11
1772811847124 0.0 12
1772811856705 0.0 13
1772811866148 0.0 14
1772811878995 0.0 15
1772811888345 0.0 16
1772811898191 0.0 17
1772811907683 0.0 18
1772811917807 0.0 19
1772811931248 0.0 20
1772811955032 0.0 21
1772811966116 0.0 22
1772811976293 0.0 23
1772811986268 0.0 24
1772812001751 0.0 25
1772812012065 0.0 26
1772812022335 0.0 27
1772812032510 0.0 28
1772812042744 0.0 29
