1772811731922 2.0 1
1772811741064 2.0 2
1772811750855 2.0 3
1772811760349 2.0 4
1772811776943 2.0 5
1772811786250 2.0 6
1772811796080 2.0 7
1772811805853 2.0 8
1772811815624 2.0 9
1772811828898 2.0 10
1772811838111 2.0 11
1772811847124 2.0 12
1772811856704 2.0 13
1772811866147 2.0 14
1772811878994 2.0 15
1772811888344 2.0 16
1772811898191 2.0 17
1772811907683 2.0 18
1772811917807 2.0 19
1772811931248 2.0 20
1772811955032 2.0 21
1772811966116 2.0 22
1772811976293 2.0 23
1772811986268 2.0 24
1772812001750 2.0 25
1772812012065 2.0 26
1772812022334 2.0 27
1772812032510 2.0 28
1772812042744 2.0 29
