1772812359860 1.0 1
1772812369911 1.0 2
1772812379457 1.0 3
1772812388927 1.0 4
1772812404613 1.0 5
1772812414069 1.0 6
1772812423633 1.0 7
1772812433030 1.0 8
1772812442514 1.0 9
1772812455512 1.0 10
1772812464964 1.0 11
1772812474287 1.0 12
1772812483641 1.0 13
1772812493048 1.0 14
1772812506009 1.0 15
1772812515403 1.0 16
1772812524801 1.0 17
1772812534215 1.0 18
1772812543552 1.0 19
1772812556301 1.0 20
1772812579201 1.0 21
1772812589627 1.0 22
1772812600183 1.0 23
1772812610112 1.0 24
1772812626198 1.0 25
1772812636134 1.0 26
1772812646122 1.0 27
1772812656062 1.0 28
1772812665934 1.0 29
1772812679741 1.0 30
1772812696753 1.0 21
1772812706741 1.0 22
1772812716653 1.0 23
1772812726457 1.0 24
1772812742259 1.0 25
1772812752177 1.0 26
1772812762155 1.0 27
1772812772145 1.0 28
1772812782012 1.0 29
1772812795559 1.0 30
1772812812401 1.0 31
1772812822259 1.0 32
1772812832095 1.0 33
1772812841984 1.0 34
1772812857759 1.0 35
1772812867672 1.0 36
1772812877542 1.0 37
1772812887770 1.0 38
1772812897987 1.0 39
1772812911790 1.0 40
1772812929418 1.0 41
1772812939491 1.0 42
1772812949633 1.0 43
1772812959887 1.0 44
1772812976106 1.0 45
1772812986339 1.0 46
1772812996590 1.0 47
1772813006850 1.0 48
1772813017088 1.0 49
1772813030854 1.0 50
1772813048125 1.0 51
1772813058224 1.0 52
1772813068382 1.0 53
1772813078610 1.0 54
1772813094543 1.0 55
1772813104478 1.0 56
1772813114611 1.0 57
1772813124679 1.0 58
1772813134640 1.0 59
1772813148154 1.0 60
1772813158086 1.0 61
1772813167998 1.0 62
1772813177893 1.0 63
1772813187859 1.0 64
1772813201318 1.0 65
1772813211255 1.0 66
1772813221344 1.0 67
1772813231333 1.0 68
1772813241307 1.0 69
1772813254882 1.0 70
1772813271219 1.0 71
1772813281220 1.0 72
1772813291111 1.0 73
1772813300968 1.0 74
1772813316721 1.0 75
1772813326635 1.0 76
1772813336612 1.0 77
1772813346548 1.0 78
1772813356445 1.0 79
1772813369964 1.0 80
1772813386455 1.0 81
1772813396397 1.0 82
1772813406301 1.0 83
1772813416173 1.0 84
1772813431883 1.0 85
1772813441870 1.0 86
1772813451793 1.0 87
1772813461837 1.0 88
1772813471758 1.0 89
1772813485220 1.0 90
1772813495197 1.0 91
1772813505083 1.0 92
1772813515021 1.0 93
1772813524985 1.0 94
1772813537849 1.0 95
1772813547158 1.0 96
1772813556574 1.0 97
1772813565856 1.0 98
1772813575409 1.0 99
1772813588424 1.0 100
