1772812359859 2.0 1
1772812369910 2.0 2
1772812379456 2.0 3
1772812388926 2.0 4
1772812404613 2.0 5
1772812414068 2.0 6
1772812423633 2.0 7
1772812433029 2.0 8
1772812442514 2.0 9
1772812455512 2.0 10
1772812464964 2.0 11
1772812474286 2.0 12
1772812483640 2.0 13
1772812493048 2.0 14
1772812506008 2.0 15
1772812515403 2.0 16
1772812524800 2.0 17
1772812534214 2.0 18
1772812543552 2.0 19
1772812556300 2.0 20
1772812579200 2.0 21
1772812589626 2.0 22
1772812600182 2.0 23
1772812610112 2.0 24
1772812626197 2.0 25
1772812636133 2.0 26
1772812646121 2.0 27
1772812656061 2.0 28
1772812665934 2.0 29
1772812679741 2.0 30
1772812696752 2.0 21
1772812706741 2.0 22
1772812716653 2.0 23
1772812726457 2.0 24
1772812742259 2.0 25
1772812752176 2.0 26
1772812762155 2.0 27
1772812772144 2.0 28
1772812782011 2.0 29
1772812795559 2.0 30
1772812812400 2.0 31
1772812822259 2.0 32
1772812832094 2.0 33
1772812841983 2.0 34
1772812857759 2.0 35
1772812867672 2.0 36
1772812877541 2.0 37
1772812887769 2.0 38
1772812897986 2.0 39
1772812911789 2.0 40
1772812929418 2.0 41
1772812939491 2.0 42
1772812949632 2.0 43
1772812959886 2.0 44
1772812976106 2.0 45
1772812986338 2.0 46
1772812996589 2.0 47
1772813006849 2.0 48
1772813017087 2.0 49
1772813030854 2.0 50
1772813048124 2.0 51
1772813058223 2.0 52
1772813068382 2.0 53
1772813078610 2.0 54
1772813094543 2.0 55
1772813104477 2.0 56
1772813114611 2.0 57
1772813124679 2.0 58
1772813134639 2.0 59
1772813148153 2.0 60
1772813158085 2.0 61
1772813167997 2.0 62
1772813177893 2.0 63
1772813187858 2.0 64
1772813201317 2.0 65
1772813211254 2.0 66
1772813221344 2.0 67
1772813231332 2.0 68
1772813241307 2.0 69
1772813254881 2.0 70
1772813271218 2.0 71
1772813281219 2.0 72
1772813291111 2.0 73
1772813300968 2.0 74
1772813316720 2.0 75
1772813326635 2.0 76
1772813336612 2.0 77
1772813346547 2.0 78
1772813356444 2.0 79
1772813369963 2.0 80
1772813386454 2.0 81
1772813396396 2.0 82
1772813406301 2.0 83
1772813416172 2.0 84
1772813431882 2.0 85
1772813441870 2.0 86
1772813451793 2.0 87
1772813461836 2.0 88
1772813471758 2.0 89
1772813485219 2.0 90
1772813495197 2.0 91
1772813505082 2.0 92
1772813515020 2.0 93
1772813524984 2.0 94
1772813537848 2.0 95
1772813547157 2.0 96
1772813556574 2.0 97
1772813565856 2.0 98
1772813575409 2.0 99
1772813588423 2.0 100
