1772812359860 0.0 1
1772812369910 0.0 2
1772812379456 0.0 3
1772812388927 0.0 4
1772812404613 0.0 5
1772812414069 0.0 6
1772812423633 0.0 7
1772812433029 0.0 8
1772812442514 0.0 9
1772812455512 0.0 10
1772812464964 0.0 11
1772812474287 0.0 12
1772812483641 0.0 13
1772812493048 0.0 14
1772812506009 0.0 15
1772812515403 0.0 16
1772812524800 0.0 17
1772812534215 0.0 18
1772812543552 0.0 19
1772812556300 0.0 20
1772812579201 0.0 21
1772812589626 0.0 22
1772812600182 0.0 23
1772812610112 0.0 24
1772812626198 0.0 25
1772812636133 0.0 26
1772812646121 0.0 27
1772812656062 0.0 28
1772812665934 0.0 29
1772812679741 0.0 30
1772812696752 0.0 21
1772812706741 0.0 22
1772812716653 0.0 23
1772812726457 0.0 24
1772812742259 0.0 25
1772812752177 0.0 26
1772812762155 0.0 27
1772812772145 0.0 28
1772812782012 0.0 29
1772812795559 0.0 30
1772812812401 0.0 31
1772812822259 0.0 32
1772812832095 0.0 33
1772812841984 0.0 34
1772812857759 0.0 35
1772812867672 0.0 36
1772812877542 0.0 37
1772812887770 0.0 38
1772812897987 0.0 39
1772812911790 0.0 40
1772812929418 0.0 41
1772812939491 0.0 42
1772812949632 0.0 43
1772812959887 0.0 44
1772812976106 0.0 45
1772812986339 0.0 46
1772812996589 0.0 47
1772813006850 0.0 48
1772813017087 0.0 49
1772813030854 0.0 50
1772813048125 0.0 51
1772813058223 0.0 52
1772813068382 0.0 53
1772813078610 0.0 54
1772813094543 0.0 55
1772813104477 0.0 56
1772813114611 0.0 57
1772813124679 0.0 58
1772813134639 0.0 59
1772813148154 0.0 60
1772813158086 0.0 61
1772813167997 0.0 62
1772813177893 0.0 63
1772813187859 0.0 64
1772813201318 0.0 65
1772813211254 0.0 66
1772813221344 0.0 67
1772813231332 0.0 68
1772813241307 0.0 69
1772813254881 0.0 70
1772813271219 0.0 71
1772813281220 0.0 72
1772813291111 0.0 73
1772813300968 0.0 74
1772813316720 0.0 75
1772813326635 0.0 76
1772813336612 0.0 77
1772813346548 0.0 78
1772813356445 0.0 79
1772813369964 0.0 80
1772813386455 0.0 81
1772813396397 0.0 82
1772813406301 0.0 83
1772813416172 0.0 84
1772813431883 0.0 85
1772813441870 0.0 86
1772813451793 0.0 87
1772813461836 0.0 88
1772813471758 0.0 89
1772813485219 0.0 90
1772813495197 0.0 91
1772813505082 0.0 92
1772813515020 0.0 93
1772813524985 0.0 94
1772813537848 0.0 95
1772813547157 0.0 96
1772813556574 0.0 97
1772813565856 0.0 98
1772813575409 0.0 99
1772813588424 0.0 100
