1772811731975 0.00011016298076492565 1
1772811741108 9.982317627510332e-05 2
1772811750908 0.00011004899436036255 3
1772811760392 0.00010321375795000203 4
1772811776991 0.00010712414201846134 5
1772811786294 9.825455701445236e-05 6
1772811796124 9.840864093459557e-05 7
1772811805899 0.00010766857104560997 8
1772811815667 0.00010921998801806141 9
1772811828951 0.0001222998392966898 10
1772811838155 9.63260440488015e-05 11
1772811847169 9.671383379043201e-05 12
1772811856755 9.6683306563468e-05 13
1772811866190 9.620163064339132e-05 14
1772811879040 9.92510598252463e-05 15
1772811888386 9.958010006299651e-05 16
1772811898239 0.00010040359333893646 17
1772811907731 0.00010314825482531117 18
