1772812360005 4000.0 1
1772812370038 4000.0 2
1772812379585 4000.0 3
1772812389055 4000.0 4
1772812404464 4000.0 5
1772812413923 4000.0 6
1772812423441 4000.0 7
1772812432823 4000.0 8
1772812442240 4000.0 9
1772812455243 4000.0 10
1772812464567 4000.0 11
1772812474015 4000.0 12
1772812483363 4000.0 13
1772812492731 4000.0 14
1772812505709 4000.0 15
1772812515099 4000.0 16
1772812524483 4000.0 17
1772812533891 4000.0 18
1772812543125 4000.0 19
1772812556019 4000.0 20
1772812572462 4000.0 11
1772812582947 4000.0 12
1772812593523 4000.0 13
1772812603886 4000.0 14
1772812619697 4000.0 15
1772812629940 4000.0 16
1772812639898 4000.0 17
1772812649854 4000.0 18
1772812659752 4000.0 19
1772812673453 4000.0 20
1772812683573 4000.0 21
1772812693547 4000.0 22
1772812703511 4000.0 23
1772812713472 4000.0 24
1772812726902 4000.0 25
1772812736849 4000.0 26
1772812746724 4000.0 27
1772812756658 4000.0 28
1772812766631 4000.0 29
1772812780097 4000.0 30
1772812790022 4000.0 31
1772812799943 4000.0 32
1772812809874 4000.0 33
1772812819635 4000.0 34
1772812833165 4000.0 35
1772812843099 4000.0 36
1772812852910 4000.0 37
1772812862833 4000.0 38
1772812872710 4000.0 39
1772812886362 4000.0 40
1772812896648 4000.0 41
1772812906841 4000.0 42
1772812916982 4000.0 43
1772812927346 4000.0 44
1772812941110 4000.0 45
1772812951318 4000.0 46
1772812961587 4000.0 47
1772812971716 4000.0 48
1772812981844 4000.0 49
1772812995725 4000.0 50
1772813006010 4000.0 51
1772813016247 4000.0 52
1772813026396 4000.0 53
1772813036487 4000.0 54
1772813050324 4000.0 55
1772813060492 4000.0 56
1772813070718 4000.0 57
1772813080776 4000.0 58
1772813090753 4000.0 59
1772813104290 4000.0 60
1772813114259 4000.0 61
1772813124464 4000.0 62
1772813134427 4000.0 63
1772813144333 4000.0 64
1772813157818 4000.0 65
1772813167618 4000.0 66
1772813177535 4000.0 67
1772813187497 4000.0 68
1772813197472 4000.0 69
1772813210964 4000.0 70
1772813221028 4000.0 71
1772813230953 4000.0 72
1772813240886 4000.0 73
1772813250766 4000.0 74
1772813264161 4000.0 75
1772813274130 4000.0 76
1772813284220 4000.0 77
1772813294103 4000.0 78
1772813304038 4000.0 79
1772813317450 4000.0 80
1772813327329 4000.0 81
1772813337207 4000.0 82
1772813347117 4000.0 83
1772813357020 4000.0 84
1772813370529 4000.0 85
1772813380464 4000.0 86
1772813390360 4000.0 87
1772813400323 4000.0 88
1772813410231 4000.0 89
1772813423577 4000.0 90
1772813433504 4000.0 91
1772813443498 4000.0 92
1772813453593 4000.0 93
1772813463575 4000.0 94
1772813477017 4000.0 95
1772813486990 4000.0 96
1772813496939 4000.0 97
1772813506711 4000.0 98
1772813516678 4000.0 99
1772813530162 4000.0 100
