1772812360004 3764000.0 1
1772812370038 3768000.0 2
1772812379584 3768000.0 3
1772812389054 3768000.0 4
1772812404463 3768000.0 5
1772812413922 3768000.0 6
1772812423440 3768000.0 7
1772812432822 3768000.0 8
1772812442239 3768000.0 9
1772812455242 3768000.0 10
1772812464566 3768000.0 11
1772812474014 3768000.0 12
1772812483362 3764000.0 13
1772812492730 3768000.0 14
1772812505708 3768000.0 15
1772812515098 3768000.0 16
1772812524483 3768000.0 17
1772812533890 3768000.0 18
1772812543124 3768000.0 19
1772812556018 3768000.0 20
1772812572463 3764000.0 11
1772812582948 3768000.0 12
1772812593523 3768000.0 13
1772812603886 3768000.0 14
1772812619698 3768000.0 15
1772812629941 3768000.0 16
1772812639898 3768000.0 17
1772812649854 3768000.0 18
1772812659753 3768000.0 19
1772812673454 3768000.0 20
1772812683573 3768000.0 21
1772812693547 3768000.0 22
1772812703512 3764000.0 23
1772812713472 3768000.0 24
1772812726903 3768000.0 25
1772812736849 3768000.0 26
1772812746724 3768000.0 27
1772812756659 3768000.0 28
1772812766631 3768000.0 29
1772812780098 3768000.0 30
1772812790023 3768000.0 31
1772812799943 3768000.0 32
1772812809875 3768000.0 33
1772812819635 3768000.0 34
1772812833165 3768000.0 35
1772812843099 3764000.0 36
1772812852910 3768000.0 37
1772812862833 3768000.0 38
1772812872710 3768000.0 39
1772812886363 3768000.0 40
1772812896648 3768000.0 41
1772812906842 3768000.0 42
1772812916982 3768000.0 43
1772812927346 3768000.0 44
1772812941110 3768000.0 45
1772812951319 3768000.0 46
1772812961587 3768000.0 47
1772812971716 3764000.0 48
1772812981845 3768000.0 49
1772812995725 3768000.0 50
1772813006010 3768000.0 51
1772813016247 3768000.0 52
1772813026397 3768000.0 53
1772813036488 3768000.0 54
1772813050325 3768000.0 55
1772813060493 3768000.0 56
1772813070718 3768000.0 57
1772813080776 3768000.0 58
1772813090753 3768000.0 59
1772813104290 3768000.0 60
1772813114259 3764000.0 61
1772813124465 3768000.0 62
1772813134427 3768000.0 63
1772813144334 3768000.0 64
1772813157819 3768000.0 65
1772813167619 3768000.0 66
1772813177535 3768000.0 67
1772813187497 3768000.0 68
1772813197473 3768000.0 69
1772813210964 3768000.0 70
1772813221028 3768000.0 71
1772813230953 3768000.0 72
1772813240887 3764000.0 73
1772813250767 3768000.0 74
1772813264162 3768000.0 75
1772813274131 3768000.0 76
1772813284221 3768000.0 77
1772813294104 3768000.0 78
1772813304039 3768000.0 79
1772813317451 3768000.0 80
1772813327330 3768000.0 81
1772813337207 3768000.0 82
1772813347117 3768000.0 83
1772813357020 3768000.0 84
1772813370530 3768000.0 85
1772813380464 3764000.0 86
1772813390361 3768000.0 87
1772813400324 3768000.0 88
1772813410231 3768000.0 89
1772813423577 3768000.0 90
1772813433505 3768000.0 91
1772813443498 3768000.0 92
1772813453593 3768000.0 93
1772813463575 3768000.0 94
1772813477018 3768000.0 95
1772813486991 3768000.0 96
1772813496939 3768000.0 97
1772813506711 3764000.0 98
1772813516679 3768000.0 99
1772813530162 3768000.0 100
