1772812360003 481792.0 1
1772812370037 964096.0 2
1772812379583 1446400.0 3
1772812389053 1928704.0 4
1772812404462 2411008.0 5
1772812413922 2893312.0 6
1772812423440 3375616.0 7
1772812432821 3857920.0 8
1772812442239 4340224.0 9
1772812455242 4822528.0 10
1772812464565 5304832.0 11
1772812474013 5787136.0 12
1772812483362 6268928.0 13
1772812492730 6751232.0 14
1772812505708 7233536.0 15
1772812515098 7715840.0 16
1772812524482 8198144.0 17
1772812533890 8680448.0 18
1772812543123 9162752.0 19
1772812556017 9645056.0 20
1772812572463 5304320.0 11
1772812582949 5786624.0 12
1772812593524 6268928.0 13
1772812603887 6751232.0 14
1772812619699 7233536.0 15
1772812629942 7715840.0 16
1772812639899 8198144.0 17
1772812649855 8680448.0 18
1772812659754 9162752.0 19
1772812673454 9645056.0 20
1772812683574 10127360.0 21
1772812693548 10609664.0 22
1772812703512 11091456.0 23
1772812713473 11573760.0 24
1772812726904 12056064.0 25
1772812736850 12538368.0 26
1772812746725 13020672.0 27
1772812756660 13502976.0 28
1772812766632 13985280.0 29
1772812780098 14467584.0 30
1772812790024 14949888.0 31
1772812799944 15432192.0 32
1772812809875 15914496.0 33
1772812819636 16396800.0 34
1772812833166 16879104.0 35
1772812843100 17360896.0 36
1772812852911 17843200.0 37
1772812862834 18325504.0 38
1772812872711 18807808.0 39
1772812886364 19290112.0 40
1772812896649 19772416.0 41
1772812906843 20254720.0 42
1772812916983 20737024.0 43
1772812927347 21219328.0 44
1772812941111 21701632.0 45
1772812951320 22183936.0 46
1772812961588 22666240.0 47
1772812971717 23148032.0 48
1772812981846 23630336.0 49
1772812995726 24112640.0 50
1772813006011 24594944.0 51
1772813016248 25077248.0 52
1772813026397 25559552.0 53
1772813036488 26041856.0 54
1772813050326 26524160.0 55
1772813060494 27006464.0 56
1772813070719 27488768.0 57
1772813080777 27971072.0 58
1772813090754 28453376.0 59
1772813104291 28935680.0 60
1772813114260 29417472.0 61
1772813124465 29899776.0 62
1772813134428 30382080.0 63
1772813144335 30864384.0 64
1772813157820 31346688.0 65
1772813167620 31828992.0 66
1772813177536 32311296.0 67
1772813187498 32793600.0 68
1772813197474 33275904.0 69
1772813210965 33758208.0 70
1772813221029 34240512.0 71
1772813230954 34722816.0 72
1772813240887 35204608.0 73
1772813250767 35686912.0 74
1772813264163 36169216.0 75
1772813274131 36651520.0 76
1772813284222 37133824.0 77
1772813294105 37616128.0 78
1772813304040 38098432.0 79
1772813317452 38580736.0 80
1772813327330 39063040.0 81
1772813337208 39545344.0 82
1772813347118 40027648.0 83
1772813357021 40509952.0 84
1772813370530 40992256.0 85
1772813380465 41474048.0 86
1772813390362 41956352.0 87
1772813400324 42438656.0 88
1772813410233 42920960.0 89
1772813423578 43403264.0 90
1772813433505 43885568.0 91
1772813443499 44367872.0 92
1772813453594 44850176.0 93
1772813463576 45332480.0 94
1772813477018 45814784.0 95
1772813486992 46297088.0 96
1772813496940 46779392.0 97
1772813506712 47261184.0 98
1772813516680 47743488.0 99
1772813530163 48225792.0 100
