1772812360004 481792.0 1
1772812370038 482304.0 2
1772812379584 482304.0 3
1772812389054 482304.0 4
1772812404463 482304.0 5
1772812413923 482304.0 6
1772812423441 482304.0 7
1772812432822 482304.0 8
1772812442239 482304.0 9
1772812455243 482304.0 10
1772812464566 482304.0 11
1772812474014 482304.0 12
1772812483363 481792.0 13
1772812492730 482304.0 14
1772812505709 482304.0 15
1772812515098 482304.0 16
1772812524483 482304.0 17
1772812533891 482304.0 18
1772812543124 482304.0 19
1772812556018 482304.0 20
1772812572463 481792.0 11
1772812582948 482304.0 12
1772812593524 482304.0 13
1772812603887 482304.0 14
1772812619698 482304.0 15
1772812629941 482304.0 16
1772812639898 482304.0 17
1772812649855 482304.0 18
1772812659753 482304.0 19
1772812673454 482304.0 20
1772812683574 482304.0 21
1772812693548 482304.0 22
1772812703512 481792.0 23
1772812713473 482304.0 24
1772812726903 482304.0 25
1772812736850 482304.0 26
1772812746725 482304.0 27
1772812756659 482304.0 28
1772812766632 482304.0 29
1772812780098 482304.0 30
1772812790024 482304.0 31
1772812799944 482304.0 32
1772812809875 482304.0 33
1772812819635 482304.0 34
1772812833166 482304.0 35
1772812843100 481792.0 36
1772812852911 482304.0 37
1772812862834 482304.0 38
1772812872711 482304.0 39
1772812886364 482304.0 40
1772812896649 482304.0 41
1772812906843 482304.0 42
1772812916983 482304.0 43
1772812927347 482304.0 44
1772812941110 482304.0 45
1772812951319 482304.0 46
1772812961588 482304.0 47
1772812971717 481792.0 48
1772812981845 482304.0 49
1772812995726 482304.0 50
1772813006011 482304.0 51
1772813016248 482304.0 52
1772813026397 482304.0 53
1772813036488 482304.0 54
1772813050325 482304.0 55
1772813060493 482304.0 56
1772813070719 482304.0 57
1772813080777 482304.0 58
1772813090753 482304.0 59
1772813104291 482304.0 60
1772813114260 481792.0 61
1772813124465 482304.0 62
1772813134428 482304.0 63
1772813144334 482304.0 64
1772813157819 482304.0 65
1772813167619 482304.0 66
1772813177536 482304.0 67
1772813187498 482304.0 68
1772813197473 482304.0 69
1772813210965 482304.0 70
1772813221029 482304.0 71
1772813230954 482304.0 72
1772813240887 481792.0 73
1772813250767 482304.0 74
1772813264162 482304.0 75
1772813274131 482304.0 76
1772813284221 482304.0 77
1772813294104 482304.0 78
1772813304039 482304.0 79
1772813317451 482304.0 80
1772813327330 482304.0 81
1772813337208 482304.0 82
1772813347118 482304.0 83
1772813357021 482304.0 84
1772813370530 482304.0 85
1772813380465 481792.0 86
1772813390362 482304.0 87
1772813400324 482304.0 88
1772813410232 482304.0 89
1772813423578 482304.0 90
1772813433505 482304.0 91
1772813443499 482304.0 92
1772813453594 482304.0 93
1772813463576 482304.0 94
1772813477018 482304.0 95
1772813486991 482304.0 96
1772813496940 482304.0 97
1772813506712 481792.0 98
1772813516679 482304.0 99
1772813530163 482304.0 100
