1772812360006 31658.663735453774 1
1772812370039 47493.39570443524 2
1772812379585 50455.61123832023 3
1772812389055 50928.73061957921 4
1772812404465 51668.42588879548 5
1772812413924 31066.860924431505 6
1772812423442 50662.048506775136 7
1772812432824 51451.37551560266 8
1772812442241 51196.02600910313 9
1772812455244 50837.099832377724 10
1772812464567 37563.889185007574 11
1772812474015 51011.81923471294 12
1772812483364 51560.47492925602 13
1772812492732 51491.48100235236 14
1772812505710 51115.46932822762 15
1772812515100 37315.51150869993 16
1772812524484 51371.374479934544 17
1772812533892 51277.016227652384 18
1772812543125 52228.18628044496 19
1772812556020 51626.209666134906 20
1772812572464 49773.553519123074 11
1772812582950 46014.51504662872 12
1772812593526 45711.128841456404 13
1772812603888 46346.39193917469 14
1772812619700 48561.96491059939 15
1772812629943 29949.923791871675 16
1772812639900 48405.774323653255 17
1772812649856 48457.66787737893 18
1772812659755 48649.43828791087 19
1772812673455 48859.893354590386 20
1772812683576 34655.35942251186 21
1772812693549 48336.56825121033 22
1772812703513 48375.194111402416 23
1772812713474 48334.259850387854 24
1772812726905 48897.5609721651 25
1772812736851 35703.90386533072 26
1772812746726 48861.18033120507 27
1772812756661 48572.466128325985 28
1772812766633 48365.98598381655 29
1772812780100 48603.69868089582 30
1772812790025 35803.14705265378 31
1772812799945 48644.50131944469 32
1772812809877 48575.955787046645 33
1772812819637 49400.13298399184 34
1772812833167 48480.780201376576 35
1772812843101 35659.26239280061 36
1772812852913 49138.87835446804 37
1772812862835 48616.27935922567 38
1772812872712 48844.459310473925 39
1772812886365 48673.92675989766 40
1772812896650 34414.24222316488 41
1772812906844 47330.973649244916 42
1772812916984 47904.02111849046 43
1772812927348 46252.40879977366 44
1772812941112 47596.19380638015 45
1772812951321 34837.848167679396 46
1772812961589 46912.068261655135 47
1772812971718 47649.38019009673 48
1772812981847 47602.267647587505 49
1772812995727 47389.01980081458 50
1772813006012 34496.711612983345 51
1772813016249 47128.08335792418 52
1772813026398 47501.36371433407 53
1772813036489 47816.33425741286 54
1772813050327 47374.96699645884 55
1772813060495 34911.709729487455 56
1772813070720 47144.85917148447 57
1772813080778 47894.09485015913 58
1772813090755 48312.44761897501 59
1772813104292 48487.816362293706 60
1772813114261 35609.07588571134 61
1772813124466 47258.77398304641 62
1772813134429 48376.45052137403 63
1772813144336 48683.52331486223 64
1772813157821 48746.00929001131 65
1772813167621 36001.70997376355 66
1772813177537 48761.72132988776 67
1772813187499 48365.04465689559 68
1772813197475 48300.328611992816 69
1772813210966 48808.68571348827 70
1772813221030 35302.916824015556 71
1772813230955 48556.450700716334 72
1772813240889 48509.886033095834 73
1772813250768 48817.84279888504 74
1772813264164 49078.45380263819 75
1772813274133 35678.32825022073 76
1772813284223 47806.31989823875 77
1772813294106 48720.64130462602 78
1772813304041 48561.90868048267 79
1772813317453 49046.787036751404 80
1772813327331 35875.59302281906 81
1772813337209 48850.73595554842 82
1772813347119 48640.93291760919 83
1772813357022 48727.606960602665 84
1772813370531 48437.10838740611 85
1772813380466 35721.079647859595 86
1772813390363 48692.68571911914 87
1772813400326 48415.480277305775 88
1772813410234 48701.91141253028 89
1772813423579 49346.77539111193 90
1772813433506 35766.9452076035 91
1772813443500 48173.25126757507 92
1772813453595 48413.659217284854 93
1772813463577 47823.06643392497 94
1772813477019 48690.71573579249 95
1772813486993 35692.38352927239 96
1772813496941 48483.21978825763 97
1772813506713 49235.001527077875 98
1772813516681 48417.55240330581 99
1772813530164 48416.981092141716 100
