1772812360003 3764000.0 1
1772812370037 7532000.0 2
1772812379583 11300000.0 3
1772812389053 15068000.0 4
1772812404462 18836000.0 5
1772812413922 22604000.0 6
1772812423439 26372000.0 7
1772812432821 30140000.0 8
1772812442238 33908000.0 9
1772812455241 37676000.0 10
1772812464565 41444000.0 11
1772812474013 45212000.0 12
1772812483361 48976000.0 13
1772812492729 52744000.0 14
1772812505707 56512000.0 15
1772812515097 60280000.0 16
1772812524482 64048000.0 17
1772812533889 67816000.0 18
1772812543123 71584000.0 19
1772812556017 75352000.0 20
1772812572463 41440000.0 11
1772812582948 45208000.0 12
1772812593524 48976000.0 13
1772812603886 52744000.0 14
1772812619698 56512000.0 15
1772812629941 60280000.0 16
1772812639898 64048000.0 17
1772812649855 67816000.0 18
1772812659753 71584000.0 19
1772812673454 75352000.0 20
1772812683574 79120000.0 21
1772812693548 82888000.0 22
1772812703512 86652000.0 23
1772812713472 90420000.0 24
1772812726903 94188000.0 25
1772812736850 97956000.0 26
1772812746724 101724000.0 27
1772812756659 105492000.0 28
1772812766632 109260000.0 29
1772812780098 113028000.0 30
1772812790023 116796000.0 31
1772812799943 120564000.0 32
1772812809875 124332000.0 33
1772812819635 128100000.0 34
1772812833165 131868000.0 35
1772812843099 135632000.0 36
1772812852911 139400000.0 37
1772812862833 143168000.0 38
1772812872711 146936000.0 39
1772812886363 150704000.0 40
1772812896648 154472000.0 41
1772812906842 158240000.0 42
1772812916983 162008000.0 43
1772812927346 165776000.0 44
1772812941110 169544000.0 45
1772812951319 173312000.0 46
1772812961588 177080000.0 47
1772812971716 180844000.0 48
1772812981845 184612000.0 49
1772812995726 188380000.0 50
1772813006011 192148000.0 51
1772813016247 195916000.0 52
1772813026397 199684000.0 53
1772813036488 203452000.0 54
1772813050325 207220000.0 55
1772813060493 210988000.0 56
1772813070718 214756000.0 57
1772813080777 218524000.0 58
1772813090753 222292000.0 59
1772813104291 226060000.0 60
1772813114259 229824000.0 61
1772813124465 233592000.0 62
1772813134427 237360000.0 63
1772813144334 241128000.0 64
1772813157819 244896000.0 65
1772813167619 248664000.0 66
1772813177536 252432000.0 67
1772813187498 256200000.0 68
1772813197473 259968000.0 69
1772813210965 263736000.0 70
1772813221028 267504000.0 71
1772813230953 271272000.0 72
1772813240887 275036000.0 73
1772813250767 278804000.0 74
1772813264162 282572000.0 75
1772813274131 286340000.0 76
1772813284221 290108000.0 77
1772813294104 293876000.0 78
1772813304039 297644000.0 79
1772813317451 301412000.0 80
1772813327330 305180000.0 81
1772813337207 308948000.0 82
1772813347118 312716000.0 83
1772813357020 316484000.0 84
1772813370530 320252000.0 85
1772813380465 324016000.0 86
1772813390361 327784000.0 87
1772813400324 331552000.0 88
1772813410232 335320000.0 89
1772813423578 339088000.0 90
1772813433505 342856000.0 91
1772813443498 346624000.0 92
1772813453594 350392000.0 93
1772813463575 354160000.0 94
1772813477018 357928000.0 95
1772813486991 361696000.0 96
1772813496939 365464000.0 97
1772813506712 369228000.0 98
1772813516679 372996000.0 99
1772813530163 376764000.0 100
