1772812360005 572428.0 1
1772812370038 nan 2
1772812379584 nan 3
1772812389054 nan 4
1772812404464 nan 5
1772812413923 nan 6
1772812423441 nan 7
1772812432822 nan 8
1772812442240 nan 9
1772812455243 nan 10
1772812464566 nan 11
1772812474014 nan 12
1772812483363 nan 13
1772812492731 nan 14
1772812505709 nan 15
1772812515099 nan 16
1772812524483 nan 17
1772812533891 nan 18
1772812543124 nan 19
1772812556019 nan 20
1772812572464 nan 11
1772812582949 nan 12
1772812593525 nan 13
1772812603887 nan 14
1772812619699 nan 15
1772812629942 nan 16
1772812639899 nan 17
1772812649856 nan 18
1772812659754 nan 19
1772812673455 nan 20
1772812683575 nan 21
1772812693549 nan 22
1772812703513 nan 23
1772812713473 nan 24
1772812726904 nan 25
1772812736850 nan 26
1772812746725 nan 27
1772812756660 nan 28
1772812766633 nan 29
1772812780099 nan 30
1772812790024 nan 31
1772812799944 nan 32
1772812809876 nan 33
1772812819636 nan 34
1772812833166 nan 35
1772812843100 nan 36
1772812852912 nan 37
1772812862834 nan 38
1772812872712 nan 39
1772812886364 nan 40
1772812896649 nan 41
1772812906843 nan 42
1772812916984 nan 43
1772812927347 nan 44
1772812941111 nan 45
1772812951320 nan 46
1772812961589 nan 47
1772812971717 nan 48
1772812981846 nan 49
1772812995727 nan 50
1772813006012 nan 51
1772813016248 nan 52
1772813026398 nan 53
1772813036489 nan 54
1772813050326 nan 55
1772813060494 nan 56
1772813070719 nan 57
1772813080778 nan 58
1772813090754 nan 59
1772813104292 nan 60
1772813114260 nan 61
1772813124466 nan 62
1772813134428 nan 63
1772813144335 nan 64
1772813157820 nan 65
1772813167620 nan 66
1772813177537 nan 67
1772813187499 nan 68
1772813197474 nan 69
1772813210966 nan 70
1772813221029 nan 71
1772813230954 nan 72
1772813240888 nan 73
1772813250768 nan 74
1772813264163 nan 75
1772813274132 nan 76
1772813284222 nan 77
1772813294105 nan 78
1772813304040 nan 79
1772813317452 nan 80
1772813327331 nan 81
1772813337208 nan 82
1772813347119 nan 83
1772813357021 nan 84
1772813370531 nan 85
1772813380466 nan 86
1772813390362 nan 87
1772813400325 nan 88
1772813410233 nan 89
1772813423579 nan 90
1772813433506 nan 91
1772813443499 nan 92
1772813453595 nan 93
1772813463576 nan 94
1772813477019 nan 95
1772813486992 nan 96
1772813496940 nan 97
1772813506713 nan 98
1772813516680 nan 99
1772813530164 nan 100
