1772812360005 247333.61313364404 1
1772812370039 371042.4812421822 2
1772812379585 394184.79953987006 3
1772812389055 397881.0143321188 4
1772812404465 403659.85470582644 5
1772812413924 242709.99558438075 6
1772812423442 395797.6541218001 7
1772812432823 401964.33222850395 8
1772812442241 399969.2964126123 9
1772812455244 397165.2697785068 10
1772812464567 293468.09570447385 11
1772812474015 398530.2100931209 12
1772812483364 402816.59482779575 13
1772812492732 402277.68923007045 14
1772812505710 399339.9356832372 15
1772812515099 291527.613156773 16
1772812524484 401339.24964754464 17
1772812533892 400602.0406522172 18
1772812543125 408033.10112872487 19
1772812556019 403330.1263581148 20
1772812572464 388856.75559893507 11
1772812582950 359489.08186688315 12
1772812593525 357118.5748457489 13
1772812603887 362081.55963082885 14
1772812619699 379390.67716759274 15
1772812629942 233983.89345068068 16
1772812639899 378170.5863359422 17
1772812649856 378575.9042994768 18
1772812659754 380074.1247935395 19
1772812673455 381718.28744669864 20
1772812683575 270745.2524374425 21
1772812693549 377629.7564227961 22
1772812703513 377931.6941547877 23
1772812713474 377611.72201219853 24
1772812726904 382012.5016795375 25
1772812736851 278936.93307533546 26
1772812746726 381728.274254929 27
1772812756660 379472.84705261607 28
1772812766633 377859.57337268227 29
1772812780099 379716.7770317657 30
1772812790025 279712.3441549372 31
1772812799944 380035.45081245364 32
1772812809876 379500.0017941945 33
1772812819636 385938.9523802259 34
1772812833167 378756.48240354896 35
1772812843101 278588.133490734 36
1772812852912 383897.8456925797 37
1772812862835 379815.1658853124 38
1772812872712 381597.71678030083 39
1772812886365 380265.3565982662 40
1772812896650 268861.43764826475 41
1772812906844 369773.55067709147 42
1772812916984 374250.4948882025 43
1772812927348 361347.4390068343 44
1772812941112 371845.537788169 45
1772812951320 272170.88542464597 46
1772812961589 366500.9551207421 47
1772812971718 372261.17391283246 48
1772812981846 371893.1656329844 49
1772812995727 370227.2431293761 50
1772813006012 269505.85746958194 51
1772813016249 368188.5604761458 52
1772813026398 371104.778650548 53
1772813036489 373565.4369686171 54
1772813050326 370117.44928627386 55
1772813060494 272747.91899063485 56
1772813070720 368319.55876857584 57
1772813080778 374173.0030735131 58
1772813090755 377441.2711346645 59
1772813104292 378811.500126544 60
1772813114261 278196.07840130536 61
1772813124466 369209.8138883396 62
1772813134429 377941.3987472777 63
1772813144335 380340.398600388 64
1772813157820 380828.6466027787 65
1772813167620 281263.535884919 66
1772813177537 380951.2784615295 67
1772813187499 377852.2255717974 68
1772813197474 377346.773928077 69
1772813210966 381318.2173268117 70
1772813221030 275804.29086414806 71
1772813230954 379347.6004610213 72
1772813240888 378983.8550759738 73
1772813250768 381389.80865069386 74
1772813264163 383425.74058189755 75
1772813274132 278737.09152311314 76
1772813284223 373487.37860662653 77
1772813294106 380630.3257885715 78
1772813304040 379390.21395617747 79
1772813317453 383178.4556283069 80
1772813327331 280278.3111201678 81
1772813337209 381646.63720072916 82
1772813347119 380007.7770532178 83
1772813357022 380684.69056781253 84
1772813370531 378415.1927083019 85
1772813380466 279071.12096743425 86
1772813390363 380411.91922800284 87
1772813400325 378246.3509930719 88
1772813410234 380483.9934624995 89
1772813423579 385521.9867807045 90
1772813433506 279429.4329818534 91
1772813443500 376353.86384435045 92
1772813453595 378232.2757976002 93
1772813463576 373617.9689136337 94
1772813477019 380396.507893707 95
1772813486992 278846.9991107366 96
1772813496941 378775.4560441655 97
1772813506713 384648.81794146926 98
1772813516681 378262.41925228643 99
1772813530164 378257.9906975493 100
