1772812359819 0.0 1
1772812369860 0.0 2
1772812379417 0.0 3
1772812388883 0.0 4
1772812404576 0.0 5
1772812414031 0.0 6
1772812423596 0.0 7
1772812432991 0.0 8
1772812442476 0.0 9
1772812455466 0.0 10
1772812464927 0.0 11
1772812474249 0.0 12
1772812483603 0.0 13
1772812493010 0.0 14
1772812505971 0.0 15
1772812515365 0.0 16
1772812524763 0.0 17
1772812534177 0.0 18
1772812543514 0.0 19
1772812556265 0.0 20
1772812579161 0.0 21
1772812589578 0.0 22
1772812600145 0.0 23
1772812610071 0.0 24
1772812626159 0.0 25
1772812636091 0.0 26
1772812646083 0.0 27
1772812656019 0.0 28
1772812665895 0.0 29
1772812679702 0.0 30
1772812696713 0.0 21
1772812706700 0.0 22
1772812716613 0.0 23
1772812726420 0.0 24
1772812742220 0.0 25
1772812752138 0.0 26
1772812762117 0.0 27
1772812772107 0.0 28
1772812781973 0.0 29
1772812795520 0.0 30
1772812812362 0.0 31
1772812822220 0.0 32
1772812832052 0.0 33
1772812841946 0.0 34
1772812857720 0.0 35
1772812867634 0.0 36
1772812877504 0.0 37
1772812887730 0.0 38
1772812897946 0.0 39
1772812911753 0.0 40
1772812929380 0.0 41
1772812939454 0.0 42
1772812949596 0.0 43
1772812959848 0.0 44
1772812976069 0.0 45
1772812986301 0.0 46
1772812996552 0.0 47
1772813006812 0.0 48
1772813017047 0.0 49
1772813030815 0.0 50
1772813048087 0.0 51
1772813058182 0.0 52
1772813068343 0.0 53
1772813078569 0.0 54
1772813094506 0.0 55
1772813104438 0.0 56
1772813114575 0.0 57
1772813124640 0.0 58
1772813134602 0.0 59
1772813148099 0.0 60
1772813158048 0.0 61
1772813167959 0.0 62
1772813177855 0.0 63
1772813187822 0.0 64
1772813201279 0.0 65
1772813211213 0.0 66
1772813221307 0.0 67
1772813231295 0.0 68
1772813241269 0.0 69
1772813254843 0.0 70
1772813271180 0.0 71
1772813281181 0.0 72
1772813291072 0.0 73
1772813300929 0.0 74
1772813316682 0.0 75
1772813326593 0.0 76
1772813336574 0.0 77
1772813346507 0.0 78
1772813356406 0.0 79
1772813369924 0.0 80
1772813386416 0.0 81
1772813396358 0.0 82
1772813406262 0.0 83
1772813416134 0.0 84
1772813431844 0.0 85
1772813441832 0.0 86
1772813451754 0.0 87
1772813461797 0.0 88
1772813471720 0.0 89
1772813485180 0.0 90
1772813495156 0.0 91
1772813505044 0.0 92
1772813514979 0.0 93
1772813524945 0.0 94
1772813537811 0.0 95
1772813547120 0.0 96
1772813556536 0.0 97
1772813565819 0.0 98
1772813575366 0.0 99
1772813588387 0.0 100
