1772812359820 0.0 1
1772812369861 0.0 2
1772812379418 0.0 3
1772812388883 0.0 4
1772812404577 0.0 5
1772812414032 0.0 6
1772812423597 0.0 7
1772812432992 0.0 8
1772812442477 0.0 9
1772812455471 0.0 10
1772812464928 0.0 11
1772812474250 0.0 12
1772812483604 0.0 13
1772812493011 0.0 14
1772812505972 0.0 15
1772812515366 0.0 16
1772812524764 0.0 17
1772812534178 0.0 18
1772812543515 0.0 19
1772812556266 0.0 20
1772812579162 0.0 21
1772812589579 0.0 22
1772812600146 0.0 23
1772812610072 0.0 24
1772812626159 0.0 25
1772812636092 0.0 26
1772812646084 0.0 27
1772812656020 0.0 28
1772812665895 0.0 29
1772812679703 0.0 30
1772812696714 0.0 21
1772812706701 0.0 22
1772812716614 0.0 23
1772812726420 0.0 24
1772812742221 0.0 25
1772812752139 0.0 26
1772812762118 0.0 27
1772812772107 0.0 28
1772812781974 0.0 29
1772812795521 0.0 30
1772812812363 0.0 31
1772812822221 0.0 32
1772812832053 0.0 33
1772812841947 0.0 34
1772812857721 0.0 35
1772812867634 0.0 36
1772812877505 0.0 37
1772812887731 0.0 38
1772812897947 0.0 39
1772812911753 0.0 40
1772812929380 0.0 41
1772812939455 0.0 42
1772812949597 0.0 43
1772812959849 0.0 44
1772812976070 0.0 45
1772812986302 0.0 46
1772812996553 0.0 47
1772813006813 0.0 48
1772813017048 0.0 49
1772813030816 0.0 50
1772813048088 0.0 51
1772813058183 0.0 52
1772813068343 0.0 53
1772813078570 0.0 54
1772813094507 0.0 55
1772813104438 0.0 56
1772813114576 0.0 57
1772813124641 0.0 58
1772813134603 0.0 59
1772813148100 0.0 60
1772813158049 0.0 61
1772813167960 0.0 62
1772813177856 0.0 63
1772813187823 0.0 64
1772813201280 0.0 65
1772813211214 0.0 66
1772813221307 0.0 67
1772813231295 0.0 68
1772813241270 0.0 69
1772813254844 0.0 70
1772813271181 0.0 71
1772813281182 0.0 72
1772813291073 0.0 73
1772813300930 0.0 74
1772813316683 0.0 75
1772813326594 0.0 76
1772813336575 0.0 77
1772813346508 0.0 78
1772813356407 0.0 79
1772813369924 0.0 80
1772813386417 0.0 81
1772813396359 0.0 82
1772813406263 0.0 83
1772813416134 0.0 84
1772813431845 0.0 85
1772813441833 0.0 86
1772813451755 0.0 87
1772813461798 0.0 88
1772813471720 0.0 89
1772813485181 0.0 90
1772813495157 0.0 91
1772813505044 0.0 92
1772813514980 0.0 93
1772813524946 0.0 94
1772813537812 0.0 95
1772813547121 0.0 96
1772813556536 0.0 97
1772813565820 0.0 98
1772813575367 0.0 99
1772813588388 0.0 100
