1772812359823 -1.0 1
1772812369863 -1.0 2
1772812379420 -1.0 3
1772812388886 -1.0 4
1772812404579 -1.0 5
1772812414034 -1.0 6
1772812423599 -1.0 7
1772812432994 -1.0 8
1772812442480 -1.0 9
1772812455474 -1.0 10
1772812464930 -1.0 11
1772812474252 -1.0 12
1772812483606 -1.0 13
1772812493013 -1.0 14
1772812505974 -1.0 15
1772812515369 -1.0 16
1772812524766 -1.0 17
1772812534181 -1.0 18
1772812543518 -1.0 19
1772812556268 -1.0 20
1772812579165 -1.0 21
1772812589581 -1.0 22
1772812600148 -1.0 23
1772812610075 -1.0 24
1772812626162 -1.0 25
1772812636094 -1.0 26
1772812646086 -1.0 27
1772812656022 -1.0 28
1772812665898 -1.0 29
1772812679705 -1.0 30
1772812696716 -1.0 21
1772812706703 -1.0 22
1772812716617 -1.0 23
1772812726423 -1.0 24
1772812742223 -1.0 25
1772812752141 -1.0 26
1772812762120 -1.0 27
1772812772110 -1.0 28
1772812781976 -1.0 29
1772812795523 -1.0 30
1772812812365 -1.0 31
1772812822223 -1.0 32
1772812832055 -1.0 33
1772812841949 -1.0 34
1772812857723 -1.0 35
1772812867637 -1.0 36
1772812877507 -1.0 37
1772812887733 -1.0 38
1772812897951 -1.0 39
1772812911756 -1.0 40
1772812929383 -1.0 41
1772812939457 -1.0 42
1772812949599 -1.0 43
1772812959852 -1.0 44
1772812976072 -1.0 45
1772812986304 -1.0 46
1772812996555 -1.0 47
1772813006815 -1.0 48
1772813017051 -1.0 49
1772813030818 -1.0 50
1772813048090 -1.0 51
1772813058185 -1.0 52
1772813068346 -1.0 53
1772813078572 -1.0 54
1772813094509 -1.0 55
1772813104441 -1.0 56
1772813114578 -1.0 57
1772813124644 -1.0 58
1772813134606 -1.0 59
1772813148103 -1.0 60
1772813158051 -1.0 61
1772813167963 -1.0 62
1772813177859 -1.0 63
1772813187825 -1.0 64
1772813201282 -1.0 65
1772813211217 -1.0 66
1772813221310 -1.0 67
1772813231298 -1.0 68
1772813241272 -1.0 69
1772813254846 -1.0 70
1772813271183 -1.0 71
1772813281184 -1.0 72
1772813291075 -1.0 73
1772813300932 -1.0 74
1772813316685 -1.0 75
1772813326596 -1.0 76
1772813336577 -1.0 77
1772813346510 -1.0 78
1772813356409 -1.0 79
1772813369927 -1.0 80
1772813386419 -1.0 81
1772813396361 -1.0 82
1772813406265 -1.0 83
1772813416137 -1.0 84
1772813431847 -1.0 85
1772813441836 -1.0 86
1772813451757 -1.0 87
1772813461801 -1.0 88
1772813471723 -1.0 89
1772813485184 -1.0 90
1772813495159 -1.0 91
1772813505047 -1.0 92
1772813514982 -1.0 93
1772813524949 -1.0 94
1772813537814 -1.0 95
1772813547123 -1.0 96
1772813556539 -1.0 97
1772813565822 -1.0 98
1772813575369 -1.0 99
1772813588390 -1.0 100
