1772812359786 0.0 1
1772812369828 0.0 2
1772812379386 0.0 3
1772812388853 0.0 4
1772812404541 0.0 5
1772812414001 0.0 6
1772812423563 0.0 7
1772812432961 0.0 8
1772812442440 0.0 9
1772812455413 0.0 10
1772812464895 0.0 11
1772812474215 0.0 12
1772812483574 0.0 13
1772812492975 0.0 14
1772812505934 0.0 15
1772812515333 0.0 16
1772812524727 0.0 17
1772812534147 0.0 18
1772812543480 0.0 19
1772812556232 0.0 20
1772812579132 0.0 21
1772812589548 0.0 22
1772812600116 0.0 23
1772812610042 0.0 24
1772812626129 0.0 25
1772812636062 0.0 26
1772812646054 0.0 27
1772812655991 0.0 28
1772812665866 0.0 29
1772812679668 0.0 30
1772812696685 0.0 21
1772812706670 0.0 22
1772812716584 0.0 23
1772812726392 0.0 24
1772812742191 0.0 25
1772812752106 0.0 26
1772812762088 0.0 27
1772812772074 0.0 28
1772812781945 0.0 29
1772812795490 0.0 30
1772812812333 0.0 31
1772812822188 0.0 32
1772812832024 0.0 33
1772812841917 0.0 34
1772812857692 0.0 35
1772812867601 0.0 36
1772812877475 0.0 37
1772812887695 0.0 38
1772812897915 0.0 39
1772812911724 0.0 40
1772812929350 0.0 41
1772812939425 0.0 42
1772812949563 0.0 43
1772812959813 0.0 44
1772812976037 0.0 45
1772812986271 0.0 46
1772812996518 0.0 47
1772813006781 0.0 48
1772813017014 0.0 49
1772813030785 0.0 50
1772813048059 0.0 51
1772813058153 0.0 52
1772813068313 0.0 53
1772813078539 0.0 54
1772813094477 0.0 55
1772813104403 0.0 56
1772813114546 0.0 57
1772813124606 0.0 58
1772813134572 0.0 59
1772813148054 0.0 60
1772813158013 0.0 61
1772813167928 0.0 62
1772813177822 0.0 63
1772813187791 0.0 64
1772813201251 0.0 65
1772813211179 0.0 66
1772813221275 0.0 67
1772813231261 0.0 68
1772813241237 0.0 69
1772813254814 0.0 70
1772813271147 0.0 71
1772813281152 0.0 72
1772813291039 0.0 73
1772813300901 0.0 74
1772813316653 0.0 75
1772813326564 0.0 76
1772813336546 0.0 77
1772813346478 0.0 78
1772813356378 0.0 79
1772813369895 0.0 80
1772813386387 0.0 81
1772813396325 0.0 82
1772813406233 0.0 83
1772813416101 0.0 84
1772813431816 0.0 85
1772813441800 0.0 86
1772813451725 0.0 87
1772813461764 0.0 88
1772813471691 0.0 89
1772813485149 0.0 90
1772813495127 0.0 91
1772813505015 0.0 92
1772813514949 0.0 93
1772813524916 0.0 94
1772813537784 0.0 95
1772813547093 0.0 96
1772813556508 0.0 97
1772813565792 0.0 98
1772813575335 0.0 99
1772813588360 0.0 100
