1772812359795 1.0 1
1772812369837 1.0 2
1772812379395 1.0 3
1772812388861 1.0 4
1772812404549 1.0 5
1772812414008 1.0 6
1772812423570 1.0 7
1772812432969 1.0 8
1772812442448 1.0 9
1772812455426 1.0 10
1772812464903 1.0 11
1772812474223 1.0 12
1772812483582 1.0 13
1772812492983 1.0 14
1772812505942 1.0 15
1772812515341 1.0 16
1772812524737 1.0 17
1772812534155 1.0 18
1772812543488 1.0 19
1772812556239 1.0 20
1772812579140 1.0 21
1772812589556 1.0 22
1772812600124 1.0 23
1772812610050 1.0 24
1772812626137 1.0 25
1772812636070 1.0 26
1772812646061 1.0 27
1772812655998 1.0 28
1772812665874 1.0 29
1772812679677 1.0 30
1772812696692 1.0 21
1772812706679 1.0 22
1772812716592 1.0 23
1772812726399 1.0 24
1772812742199 1.0 25
1772812752114 1.0 26
1772812762096 1.0 27
1772812772082 1.0 28
1772812781952 1.0 29
1772812795498 1.0 30
1772812812340 1.0 31
1772812822195 1.0 32
1772812832031 1.0 33
1772812841924 1.0 34
1772812857699 1.0 35
1772812867609 1.0 36
1772812877483 1.0 37
1772812887702 1.0 38
1772812897924 1.0 39
1772812911731 1.0 40
1772812929358 1.0 41
1772812939432 1.0 42
1772812949571 1.0 43
1772812959821 1.0 44
1772812976045 1.0 45
1772812986279 1.0 46
1772812996525 1.0 47
1772813006790 1.0 48
1772813017022 1.0 49
1772813030793 1.0 50
1772813048067 1.0 51
1772813058161 1.0 52
1772813068321 1.0 53
1772813078547 1.0 54
1772813094485 1.0 55
1772813104411 1.0 56
1772813114553 1.0 57
1772813124614 1.0 58
1772813134580 1.0 59
1772813148063 1.0 60
1772813158022 1.0 61
1772813167937 1.0 62
1772813177830 1.0 63
1772813187799 1.0 64
1772813201258 1.0 65
1772813211188 1.0 66
1772813221283 1.0 67
1772813231268 1.0 68
1772813241246 1.0 69
1772813254821 1.0 70
1772813271154 1.0 71
1772813281160 1.0 72
1772813291046 1.0 73
1772813300908 1.0 74
1772813316661 1.0 75
1772813326572 1.0 76
1772813336553 1.0 77
1772813346485 1.0 78
1772813356385 1.0 79
1772813369903 1.0 80
1772813386395 1.0 81
1772813396333 1.0 82
1772813406241 1.0 83
1772813416108 1.0 84
1772813431823 1.0 85
1772813441808 1.0 86
1772813451733 1.0 87
1772813461771 1.0 88
1772813471699 1.0 89
1772813485157 1.0 90
1772813495134 1.0 91
1772813505023 1.0 92
1772813514957 1.0 93
1772813524924 1.0 94
1772813537791 1.0 95
1772813547100 1.0 96
1772813556515 1.0 97
1772813565799 1.0 98
1772813575344 1.0 99
1772813588367 1.0 100
