1772812359818 0.0 1
1772812369859 0.0 2
1772812379416 0.0 3
1772812388882 0.0 4
1772812404575 0.0 5
1772812414031 0.0 6
1772812423596 0.0 7
1772812432990 0.0 8
1772812442476 0.0 9
1772812455463 0.0 10
1772812464926 0.0 11
1772812474249 0.0 12
1772812483603 0.0 13
1772812493010 0.0 14
1772812505970 0.0 15
1772812515365 0.0 16
1772812524762 0.0 17
1772812534177 0.0 18
1772812543514 0.0 19
1772812556265 0.0 20
1772812579161 0.0 21
1772812589578 0.0 22
1772812600145 0.0 23
1772812610071 0.0 24
1772812626158 0.0 25
1772812636090 0.0 26
1772812646082 0.0 27
1772812656019 0.0 28
1772812665894 0.0 29
1772812679702 0.0 30
1772812696713 0.0 21
1772812706700 0.0 22
1772812716613 0.0 23
1772812726419 0.0 24
1772812742220 0.0 25
1772812752138 0.0 26
1772812762116 0.0 27
1772812772106 0.0 28
1772812781973 0.0 29
1772812795520 0.0 30
1772812812361 0.0 31
1772812822219 0.0 32
1772812832051 0.0 33
1772812841945 0.0 34
1772812857720 0.0 35
1772812867633 0.0 36
1772812877503 0.0 37
1772812887729 0.0 38
1772812897946 0.0 39
1772812911752 0.0 40
1772812929379 0.0 41
1772812939454 0.0 42
1772812949595 0.0 43
1772812959848 0.0 44
1772812976069 0.0 45
1772812986300 0.0 46
1772812996552 0.0 47
1772813006811 0.0 48
1772813017047 0.0 49
1772813030814 0.0 50
1772813048087 0.0 51
1772813058181 0.0 52
1772813068342 0.0 53
1772813078568 0.0 54
1772813094506 0.0 55
1772813104437 0.0 56
1772813114574 0.0 57
1772813124640 0.0 58
1772813134602 0.0 59
1772813148099 0.0 60
1772813158048 0.0 61
1772813167959 0.0 62
1772813177855 0.0 63
1772813187821 0.0 64
1772813201279 0.0 65
1772813211212 0.0 66
1772813221306 0.0 67
1772813231294 0.0 68
1772813241268 0.0 69
1772813254842 0.0 70
1772813271180 0.0 71
1772813281180 0.0 72
1772813291071 0.0 73
1772813300929 0.0 74
1772813316682 0.0 75
1772813326592 0.0 76
1772813336574 0.0 77
1772813346506 0.0 78
1772813356405 0.0 79
1772813369923 0.0 80
1772813386416 0.0 81
1772813396358 0.0 82
1772813406261 0.0 83
1772813416133 0.0 84
1772813431844 0.0 85
1772813441832 0.0 86
1772813451754 0.0 87
1772813461797 0.0 88
1772813471719 0.0 89
1772813485179 0.0 90
1772813495155 0.0 91
1772813505043 0.0 92
1772813514978 0.0 93
1772813524945 0.0 94
1772813537811 0.0 95
1772813547120 0.0 96
1772813556535 0.0 97
1772813565819 0.0 98
1772813575365 0.0 99
1772813588387 0.0 100
