1772812359799 1.0 1
1772812369841 1.0 2
1772812379399 1.0 3
1772812388865 1.0 4
1772812404553 1.0 5
1772812414012 1.0 6
1772812423574 1.0 7
1772812432972 1.0 8
1772812442452 1.0 9
1772812455430 1.0 10
1772812464907 1.0 11
1772812474227 1.0 12
1772812483585 1.0 13
1772812492987 1.0 14
1772812505946 1.0 15
1772812515345 1.0 16
1772812524740 1.0 17
1772812534159 1.0 18
1772812543492 1.0 19
1772812556243 1.0 20
1772812579144 1.0 21
1772812589561 1.0 22
1772812600128 1.0 23
1772812610054 1.0 24
1772812626141 1.0 25
1772812636073 1.0 26
1772812646065 1.0 27
1772812656002 1.0 28
1772812665877 1.0 29
1772812679680 1.0 30
1772812696696 1.0 21
1772812706682 1.0 22
1772812716596 1.0 23
1772812726403 1.0 24
1772812742202 1.0 25
1772812752117 1.0 26
1772812762099 1.0 27
1772812772086 1.0 28
1772812781956 1.0 29
1772812795502 1.0 30
1772812812344 1.0 31
1772812822199 1.0 32
1772812832035 1.0 33
1772812841928 1.0 34
1772812857703 1.0 35
1772812867612 1.0 36
1772812877486 1.0 37
1772812887706 1.0 38
1772812897928 1.0 39
1772812911735 1.0 40
1772812929362 1.0 41
1772812939435 1.0 42
1772812949574 1.0 43
1772812959824 1.0 44
1772812976048 1.0 45
1772812986283 1.0 46
1772812996529 1.0 47
1772813006794 1.0 48
1772813017026 1.0 49
1772813030797 1.0 50
1772813048070 1.0 51
1772813058164 1.0 52
1772813068324 1.0 53
1772813078550 1.0 54
1772813094488 1.0 55
1772813104415 1.0 56
1772813114557 1.0 57
1772813124618 1.0 58
1772813134583 1.0 59
1772813148067 1.0 60
1772813158026 1.0 61
1772813167941 1.0 62
1772813177833 1.0 63
1772813187802 1.0 64
1772813201262 1.0 65
1772813211191 1.0 66
1772813221287 1.0 67
1772813231272 1.0 68
1772813241250 1.0 69
1772813254825 1.0 70
1772813271158 1.0 71
1772813281163 1.0 72
1772813291050 1.0 73
1772813300911 1.0 74
1772813316664 1.0 75
1772813326575 1.0 76
1772813336557 1.0 77
1772813346489 1.0 78
1772813356389 1.0 79
1772813369906 1.0 80
1772813386399 1.0 81
1772813396336 1.0 82
1772813406244 1.0 83
1772813416112 1.0 84
1772813431827 1.0 85
1772813441811 1.0 86
1772813451736 1.0 87
1772813461775 1.0 88
1772813471702 1.0 89
1772813485161 1.0 90
1772813495138 1.0 91
1772813505026 1.0 92
1772813514961 1.0 93
1772813524928 1.0 94
1772813537795 1.0 95
1772813547103 1.0 96
1772813556518 1.0 97
1772813565802 1.0 98
1772813575348 1.0 99
1772813588370 1.0 100
