1772812359826 0.3 1
1772812369866 0.3 2
1772812379423 0.3 3
1772812388889 0.3 4
1772812404582 0.3 5
1772812414037 0.3 6
1772812423602 0.3 7
1772812432998 0.3 8
1772812442483 0.3 9
1772812455477 0.3 10
1772812464933 0.3 11
1772812474255 0.3 12
1772812483609 0.3 13
1772812493016 0.3 14
1772812505977 0.3 15
1772812515372 0.3 16
1772812524769 0.3 17
1772812534183 0.3 18
1772812543520 0.3 19
1772812556271 0.3 20
1772812579167 0.3 21
1772812589584 0.3 22
1772812600151 0.3 23
1772812610077 0.3 24
1772812626165 0.3 25
1772812636097 0.3 26
1772812646089 0.3 27
1772812656025 0.3 28
1772812665901 0.3 29
1772812679708 0.3 30
1772812696719 0.3 21
1772812706706 0.3 22
1772812716620 0.3 23
1772812726425 0.3 24
1772812742226 0.3 25
1772812752144 0.3 26
1772812762123 0.3 27
1772812772112 0.3 28
1772812781979 0.3 29
1772812795526 0.3 30
1772812812368 0.3 31
1772812822226 0.3 32
1772812832058 0.3 33
1772812841952 0.3 34
1772812857726 0.3 35
1772812867639 0.3 36
1772812877510 0.3 37
1772812887736 0.3 38
1772812897953 0.3 39
1772812911758 0.3 40
1772812929385 0.3 41
1772812939460 0.3 42
1772812949602 0.3 43
1772812959854 0.3 44
1772812976075 0.3 45
1772812986307 0.3 46
1772812996558 0.3 47
1772813006818 0.3 48
1772813017053 0.3 49
1772813030821 0.3 50
1772813048093 0.3 51
1772813058188 0.3 52
1772813068349 0.3 53
1772813078575 0.3 54
1772813094512 0.3 55
1772813104444 0.3 56
1772813114581 0.3 57
1772813124647 0.3 58
1772813134608 0.3 59
1772813148106 0.3 60
1772813158054 0.3 61
1772813167965 0.3 62
1772813177862 0.3 63
1772813187828 0.3 64
1772813201285 0.3 65
1772813211220 0.3 66
1772813221313 0.3 67
1772813231301 0.3 68
1772813241275 0.3 69
1772813254849 0.3 70
1772813271186 0.3 71
1772813281187 0.3 72
1772813291078 0.3 73
1772813300935 0.3 74
1772813316688 0.3 75
1772813326599 0.3 76
1772813336580 0.3 77
1772813346513 0.3 78
1772813356412 0.3 79
1772813369929 0.3 80
1772813386422 0.3 81
1772813396364 0.3 82
1772813406268 0.3 83
1772813416140 0.3 84
1772813431850 0.3 85
1772813441838 0.3 86
1772813451760 0.3 87
1772813461803 0.3 88
1772813471725 0.3 89
1772813485187 0.3 90
1772813495162 0.3 91
1772813505050 0.3 92
1772813514985 0.3 93
1772813524952 0.3 94
1772813537817 0.3 95
1772813547126 0.3 96
1772813556541 0.3 97
1772813565825 0.3 98
1772813575373 0.3 99
1772813588393 0.3 100
