1772812359827 0.0 1
1772812369867 0.0 2
1772812379425 0.0 3
1772812388890 0.0 4
1772812404583 0.0 5
1772812414038 0.0 6
1772812423603 0.0 7
1772812432999 0.0 8
1772812442484 0.0 9
1772812455479 0.0 10
1772812464934 0.0 11
1772812474257 0.0 12
1772812483610 0.0 13
1772812493018 0.0 14
1772812505978 0.0 15
1772812515373 0.0 16
1772812524770 0.0 17
1772812534185 0.0 18
1772812543522 0.0 19
1772812556272 0.0 20
1772812579169 0.0 21
1772812589585 0.0 22
1772812600152 0.0 23
1772812610079 0.0 24
1772812626166 0.0 25
1772812636098 0.0 26
1772812646090 0.0 27
1772812656027 0.0 28
1772812665902 0.0 29
1772812679709 0.0 30
1772812696720 0.0 21
1772812706707 0.0 22
1772812716621 0.0 23
1772812726427 0.0 24
1772812742227 0.0 25
1772812752145 0.0 26
1772812762124 0.0 27
1772812772114 0.0 28
1772812781980 0.0 29
1772812795528 0.0 30
1772812812369 0.0 31
1772812822227 0.0 32
1772812832060 0.0 33
1772812841953 0.0 34
1772812857727 0.0 35
1772812867641 0.0 36
1772812877511 0.0 37
1772812887738 0.0 38
1772812897955 0.0 39
1772812911760 0.0 40
1772812929387 0.0 41
1772812939461 0.0 42
1772812949603 0.0 43
1772812959856 0.0 44
1772812976076 0.0 45
1772812986308 0.0 46
1772812996560 0.0 47
1772813006819 0.0 48
1772813017055 0.0 49
1772813030822 0.0 50
1772813048095 0.0 51
1772813058189 0.0 52
1772813068350 0.0 53
1772813078576 0.0 54
1772813094513 0.0 55
1772813104445 0.0 56
1772813114582 0.0 57
1772813124649 0.0 58
1772813134610 0.0 59
1772813148108 0.0 60
1772813158055 0.0 61
1772813167967 0.0 62
1772813177863 0.0 63
1772813187829 0.0 64
1772813201287 0.0 65
1772813211221 0.0 66
1772813221314 0.0 67
1772813231302 0.0 68
1772813241276 0.0 69
1772813254850 0.0 70
1772813271188 0.0 71
1772813281188 0.0 72
1772813291079 0.0 73
1772813300937 0.0 74
1772813316689 0.0 75
1772813326600 0.0 76
1772813336581 0.0 77
1772813346514 0.0 78
1772813356413 0.0 79
1772813369931 0.0 80
1772813386423 0.0 81
1772813396365 0.0 82
1772813406269 0.0 83
1772813416141 0.0 84
1772813431851 0.0 85
1772813441839 0.0 86
1772813451761 0.0 87
1772813461805 0.0 88
1772813471727 0.0 89
1772813485188 0.0 90
1772813495163 0.0 91
1772813505051 0.0 92
1772813514986 0.0 93
1772813524953 0.0 94
1772813537818 0.0 95
1772813547127 0.0 96
1772813556543 0.0 97
1772813565826 0.0 98
1772813575374 0.0 99
1772813588394 0.0 100
