1772812359817 60.0 1
1772812369858 60.0 2
1772812379415 60.0 3
1772812388881 60.0 4
1772812404574 60.0 5
1772812414029 60.0 6
1772812423594 60.0 7
1772812432989 60.0 8
1772812442474 60.0 9
1772812455460 60.0 10
1772812464925 60.0 11
1772812474247 60.0 12
1772812483601 60.0 13
1772812493008 60.0 14
1772812505968 60.0 15
1772812515363 60.0 16
1772812524761 60.0 17
1772812534175 60.0 18
1772812543512 60.0 19
1772812556263 60.0 20
1772812579160 60.0 21
1772812589576 60.0 22
1772812600143 60.0 23
1772812610069 60.0 24
1772812626156 60.0 25
1772812636089 60.0 26
1772812646081 60.0 27
1772812656017 60.0 28
1772812665893 60.0 29
1772812679700 60.0 30
1772812696711 60.0 21
1772812706698 60.0 22
1772812716611 60.0 23
1772812726417 60.0 24
1772812742218 60.0 25
1772812752136 60.0 26
1772812762115 60.0 27
1772812772105 60.0 28
1772812781971 60.0 29
1772812795518 60.0 30
1772812812360 60.0 31
1772812822218 60.0 32
1772812832050 60.0 33
1772812841943 60.0 34
1772812857718 60.0 35
1772812867632 60.0 36
1772812877502 60.0 37
1772812887728 60.0 38
1772812897944 60.0 39
1772812911751 60.0 40
1772812929377 60.0 41
1772812939452 60.0 42
1772812949594 60.0 43
1772812959846 60.0 44
1772812976067 60.0 45
1772812986299 60.0 46
1772812996550 60.0 47
1772813006810 60.0 48
1772813017045 60.0 49
1772813030813 60.0 50
1772813048086 60.0 51
1772813058180 60.0 52
1772813068341 60.0 53
1772813078566 60.0 54
1772813094504 60.0 55
1772813104435 60.0 56
1772813114573 60.0 57
1772813124638 60.0 58
1772813134600 60.0 59
1772813148097 60.0 60
1772813158046 60.0 61
1772813167957 60.0 62
1772813177853 60.0 63
1772813187820 60.0 64
1772813201277 60.0 65
1772813211209 60.0 66
1772813221304 60.0 67
1772813231293 60.0 68
1772813241266 60.0 69
1772813254841 60.0 70
1772813271178 60.0 71
1772813281179 60.0 72
1772813291070 60.0 73
1772813300927 60.0 74
1772813316680 60.0 75
1772813326591 60.0 76
1772813336572 60.0 77
1772813346505 60.0 78
1772813356404 60.0 79
1772813369922 60.0 80
1772813386414 60.0 81
1772813396356 60.0 82
1772813406260 60.0 83
1772813416132 60.0 84
1772813431842 60.0 85
1772813441830 60.0 86
1772813451752 60.0 87
1772813461795 60.0 88
1772813471717 60.0 89
1772813485178 60.0 90
1772813495154 60.0 91
1772813505042 60.0 92
1772813514977 60.0 93
1772813524944 60.0 94
1772813537809 60.0 95
1772813547118 60.0 96
1772813556533 60.0 97
1772813565817 60.0 98
1772813575364 60.0 99
1772813588385 60.0 100
