1772812359787 1.0 1
1772812369829 1.0 2
1772812379386 1.0 3
1772812388853 1.0 4
1772812404542 1.0 5
1772812414001 1.0 6
1772812423563 1.0 7
1772812432962 1.0 8
1772812442441 1.0 9
1772812455414 1.0 10
1772812464895 1.0 11
1772812474216 1.0 12
1772812483574 1.0 13
1772812492975 1.0 14
1772812505934 1.0 15
1772812515334 1.0 16
1772812524727 1.0 17
1772812534148 1.0 18
1772812543481 1.0 19
1772812556233 1.0 20
1772812579133 1.0 21
1772812589549 1.0 22
1772812600116 1.0 23
1772812610043 1.0 24
1772812626130 1.0 25
1772812636063 1.0 26
1772812646054 1.0 27
1772812655991 1.0 28
1772812665866 1.0 29
1772812679669 1.0 30
1772812696685 1.0 21
1772812706670 1.0 22
1772812716585 1.0 23
1772812726392 1.0 24
1772812742192 1.0 25
1772812752106 1.0 26
1772812762088 1.0 27
1772812772075 1.0 28
1772812781945 1.0 29
1772812795491 1.0 30
1772812812334 1.0 31
1772812822188 1.0 32
1772812832025 1.0 33
1772812841917 1.0 34
1772812857692 1.0 35
1772812867602 1.0 36
1772812877476 1.0 37
1772812887695 1.0 38
1772812897916 1.0 39
1772812911724 1.0 40
1772812929351 1.0 41
1772812939425 1.0 42
1772812949564 1.0 43
1772812959814 1.0 44
1772812976038 1.0 45
1772812986272 1.0 46
1772812996518 1.0 47
1772813006782 1.0 48
1772813017015 1.0 49
1772813030785 1.0 50
1772813048060 1.0 51
1772813058154 1.0 52
1772813068314 1.0 53
1772813078540 1.0 54
1772813094477 1.0 55
1772813104403 1.0 56
1772813114546 1.0 57
1772813124607 1.0 58
1772813134572 1.0 59
1772813148054 1.0 60
1772813158014 1.0 61
1772813167928 1.0 62
1772813177823 1.0 63
1772813187791 1.0 64
1772813201251 1.0 65
1772813211179 1.0 66
1772813221276 1.0 67
1772813231261 1.0 68
1772813241238 1.0 69
1772813254814 1.0 70
1772813271147 1.0 71
1772813281153 1.0 72
1772813291040 1.0 73
1772813300901 1.0 74
1772813316654 1.0 75
1772813326565 1.0 76
1772813336546 1.0 77
1772813346478 1.0 78
1772813356378 1.0 79
1772813369896 1.0 80
1772813386388 1.0 81
1772813396326 1.0 82
1772813406234 1.0 83
1772813416102 1.0 84
1772813431816 1.0 85
1772813441801 1.0 86
1772813451726 1.0 87
1772813461764 1.0 88
1772813471691 1.0 89
1772813485150 1.0 90
1772813495128 1.0 91
1772813505016 1.0 92
1772813514950 1.0 93
1772813524917 1.0 94
1772813537784 1.0 95
1772813547093 1.0 96
1772813556508 1.0 97
1772813565792 1.0 98
1772813575336 1.0 99
1772813588360 1.0 100
