1772812359787 20.0 1
1772812369829 20.0 2
1772812379387 20.0 3
1772812388854 20.0 4
1772812404542 20.0 5
1772812414001 20.0 6
1772812423563 20.0 7
1772812432962 20.0 8
1772812442441 20.0 9
1772812455414 20.0 10
1772812464895 20.0 11
1772812474216 20.0 12
1772812483574 20.0 13
1772812492976 20.0 14
1772812505935 20.0 15
1772812515334 20.0 16
1772812524728 20.0 17
1772812534148 20.0 18
1772812543481 20.0 19
1772812556233 20.0 20
1772812579133 20.0 21
1772812589549 20.0 22
1772812600117 20.0 23
1772812610043 20.0 24
1772812626130 20.0 25
1772812636063 20.0 26
1772812646055 20.0 27
1772812655992 20.0 28
1772812665867 20.0 29
1772812679669 20.0 30
1772812696685 20.0 21
1772812706671 20.0 22
1772812716585 20.0 23
1772812726392 20.0 24
1772812742192 20.0 25
1772812752107 20.0 26
1772812762089 20.0 27
1772812772075 20.0 28
1772812781945 20.0 29
1772812795491 20.0 30
1772812812334 20.0 31
1772812822189 20.0 32
1772812832025 20.0 33
1772812841918 20.0 34
1772812857692 20.0 35
1772812867602 20.0 36
1772812877476 20.0 37
1772812887695 20.0 38
1772812897916 20.0 39
1772812911725 20.0 40
1772812929351 20.0 41
1772812939425 20.0 42
1772812949564 20.0 43
1772812959814 20.0 44
1772812976038 20.0 45
1772812986272 20.0 46
1772812996519 20.0 47
1772813006782 20.0 48
1772813017015 20.0 49
1772813030786 20.0 50
1772813048060 20.0 51
1772813058154 20.0 52
1772813068314 20.0 53
1772813078540 20.0 54
1772813094477 20.0 55
1772813104403 20.0 56
1772813114547 20.0 57
1772813124607 20.0 58
1772813134572 20.0 59
1772813148055 20.0 60
1772813158014 20.0 61
1772813167929 20.0 62
1772813177823 20.0 63
1772813187792 20.0 64
1772813201251 20.0 65
1772813211180 20.0 66
1772813221276 20.0 67
1772813231261 20.0 68
1772813241238 20.0 69
1772813254815 20.0 70
1772813271147 20.0 71
1772813281153 20.0 72
1772813291040 20.0 73
1772813300901 20.0 74
1772813316654 20.0 75
1772813326565 20.0 76
1772813336546 20.0 77
1772813346478 20.0 78
1772813356379 20.0 79
1772813369896 20.0 80
1772813386388 20.0 81
1772813396326 20.0 82
1772813406234 20.0 83
1772813416102 20.0 84
1772813431816 20.0 85
1772813441801 20.0 86
1772813451726 20.0 87
1772813461765 20.0 88
1772813471692 20.0 89
1772813485150 20.0 90
1772813495128 20.0 91
1772813505016 20.0 92
1772813514950 20.0 93
1772813524917 20.0 94
1772813537785 20.0 95
1772813547093 20.0 96
1772813556508 20.0 97
1772813565792 20.0 98
1772813575336 20.0 99
1772813588361 20.0 100
