1772812359800 1.0 1
1772812369842 1.0 2
1772812379400 1.0 3
1772812388866 1.0 4
1772812404553 1.0 5
1772812414013 1.0 6
1772812423574 1.0 7
1772812432973 1.0 8
1772812442453 1.0 9
1772812455431 1.0 10
1772812464907 1.0 11
1772812474227 1.0 12
1772812483586 1.0 13
1772812492988 1.0 14
1772812505947 1.0 15
1772812515346 1.0 16
1772812524741 1.0 17
1772812534159 1.0 18
1772812543493 1.0 19
1772812556244 1.0 20
1772812579144 1.0 21
1772812589561 1.0 22
1772812600128 1.0 23
1772812610054 1.0 24
1772812626141 1.0 25
1772812636074 1.0 26
1772812646065 1.0 27
1772812656002 1.0 28
1772812665878 1.0 29
1772812679681 1.0 30
1772812696696 1.0 21
1772812706683 1.0 22
1772812716596 1.0 23
1772812726403 1.0 24
1772812742203 1.0 25
1772812752118 1.0 26
1772812762100 1.0 27
1772812772086 1.0 28
1772812781956 1.0 29
1772812795503 1.0 30
1772812812344 1.0 31
1772812822199 1.0 32
1772812832035 1.0 33
1772812841928 1.0 34
1772812857703 1.0 35
1772812867613 1.0 36
1772812877487 1.0 37
1772812887707 1.0 38
1772812897929 1.0 39
1772812911735 1.0 40
1772812929362 1.0 41
1772812939436 1.0 42
1772812949575 1.0 43
1772812959825 1.0 44
1772812976049 1.0 45
1772812986283 1.0 46
1772812996530 1.0 47
1772813006794 1.0 48
1772813017026 1.0 49
1772813030797 1.0 50
1772813048071 1.0 51
1772813058165 1.0 52
1772813068325 1.0 53
1772813078551 1.0 54
1772813094489 1.0 55
1772813104415 1.0 56
1772813114557 1.0 57
1772813124618 1.0 58
1772813134584 1.0 59
1772813148068 1.0 60
1772813158026 1.0 61
1772813167942 1.0 62
1772813177834 1.0 63
1772813187803 1.0 64
1772813201262 1.0 65
1772813211192 1.0 66
1772813221288 1.0 67
1772813231272 1.0 68
1772813241250 1.0 69
1772813254826 1.0 70
1772813271158 1.0 71
1772813281164 1.0 72
1772813291051 1.0 73
1772813300912 1.0 74
1772813316665 1.0 75
1772813326576 1.0 76
1772813336557 1.0 77
1772813346489 1.0 78
1772813356389 1.0 79
1772813369907 1.0 80
1772813386399 1.0 81
1772813396337 1.0 82
1772813406245 1.0 83
1772813416112 1.0 84
1772813431827 1.0 85
1772813441812 1.0 86
1772813451736 1.0 87
1772813461776 1.0 88
1772813471703 1.0 89
1772813485161 1.0 90
1772813495139 1.0 91
1772813505027 1.0 92
1772813514961 1.0 93
1772813524928 1.0 94
1772813537795 1.0 95
1772813547104 1.0 96
1772813556519 1.0 97
1772813565803 1.0 98
1772813575349 1.0 99
1772813588371 1.0 100
