1772812359825 0.0 1
1772812369866 0.0 2
1772812379423 0.0 3
1772812388889 0.0 4
1772812404581 0.0 5
1772812414037 0.0 6
1772812423602 0.0 7
1772812432998 0.0 8
1772812442483 0.0 9
1772812455476 0.0 10
1772812464933 0.0 11
1772812474255 0.0 12
1772812483609 0.0 13
1772812493016 0.0 14
1772812505977 0.0 15
1772812515371 0.0 16
1772812524769 0.0 17
1772812534183 0.0 18
1772812543520 0.0 19
1772812556271 0.0 20
1772812579167 0.0 21
1772812589584 0.0 22
1772812600151 0.0 23
1772812610077 0.0 24
1772812626165 0.0 25
1772812636097 0.0 26
1772812646089 0.0 27
1772812656025 0.0 28
1772812665901 0.0 29
1772812679708 0.0 30
1772812696719 0.0 21
1772812706706 0.0 22
1772812716619 0.0 23
1772812726425 0.0 24
1772812742226 0.0 25
1772812752144 0.0 26
1772812762123 0.0 27
1772812772112 0.0 28
1772812781979 0.0 29
1772812795526 0.0 30
1772812812367 0.0 31
1772812822226 0.0 32
1772812832058 0.0 33
1772812841952 0.0 34
1772812857726 0.0 35
1772812867639 0.0 36
1772812877510 0.0 37
1772812887736 0.0 38
1772812897953 0.0 39
1772812911758 0.0 40
1772812929385 0.0 41
1772812939460 0.0 42
1772812949602 0.0 43
1772812959854 0.0 44
1772812976075 0.0 45
1772812986306 0.0 46
1772812996558 0.0 47
1772813006817 0.0 48
1772813017053 0.0 49
1772813030821 0.0 50
1772813048093 0.0 51
1772813058187 0.0 52
1772813068348 0.0 53
1772813078574 0.0 54
1772813094512 0.0 55
1772813104443 0.0 56
1772813114580 0.0 57
1772813124647 0.0 58
1772813134608 0.0 59
1772813148106 0.0 60
1772813158054 0.0 61
1772813167965 0.0 62
1772813177862 0.0 63
1772813187827 0.0 64
1772813201285 0.0 65
1772813211219 0.0 66
1772813221312 0.0 67
1772813231301 0.0 68
1772813241275 0.0 69
1772813254849 0.0 70
1772813271186 0.0 71
1772813281187 0.0 72
1772813291078 0.0 73
1772813300935 0.0 74
1772813316687 0.0 75
1772813326599 0.0 76
1772813336580 0.0 77
1772813346512 0.0 78
1772813356411 0.0 79
1772813369929 0.0 80
1772813386422 0.0 81
1772813396364 0.0 82
1772813406268 0.0 83
1772813416139 0.0 84
1772813431850 0.0 85
1772813441838 0.0 86
1772813451760 0.0 87
1772813461803 0.0 88
1772813471725 0.0 89
1772813485187 0.0 90
1772813495161 0.0 91
1772813505049 0.0 92
1772813514985 0.0 93
1772813524952 0.0 94
1772813537817 0.0 95
1772813547126 0.0 96
1772813556541 0.0 97
1772813565824 0.0 98
1772813575372 0.0 99
1772813588393 0.0 100
