1772812359818 1800.0 1
1772812369859 1800.0 2
1772812379416 1800.0 3
1772812388882 1800.0 4
1772812404575 1800.0 5
1772812414030 1800.0 6
1772812423595 1800.0 7
1772812432990 1800.0 8
1772812442475 1800.0 9
1772812455461 1800.0 10
1772812464926 1800.0 11
1772812474248 1800.0 12
1772812483602 1800.0 13
1772812493009 1800.0 14
1772812505969 1800.0 15
1772812515364 1800.0 16
1772812524762 1800.0 17
1772812534176 1800.0 18
1772812543513 1800.0 19
1772812556264 1800.0 20
1772812579160 1800.0 21
1772812589577 1800.0 22
1772812600144 1800.0 23
1772812610070 1800.0 24
1772812626158 1800.0 25
1772812636090 1800.0 26
1772812646082 1800.0 27
1772812656018 1800.0 28
1772812665894 1800.0 29
1772812679701 1800.0 30
1772812696712 1800.0 21
1772812706699 1800.0 22
1772812716612 1800.0 23
1772812726419 1800.0 24
1772812742219 1800.0 25
1772812752137 1800.0 26
1772812762116 1800.0 27
1772812772106 1800.0 28
1772812781972 1800.0 29
1772812795519 1800.0 30
1772812812361 1800.0 31
1772812822219 1800.0 32
1772812832051 1800.0 33
1772812841944 1800.0 34
1772812857719 1800.0 35
1772812867633 1800.0 36
1772812877503 1800.0 37
1772812887729 1800.0 38
1772812897945 1800.0 39
1772812911752 1800.0 40
1772812929379 1800.0 41
1772812939453 1800.0 42
1772812949595 1800.0 43
1772812959847 1800.0 44
1772812976068 1800.0 45
1772812986300 1800.0 46
1772812996551 1800.0 47
1772813006811 1800.0 48
1772813017046 1800.0 49
1772813030814 1800.0 50
1772813048087 1800.0 51
1772813058181 1800.0 52
1772813068342 1800.0 53
1772813078567 1800.0 54
1772813094505 1800.0 55
1772813104437 1800.0 56
1772813114574 1800.0 57
1772813124639 1800.0 58
1772813134601 1800.0 59
1772813148098 1800.0 60
1772813158047 1800.0 61
1772813167958 1800.0 62
1772813177854 1800.0 63
1772813187821 1800.0 64
1772813201278 1800.0 65
1772813211211 1800.0 66
1772813221306 1800.0 67
1772813231294 1800.0 68
1772813241268 1800.0 69
1772813254842 1800.0 70
1772813271179 1800.0 71
1772813281180 1800.0 72
1772813291071 1800.0 73
1772813300928 1800.0 74
1772813316681 1800.0 75
1772813326592 1800.0 76
1772813336573 1800.0 77
1772813346506 1800.0 78
1772813356405 1800.0 79
1772813369923 1800.0 80
1772813386415 1800.0 81
1772813396357 1800.0 82
1772813406261 1800.0 83
1772813416133 1800.0 84
1772813431843 1800.0 85
1772813441831 1800.0 86
1772813451753 1800.0 87
1772813461796 1800.0 88
1772813471719 1800.0 89
1772813485179 1800.0 90
1772813495155 1800.0 91
1772813505043 1800.0 92
1772813514978 1800.0 93
1772813524945 1800.0 94
1772813537810 1800.0 95
1772813547119 1800.0 96
1772813556535 1800.0 97
1772813565818 1800.0 98
1772813575365 1800.0 99
1772813588386 1800.0 100
