1772812359820 -1.0 1
1772812369861 -1.0 2
1772812379418 -1.0 3
1772812388884 -1.0 4
1772812404577 -1.0 5
1772812414032 -1.0 6
1772812423597 -1.0 7
1772812432992 -1.0 8
1772812442477 -1.0 9
1772812455471 -1.0 10
1772812464928 -1.0 11
1772812474250 -1.0 12
1772812483604 -1.0 13
1772812493011 -1.0 14
1772812505972 -1.0 15
1772812515367 -1.0 16
1772812524764 -1.0 17
1772812534178 -1.0 18
1772812543515 -1.0 19
1772812556266 -1.0 20
1772812579162 -1.0 21
1772812589579 -1.0 22
1772812600146 -1.0 23
1772812610072 -1.0 24
1772812626160 -1.0 25
1772812636092 -1.0 26
1772812646084 -1.0 27
1772812656020 -1.0 28
1772812665896 -1.0 29
1772812679703 -1.0 30
1772812696714 -1.0 21
1772812706701 -1.0 22
1772812716615 -1.0 23
1772812726421 -1.0 24
1772812742221 -1.0 25
1772812752139 -1.0 26
1772812762118 -1.0 27
1772812772108 -1.0 28
1772812781974 -1.0 29
1772812795521 -1.0 30
1772812812363 -1.0 31
1772812822221 -1.0 32
1772812832053 -1.0 33
1772812841947 -1.0 34
1772812857721 -1.0 35
1772812867635 -1.0 36
1772812877505 -1.0 37
1772812887731 -1.0 38
1772812897947 -1.0 39
1772812911754 -1.0 40
1772812929381 -1.0 41
1772812939455 -1.0 42
1772812949597 -1.0 43
1772812959850 -1.0 44
1772812976070 -1.0 45
1772812986302 -1.0 46
1772812996553 -1.0 47
1772813006813 -1.0 48
1772813017048 -1.0 49
1772813030816 -1.0 50
1772813048088 -1.0 51
1772813058183 -1.0 52
1772813068344 -1.0 53
1772813078570 -1.0 54
1772813094507 -1.0 55
1772813104439 -1.0 56
1772813114576 -1.0 57
1772813124641 -1.0 58
1772813134604 -1.0 59
1772813148100 -1.0 60
1772813158049 -1.0 61
1772813167960 -1.0 62
1772813177856 -1.0 63
1772813187823 -1.0 64
1772813201280 -1.0 65
1772813211214 -1.0 66
1772813221308 -1.0 67
1772813231296 -1.0 68
1772813241270 -1.0 69
1772813254844 -1.0 70
1772813271181 -1.0 71
1772813281182 -1.0 72
1772813291073 -1.0 73
1772813300930 -1.0 74
1772813316683 -1.0 75
1772813326594 -1.0 76
1772813336575 -1.0 77
1772813346508 -1.0 78
1772813356407 -1.0 79
1772813369925 -1.0 80
1772813386417 -1.0 81
1772813396359 -1.0 82
1772813406263 -1.0 83
1772813416135 -1.0 84
1772813431845 -1.0 85
1772813441833 -1.0 86
1772813451755 -1.0 87
1772813461799 -1.0 88
1772813471721 -1.0 89
1772813485181 -1.0 90
1772813495157 -1.0 91
1772813505045 -1.0 92
1772813514980 -1.0 93
1772813524947 -1.0 94
1772813537812 -1.0 95
1772813547121 -1.0 96
1772813556537 -1.0 97
1772813565820 -1.0 98
1772813575367 -1.0 99
1772813588388 -1.0 100
