1772812359818 30.0 1
1772812369859 30.0 2
1772812379416 30.0 3
1772812388881 30.0 4
1772812404574 30.0 5
1772812414030 30.0 6
1772812423595 30.0 7
1772812432990 30.0 8
1772812442475 30.0 9
1772812455461 30.0 10
1772812464926 30.0 11
1772812474248 30.0 12
1772812483602 30.0 13
1772812493009 30.0 14
1772812505969 30.0 15
1772812515364 30.0 16
1772812524761 30.0 17
1772812534176 30.0 18
1772812543513 30.0 19
1772812556264 30.0 20
1772812579160 30.0 21
1772812589577 30.0 22
1772812600144 30.0 23
1772812610070 30.0 24
1772812626157 30.0 25
1772812636089 30.0 26
1772812646082 30.0 27
1772812656018 30.0 28
1772812665893 30.0 29
1772812679701 30.0 30
1772812696712 30.0 21
1772812706699 30.0 22
1772812716612 30.0 23
1772812726418 30.0 24
1772812742219 30.0 25
1772812752137 30.0 26
1772812762116 30.0 27
1772812772106 30.0 28
1772812781972 30.0 29
1772812795519 30.0 30
1772812812360 30.0 31
1772812822219 30.0 32
1772812832051 30.0 33
1772812841944 30.0 34
1772812857719 30.0 35
1772812867632 30.0 36
1772812877503 30.0 37
1772812887729 30.0 38
1772812897945 30.0 39
1772812911751 30.0 40
1772812929378 30.0 41
1772812939453 30.0 42
1772812949595 30.0 43
1772812959847 30.0 44
1772812976068 30.0 45
1772812986300 30.0 46
1772812996551 30.0 47
1772813006811 30.0 48
1772813017046 30.0 49
1772813030814 30.0 50
1772813048086 30.0 51
1772813058181 30.0 52
1772813068341 30.0 53
1772813078567 30.0 54
1772813094505 30.0 55
1772813104436 30.0 56
1772813114573 30.0 57
1772813124639 30.0 58
1772813134601 30.0 59
1772813148098 30.0 60
1772813158047 30.0 61
1772813167958 30.0 62
1772813177854 30.0 63
1772813187820 30.0 64
1772813201278 30.0 65
1772813211210 30.0 66
1772813221305 30.0 67
1772813231293 30.0 68
1772813241267 30.0 69
1772813254842 30.0 70
1772813271179 30.0 71
1772813281180 30.0 72
1772813291071 30.0 73
1772813300928 30.0 74
1772813316681 30.0 75
1772813326592 30.0 76
1772813336573 30.0 77
1772813346506 30.0 78
1772813356405 30.0 79
1772813369922 30.0 80
1772813386415 30.0 81
1772813396357 30.0 82
1772813406260 30.0 83
1772813416132 30.0 84
1772813431843 30.0 85
1772813441831 30.0 86
1772813451753 30.0 87
1772813461796 30.0 88
1772813471718 30.0 89
1772813485178 30.0 90
1772813495155 30.0 91
1772813505042 30.0 92
1772813514978 30.0 93
1772813524944 30.0 94
1772813537810 30.0 95
1772813547119 30.0 96
1772813556534 30.0 97
1772813565818 30.0 98
1772813575365 30.0 99
1772813588386 30.0 100
