1772812359815 0.0 1
1772812369856 0.0 2
1772812379413 0.0 3
1772812388879 0.0 4
1772812404572 0.0 5
1772812414027 0.0 6
1772812423592 0.0 7
1772812432987 0.0 8
1772812442472 0.0 9
1772812455456 0.0 10
1772812464923 0.0 11
1772812474245 0.0 12
1772812483599 0.0 13
1772812493006 0.0 14
1772812505966 0.0 15
1772812515362 0.0 16
1772812524759 0.0 17
1772812534174 0.0 18
1772812543510 0.0 19
1772812556262 0.0 20
1772812579158 0.0 21
1772812589574 0.0 22
1772812600141 0.0 23
1772812610067 0.0 24
1772812626155 0.0 25
1772812636087 0.0 26
1772812646079 0.0 27
1772812656016 0.0 28
1772812665891 0.0 29
1772812679698 0.0 30
1772812696709 0.0 21
1772812706696 0.0 22
1772812716610 0.0 23
1772812726416 0.0 24
1772812742216 0.0 25
1772812752134 0.0 26
1772812762113 0.0 27
1772812772103 0.0 28
1772812781970 0.0 29
1772812795516 0.0 30
1772812812358 0.0 31
1772812822216 0.0 32
1772812832048 0.0 33
1772812841941 0.0 34
1772812857717 0.0 35
1772812867630 0.0 36
1772812877500 0.0 37
1772812887726 0.0 38
1772812897942 0.0 39
1772812911749 0.0 40
1772812929376 0.0 41
1772812939450 0.0 42
1772812949592 0.0 43
1772812959844 0.0 44
1772812976065 0.0 45
1772812986297 0.0 46
1772812996548 0.0 47
1772813006808 0.0 48
1772813017043 0.0 49
1772813030811 0.0 50
1772813048084 0.0 51
1772813058178 0.0 52
1772813068339 0.0 53
1772813078565 0.0 54
1772813094502 0.0 55
1772813104434 0.0 56
1772813114571 0.0 57
1772813124636 0.0 58
1772813134599 0.0 59
1772813148095 0.0 60
1772813158044 0.0 61
1772813167956 0.0 62
1772813177851 0.0 63
1772813187818 0.0 64
1772813201276 0.0 65
1772813211207 0.0 66
1772813221303 0.0 67
1772813231291 0.0 68
1772813241264 0.0 69
1772813254839 0.0 70
1772813271176 0.0 71
1772813281177 0.0 72
1772813291068 0.0 73
1772813300926 0.0 74
1772813316678 0.0 75
1772813326589 0.0 76
1772813336570 0.0 77
1772813346503 0.0 78
1772813356402 0.0 79
1772813369920 0.0 80
1772813386413 0.0 81
1772813396354 0.0 82
1772813406258 0.0 83
1772813416130 0.0 84
1772813431840 0.0 85
1772813441829 0.0 86
1772813451750 0.0 87
1772813461793 0.0 88
1772813471716 0.0 89
1772813485176 0.0 90
1772813495152 0.0 91
1772813505040 0.0 92
1772813514975 0.0 93
1772813524942 0.0 94
1772813537808 0.0 95
1772813547117 0.0 96
1772813556532 0.0 97
1772813565815 0.0 98
1772813575362 0.0 99
1772813588384 0.0 100
