1772812359797 0.99 1
1772812369839 0.99 2
1772812379397 0.99 3
1772812388863 0.99 4
1772812404551 0.99 5
1772812414010 0.99 6
1772812423572 0.99 7
1772812432970 0.99 8
1772812442450 0.99 9
1772812455428 0.99 10
1772812464905 0.99 11
1772812474225 0.99 12
1772812483583 0.99 13
1772812492985 0.99 14
1772812505944 0.99 15
1772812515343 0.99 16
1772812524739 0.99 17
1772812534157 0.99 18
1772812543490 0.99 19
1772812556241 0.99 20
1772812579142 0.99 21
1772812589558 0.99 22
1772812600126 0.99 23
1772812610052 0.99 24
1772812626139 0.99 25
1772812636071 0.99 26
1772812646063 0.99 27
1772812656000 0.99 28
1772812665876 0.99 29
1772812679678 0.99 30
1772812696694 1.171416227594489 21
1772812706681 1.171416227594489 22
1772812716594 1.171416227594489 23
1772812726401 1.171416227594489 24
1772812742200 1.171416227594489 25
1772812752116 1.171416227594489 26
1772812762098 1.171416227594489 27
1772812772084 1.171416227594489 28
1772812781954 1.171416227594489 29
1772812795500 1.171416227594489 30
1772812812342 0.984158924839068 31
1772812822197 0.984158924839068 32
1772812832033 0.984158924839068 33
1772812841926 0.984158924839068 34
1772812857701 0.984158924839068 35
1772812867611 0.984158924839068 36
1772812877484 0.984158924839068 37
1772812887704 0.984158924839068 38
1772812897927 0.984158924839068 39
1772812911733 0.984158924839068 40
1772812929360 0.9529142996281706 41
1772812939434 0.9529142996281706 42
1772812949573 0.9529142996281706 43
1772812959823 0.9529142996281706 44
1772812976046 0.9529142996281706 45
1772812986281 0.9529142996281706 46
1772812996527 0.9529142996281706 47
1772813006792 0.9529142996281706 48
1772813017024 0.9529142996281706 49
1772813030795 0.9529142996281706 50
1772813048068 1.171416227594489 51
1772813058162 1.171416227594489 52
1772813068323 1.171416227594489 53
1772813078549 1.171416227594489 54
1772813094487 1.171416227594489 55
1772813104413 1.171416227594489 56
1772813114555 1.171416227594489 57
1772813124616 1.171416227594489 58
1772813134581 1.171416227594489 59
1772813148065 1.171416227594489 60
1772813158024 1.171416227594489 61
1772813167939 1.171416227594489 62
1772813177831 1.171416227594489 63
1772813187800 1.171416227594489 64
1772813201260 1.171416227594489 65
1772813211190 1.171416227594489 66
1772813221285 1.171416227594489 67
1772813231270 1.171416227594489 68
1772813241248 1.171416227594489 69
1772813254823 1.171416227594489 70
1772813271156 0.9801218463030271 71
1772813281162 0.9801218463030271 72
1772813291048 0.9801218463030271 73
1772813300910 0.9801218463030271 74
1772813316662 0.9801218463030271 75
1772813326573 0.9801218463030271 76
1772813336555 0.9801218463030271 77
1772813346487 0.9801218463030271 78
1772813356387 0.9801218463030271 79
1772813369905 0.9801218463030271 80
1772813386397 0.7809441517296595 81
1772813396335 0.7809441517296595 82
1772813406242 0.7809441517296595 83
1772813416110 0.7809441517296595 84
1772813431825 0.7809441517296595 85
1772813441810 0.7809441517296595 86
1772813451734 0.7809441517296595 87
1772813461773 0.7809441517296595 88
1772813471700 0.7809441517296595 89
1772813485159 0.7809441517296595 90
1772813495136 0.7809441517296595 91
1772813505025 0.7809441517296595 92
1772813514959 0.7809441517296595 93
1772813524926 0.7809441517296595 94
1772813537793 0.7809441517296595 95
1772813547102 0.7809441517296595 96
1772813556517 0.7809441517296595 97
1772813565800 0.7809441517296595 98
1772813575346 0.7809441517296595 99
1772813588369 0.7809441517296595 100
