1772812359798 1.0 1
1772812369840 1.0 2
1772812379398 1.0 3
1772812388864 1.0 4
1772812404551 1.0 5
1772812414011 1.0 6
1772812423572 1.0 7
1772812432971 1.0 8
1772812442451 1.0 9
1772812455428 1.0 10
1772812464905 1.0 11
1772812474226 1.0 12
1772812483584 1.0 13
1772812492986 1.0 14
1772812505945 1.0 15
1772812515344 1.0 16
1772812524739 1.0 17
1772812534158 1.0 18
1772812543491 1.0 19
1772812556242 1.0 20
1772812579143 1.0 21
1772812589559 1.0 22
1772812600126 1.0 23
1772812610053 1.0 24
1772812626139 1.0 25
1772812636072 1.0 26
1772812646063 1.0 27
1772812656000 1.0 28
1772812665876 1.0 29
1772812679679 1.0 30
1772812696695 1.0 21
1772812706681 1.0 22
1772812716594 1.0 23
1772812726401 1.0 24
1772812742201 1.0 25
1772812752116 1.0 26
1772812762098 1.0 27
1772812772084 1.0 28
1772812781955 1.0 29
1772812795501 1.0 30
1772812812343 1.0 31
1772812822197 1.0 32
1772812832034 1.0 33
1772812841926 1.0 34
1772812857702 1.0 35
1772812867611 1.0 36
1772812877485 1.0 37
1772812887705 1.0 38
1772812897927 1.0 39
1772812911734 1.0 40
1772812929361 1.0 41
1772812939434 1.0 42
1772812949573 1.0 43
1772812959823 1.0 44
1772812976047 1.0 45
1772812986281 1.0 46
1772812996528 1.0 47
1772813006792 1.0 48
1772813017024 1.0 49
1772813030795 1.0 50
1772813048069 1.0 51
1772813058163 1.0 52
1772813068323 1.0 53
1772813078549 1.0 54
1772813094487 1.0 55
1772813104413 1.0 56
1772813114555 1.0 57
1772813124616 1.0 58
1772813134582 1.0 59
1772813148065 1.0 60
1772813158024 1.0 61
1772813167940 1.0 62
1772813177832 1.0 63
1772813187801 1.0 64
1772813201260 1.0 65
1772813211190 1.0 66
1772813221286 1.0 67
1772813231270 1.0 68
1772813241248 1.0 69
1772813254824 1.0 70
1772813271156 1.0 71
1772813281162 1.0 72
1772813291049 1.0 73
1772813300910 1.0 74
1772813316663 1.0 75
1772813326574 1.0 76
1772813336555 1.0 77
1772813346488 1.0 78
1772813356388 1.0 79
1772813369905 1.0 80
1772813386397 1.0 81
1772813396335 1.0 82
1772813406243 1.0 83
1772813416111 1.0 84
1772813431826 1.0 85
1772813441810 1.0 86
1772813451735 1.0 87
1772813461774 1.0 88
1772813471701 1.0 89
1772813485159 1.0 90
1772813495137 1.0 91
1772813505025 1.0 92
1772813514959 1.0 93
1772813524926 1.0 94
1772813537793 1.0 95
1772813547102 1.0 96
1772813556517 1.0 97
1772813565801 1.0 98
1772813575347 1.0 99
1772813588369 1.0 100
