1772812359816 0.0 1
1772812369857 0.0 2
1772812379414 0.0 3
1772812388880 0.0 4
1772812404573 0.0 5
1772812414029 0.0 6
1772812423594 0.0 7
1772812432988 0.0 8
1772812442473 0.0 9
1772812455459 0.0 10
1772812464924 0.0 11
1772812474247 0.0 12
1772812483601 0.0 13
1772812493007 0.0 14
1772812505968 0.0 15
1772812515363 0.0 16
1772812524760 0.0 17
1772812534175 0.0 18
1772812543512 0.0 19
1772812556263 0.0 20
1772812579159 0.0 21
1772812589576 0.0 22
1772812600142 0.0 23
1772812610069 0.0 24
1772812626156 0.0 25
1772812636088 0.0 26
1772812646080 0.0 27
1772812656017 0.0 28
1772812665892 0.0 29
1772812679699 0.0 30
1772812696711 0.0 21
1772812706698 0.0 22
1772812716611 0.0 23
1772812726417 0.0 24
1772812742218 0.0 25
1772812752136 0.0 26
1772812762114 0.0 27
1772812772104 0.0 28
1772812781971 0.0 29
1772812795517 0.0 30
1772812812359 0.0 31
1772812822217 0.0 32
1772812832050 0.0 33
1772812841942 0.0 34
1772812857718 0.0 35
1772812867631 0.0 36
1772812877501 0.0 37
1772812887727 0.0 38
1772812897944 0.0 39
1772812911750 0.0 40
1772812929377 0.0 41
1772812939452 0.0 42
1772812949594 0.0 43
1772812959846 0.0 44
1772812976067 0.0 45
1772812986298 0.0 46
1772812996550 0.0 47
1772813006809 0.0 48
1772813017045 0.0 49
1772813030812 0.0 50
1772813048085 0.0 51
1772813058179 0.0 52
1772813068340 0.0 53
1772813078566 0.0 54
1772813094504 0.0 55
1772813104435 0.0 56
1772813114572 0.0 57
1772813124637 0.0 58
1772813134600 0.0 59
1772813148096 0.0 60
1772813158045 0.0 61
1772813167957 0.0 62
1772813177853 0.0 63
1772813187819 0.0 64
1772813201277 0.0 65
1772813211209 0.0 66
1772813221304 0.0 67
1772813231292 0.0 68
1772813241266 0.0 69
1772813254840 0.0 70
1772813271177 0.0 71
1772813281179 0.0 72
1772813291069 0.0 73
1772813300927 0.0 74
1772813316680 0.0 75
1772813326591 0.0 76
1772813336572 0.0 77
1772813346504 0.0 78
1772813356403 0.0 79
1772813369921 0.0 80
1772813386414 0.0 81
1772813396356 0.0 82
1772813406259 0.0 83
1772813416131 0.0 84
1772813431842 0.0 85
1772813441830 0.0 86
1772813451752 0.0 87
1772813461795 0.0 88
1772813471717 0.0 89
1772813485177 0.0 90
1772813495153 0.0 91
1772813505041 0.0 92
1772813514976 0.0 93
1772813524943 0.0 94
1772813537809 0.0 95
1772813547118 0.0 96
1772813556533 0.0 97
1772813565817 0.0 98
1772813575363 0.0 99
1772813588385 0.0 100
