1772812359801 0.0 1
1772812369843 0.0 2
1772812379401 0.0 3
1772812388867 0.0 4
1772812404554 0.0 5
1772812414014 0.0 6
1772812423575 0.0 7
1772812432974 0.0 8
1772812442454 0.0 9
1772812455432 0.0 10
1772812464909 0.0 11
1772812474229 0.0 12
1772812483587 0.0 13
1772812492989 0.0 14
1772812505948 0.0 15
1772812515346 0.0 16
1772812524742 0.0 17
1772812534160 0.0 18
1772812543494 0.0 19
1772812556246 0.0 20
1772812579145 0.0 21
1772812589562 0.0 22
1772812600129 0.0 23
1772812610055 0.0 24
1772812626142 0.0 25
1772812636075 0.0 26
1772812646067 0.0 27
1772812656003 0.0 28
1772812665879 0.0 29
1772812679682 0.0 30
1772812696697 0.0 21
1772812706684 0.0 22
1772812716597 0.0 23
1772812726404 0.0 24
1772812742204 0.0 25
1772812752119 0.0 26
1772812762101 0.0 27
1772812772087 0.0 28
1772812781957 0.0 29
1772812795504 0.0 30
1772812812346 0.0 31
1772812822200 0.0 32
1772812832037 0.0 33
1772812841929 0.0 34
1772812857705 0.0 35
1772812867614 0.0 36
1772812877488 0.0 37
1772812887708 0.0 38
1772812897930 0.0 39
1772812911736 0.0 40
1772812929363 0.0 41
1772812939437 0.0 42
1772812949576 0.0 43
1772812959827 0.0 44
1772812976050 0.0 45
1772812986284 0.0 46
1772812996531 0.0 47
1772813006795 0.0 48
1772813017027 0.0 49
1772813030798 0.0 50
1772813048072 0.0 51
1772813058166 0.0 52
1772813068326 0.0 53
1772813078552 0.0 54
1772813094490 0.0 55
1772813104416 0.0 56
1772813114558 0.0 57
1772813124619 0.0 58
1772813134585 0.0 59
1772813148069 0.0 60
1772813158027 0.0 61
1772813167943 0.0 62
1772813177835 0.0 63
1772813187804 0.0 64
1772813201263 0.0 65
1772813211193 0.0 66
1772813221289 0.0 67
1772813231273 0.0 68
1772813241251 0.0 69
1772813254827 0.0 70
1772813271159 0.0 71
1772813281165 0.0 72
1772813291052 0.0 73
1772813300913 0.0 74
1772813316666 0.0 75
1772813326577 0.0 76
1772813336558 0.0 77
1772813346490 0.0 78
1772813356390 0.0 79
1772813369908 0.0 80
1772813386400 0.0 81
1772813396338 0.0 82
1772813406246 0.0 83
1772813416114 0.0 84
1772813431828 0.0 85
1772813441813 0.0 86
1772813451738 0.0 87
1772813461777 0.0 88
1772813471704 0.0 89
1772813485162 0.0 90
1772813495140 0.0 91
1772813505028 0.0 92
1772813514962 0.0 93
1772813524929 0.0 94
1772813537796 0.0 95
1772813547105 0.0 96
1772813556520 0.0 97
1772813565803 0.0 98
1772813575350 0.0 99
1772813588372 0.0 100
