1772812359802 1.0 1
1772812369843 1.0 2
1772812379401 1.0 3
1772812388867 1.0 4
1772812404555 1.0 5
1772812414014 1.0 6
1772812423576 1.0 7
1772812432974 1.0 8
1772812442455 1.0 9
1772812455432 1.0 10
1772812464909 1.0 11
1772812474229 1.0 12
1772812483587 1.0 13
1772812492990 1.0 14
1772812505948 1.0 15
1772812515347 1.0 16
1772812524743 1.0 17
1772812534161 1.0 18
1772812543494 1.0 19
1772812556246 1.0 20
1772812579146 1.0 21
1772812589563 1.0 22
1772812600130 1.0 23
1772812610056 1.0 24
1772812626143 1.0 25
1772812636075 1.0 26
1772812646067 1.0 27
1772812656004 1.0 28
1772812665879 1.0 29
1772812679682 1.0 30
1772812696698 1.0 21
1772812706684 1.0 22
1772812716598 1.0 23
1772812726405 1.0 24
1772812742204 1.0 25
1772812752119 1.0 26
1772812762101 1.0 27
1772812772088 1.0 28
1772812781958 1.0 29
1772812795504 1.0 30
1772812812346 1.0 31
1772812822201 1.0 32
1772812832037 1.0 33
1772812841930 1.0 34
1772812857705 1.0 35
1772812867614 1.0 36
1772812877488 1.0 37
1772812887708 1.0 38
1772812897930 1.0 39
1772812911737 1.0 40
1772812929364 1.0 41
1772812939438 1.0 42
1772812949577 1.0 43
1772812959829 1.0 44
1772812976050 1.0 45
1772812986285 1.0 46
1772812996531 1.0 47
1772813006796 1.0 48
1772813017028 1.0 49
1772813030799 1.0 50
1772813048072 1.0 51
1772813058166 1.0 52
1772813068327 1.0 53
1772813078553 1.0 54
1772813094490 1.0 55
1772813104417 1.0 56
1772813114559 1.0 57
1772813124620 1.0 58
1772813134586 1.0 59
1772813148069 1.0 60
1772813158028 1.0 61
1772813167944 1.0 62
1772813177835 1.0 63
1772813187805 1.0 64
1772813201264 1.0 65
1772813211194 1.0 66
1772813221290 1.0 67
1772813231274 1.0 68
1772813241252 1.0 69
1772813254827 1.0 70
1772813271160 1.0 71
1772813281166 1.0 72
1772813291052 1.0 73
1772813300914 1.0 74
1772813316666 1.0 75
1772813326577 1.0 76
1772813336559 1.0 77
1772813346491 1.0 78
1772813356391 1.0 79
1772813369908 1.0 80
1772813386401 1.0 81
1772813396339 1.0 82
1772813406246 1.0 83
1772813416114 1.0 84
1772813431829 1.0 85
1772813441813 1.0 86
1772813451738 1.0 87
1772813461777 1.0 88
1772813471704 1.0 89
1772813485163 1.0 90
1772813495140 1.0 91
1772813505028 1.0 92
1772813514963 1.0 93
1772813524930 1.0 94
1772813537797 1.0 95
1772813547105 1.0 96
1772813556520 1.0 97
1772813565804 1.0 98
1772813575350 1.0 99
1772813588372 1.0 100
