1772812359825 0.2 1
1772812369865 0.2 2
1772812379422 0.2 3
1772812388888 0.2 4
1772812404581 0.2 5
1772812414036 0.2 6
1772812423601 0.2 7
1772812432997 0.2 8
1772812442482 0.2 9
1772812455475 0.2 10
1772812464932 0.2 11
1772812474254 0.2 12
1772812483608 0.2 13
1772812493015 0.2 14
1772812505976 0.2 15
1772812515371 0.2 16
1772812524768 0.2 17
1772812534182 0.2 18
1772812543519 0.2 19
1772812556270 0.2 20
1772812579166 0.2 21
1772812589583 0.2 22
1772812600150 0.2 23
1772812610076 0.2 24
1772812626164 0.2 25
1772812636096 0.2 26
1772812646088 0.2 27
1772812656024 0.2 28
1772812665900 0.2 29
1772812679707 0.2 30
1772812696718 0.2 21
1772812706705 0.2 22
1772812716619 0.2 23
1772812726424 0.2 24
1772812742225 0.2 25
1772812752143 0.2 26
1772812762122 0.2 27
1772812772112 0.2 28
1772812781978 0.2 29
1772812795525 0.2 30
1772812812367 0.2 31
1772812822225 0.2 32
1772812832057 0.2 33
1772812841951 0.2 34
1772812857725 0.2 35
1772812867638 0.2 36
1772812877509 0.2 37
1772812887735 0.2 38
1772812897952 0.2 39
1772812911757 0.2 40
1772812929384 0.2 41
1772812939459 0.2 42
1772812949601 0.2 43
1772812959853 0.2 44
1772812976074 0.2 45
1772812986306 0.2 46
1772812996557 0.2 47
1772813006817 0.2 48
1772813017052 0.2 49
1772813030820 0.2 50
1772813048092 0.2 51
1772813058186 0.2 52
1772813068348 0.2 53
1772813078574 0.2 54
1772813094511 0.2 55
1772813104443 0.2 56
1772813114580 0.2 57
1772813124646 0.2 58
1772813134607 0.2 59
1772813148105 0.2 60
1772813158053 0.2 61
1772813167964 0.2 62
1772813177861 0.2 63
1772813187827 0.2 64
1772813201284 0.2 65
1772813211218 0.2 66
1772813221312 0.2 67
1772813231300 0.2 68
1772813241274 0.2 69
1772813254848 0.2 70
1772813271185 0.2 71
1772813281186 0.2 72
1772813291077 0.2 73
1772813300934 0.2 74
1772813316687 0.2 75
1772813326598 0.2 76
1772813336579 0.2 77
1772813346512 0.2 78
1772813356411 0.2 79
1772813369929 0.2 80
1772813386421 0.2 81
1772813396363 0.2 82
1772813406267 0.2 83
1772813416139 0.2 84
1772813431849 0.2 85
1772813441837 0.2 86
1772813451759 0.2 87
1772813461803 0.2 88
1772813471724 0.2 89
1772813485186 0.2 90
1772813495161 0.2 91
1772813505049 0.2 92
1772813514984 0.2 93
1772813524951 0.2 94
1772813537816 0.2 95
1772813547125 0.2 96
1772813556540 0.2 97
1772813565824 0.2 98
1772813575371 0.2 99
1772813588392 0.2 100
