1772812359825 0.01 1
1772812369865 0.01 2
1772812379422 0.01 3
1772812388888 0.01 4
1772812404581 0.01 5
1772812414036 0.01 6
1772812423601 0.01 7
1772812432997 0.01 8
1772812442482 0.01 9
1772812455476 0.01 10
1772812464932 0.01 11
1772812474255 0.01 12
1772812483608 0.01 13
1772812493016 0.01 14
1772812505976 0.01 15
1772812515371 0.01 16
1772812524768 0.01 17
1772812534183 0.01 18
1772812543520 0.01 19
1772812556270 0.01 20
1772812579167 0.01 21
1772812589583 0.01 22
1772812600150 0.01 23
1772812610077 0.01 24
1772812626164 0.01 25
1772812636096 0.01 26
1772812646088 0.01 27
1772812656025 0.01 28
1772812665900 0.01 29
1772812679707 0.01 30
1772812696718 0.01 21
1772812706705 0.01 22
1772812716619 0.01 23
1772812726425 0.01 24
1772812742225 0.01 25
1772812752143 0.01 26
1772812762122 0.01 27
1772812772112 0.01 28
1772812781978 0.01 29
1772812795526 0.01 30
1772812812367 0.01 31
1772812822225 0.01 32
1772812832057 0.01 33
1772812841951 0.01 34
1772812857725 0.01 35
1772812867639 0.01 36
1772812877509 0.01 37
1772812887735 0.01 38
1772812897953 0.01 39
1772812911758 0.01 40
1772812929385 0.01 41
1772812939459 0.01 42
1772812949601 0.01 43
1772812959854 0.01 44
1772812976074 0.01 45
1772812986306 0.01 46
1772812996557 0.01 47
1772813006817 0.01 48
1772813017053 0.01 49
1772813030820 0.01 50
1772813048092 0.01 51
1772813058187 0.01 52
1772813068348 0.01 53
1772813078574 0.01 54
1772813094511 0.01 55
1772813104443 0.01 56
1772813114580 0.01 57
1772813124646 0.01 58
1772813134608 0.01 59
1772813148105 0.01 60
1772813158053 0.01 61
1772813167965 0.01 62
1772813177861 0.01 63
1772813187827 0.01 64
1772813201284 0.01 65
1772813211219 0.01 66
1772813221312 0.01 67
1772813231300 0.01 68
1772813241274 0.01 69
1772813254848 0.01 70
1772813271186 0.01 71
1772813281186 0.01 72
1772813291077 0.01 73
1772813300934 0.01 74
1772813316687 0.01 75
1772813326598 0.01 76
1772813336579 0.01 77
1772813346512 0.01 78
1772813356411 0.01 79
1772813369929 0.01 80
1772813386421 0.01 81
1772813396363 0.01 82
1772813406267 0.01 83
1772813416139 0.01 84
1772813431849 0.01 85
1772813441837 0.01 86
1772813451759 0.01 87
1772813461803 0.01 88
1772813471725 0.01 89
1772813485186 0.01 90
1772813495161 0.01 91
1772813505049 0.01 92
1772813514984 0.01 93
1772813524951 0.01 94
1772813537816 0.01 95
1772813547125 0.01 96
1772813556541 0.01 97
1772813565824 0.01 98
1772813575372 0.01 99
1772813588392 0.01 100
