1772812359815 1.0 1
1772812369856 1.0 2
1772812379413 1.0 3
1772812388879 1.0 4
1772812404572 1.0 5
1772812414028 1.0 6
1772812423593 1.0 7
1772812432988 1.0 8
1772812442473 1.0 9
1772812455457 1.0 10
1772812464924 1.0 11
1772812474246 1.0 12
1772812483600 1.0 13
1772812493007 1.0 14
1772812505967 1.0 15
1772812515362 1.0 16
1772812524759 1.0 17
1772812534174 1.0 18
1772812543511 1.0 19
1772812556262 1.0 20
1772812579158 1.0 21
1772812589575 1.0 22
1772812600142 1.0 23
1772812610068 1.0 24
1772812626155 1.0 25
1772812636087 1.0 26
1772812646079 1.0 27
1772812656016 1.0 28
1772812665892 1.0 29
1772812679699 1.0 30
1772812696710 1.0 21
1772812706697 1.0 22
1772812716610 1.0 23
1772812726416 1.0 24
1772812742217 1.0 25
1772812752135 1.0 26
1772812762113 1.0 27
1772812772103 1.0 28
1772812781970 1.0 29
1772812795517 1.0 30
1772812812358 1.0 31
1772812822217 1.0 32
1772812832049 1.0 33
1772812841942 1.0 34
1772812857717 1.0 35
1772812867630 1.0 36
1772812877501 1.0 37
1772812887726 1.0 38
1772812897943 1.0 39
1772812911749 1.0 40
1772812929376 1.0 41
1772812939451 1.0 42
1772812949593 1.0 43
1772812959845 1.0 44
1772812976066 1.0 45
1772812986297 1.0 46
1772812996549 1.0 47
1772813006808 1.0 48
1772813017044 1.0 49
1772813030811 1.0 50
1772813048084 1.0 51
1772813058179 1.0 52
1772813068339 1.0 53
1772813078565 1.0 54
1772813094503 1.0 55
1772813104434 1.0 56
1772813114571 1.0 57
1772813124637 1.0 58
1772813134599 1.0 59
1772813148096 1.0 60
1772813158044 1.0 61
1772813167956 1.0 62
1772813177852 1.0 63
1772813187818 1.0 64
1772813201276 1.0 65
1772813211208 1.0 66
1772813221303 1.0 67
1772813231291 1.0 68
1772813241265 1.0 69
1772813254840 1.0 70
1772813271177 1.0 71
1772813281178 1.0 72
1772813291068 1.0 73
1772813300926 1.0 74
1772813316679 1.0 75
1772813326590 1.0 76
1772813336571 1.0 77
1772813346504 1.0 78
1772813356403 1.0 79
1772813369920 1.0 80
1772813386413 1.0 81
1772813396355 1.0 82
1772813406258 1.0 83
1772813416130 1.0 84
1772813431841 1.0 85
1772813441829 1.0 86
1772813451751 1.0 87
1772813461794 1.0 88
1772813471716 1.0 89
1772813485177 1.0 90
1772813495153 1.0 91
1772813505040 1.0 92
1772813514976 1.0 93
1772813524942 1.0 94
1772813537808 1.0 95
1772813547117 1.0 96
1772813556532 1.0 97
1772813565816 1.0 98
1772813575363 1.0 99
1772813588384 1.0 100
