1772812359798 5e-05 1
1772812369839 5e-05 2
1772812379397 5e-05 3
1772812388863 5e-05 4
1772812404551 5e-05 5
1772812414010 5e-05 6
1772812423572 5e-05 7
1772812432971 5e-05 8
1772812442450 5e-05 9
1772812455428 5e-05 10
1772812464905 5e-05 11
1772812474226 5e-05 12
1772812483584 5e-05 13
1772812492985 5e-05 14
1772812505944 5e-05 15
1772812515343 5e-05 16
1772812524739 5e-05 17
1772812534157 5e-05 18
1772812543491 5e-05 19
1772812556241 5e-05 20
1772812579142 5e-05 21
1772812589559 5e-05 22
1772812600126 5e-05 23
1772812610052 5e-05 24
1772812626139 5e-05 25
1772812636072 5e-05 26
1772812646063 5e-05 27
1772812656000 5e-05 28
1772812665876 5e-05 29
1772812679679 5e-05 30
1772812696694 1.7376399740413928e-05 21
1772812706681 1.7376399740413928e-05 22
1772812716594 1.7376399740413928e-05 23
1772812726401 1.7376399740413928e-05 24
1772812742201 1.7376399740413928e-05 25
1772812752116 1.7376399740413928e-05 26
1772812762098 1.7376399740413928e-05 27
1772812772084 1.7376399740413928e-05 28
1772812781954 1.7376399740413928e-05 29
1772812795500 1.7376399740413928e-05 30
1772812812342 1.7376399740413928e-05 31
1772812822197 1.7376399740413928e-05 32
1772812832033 1.7376399740413928e-05 33
1772812841926 1.7376399740413928e-05 34
1772812857701 1.7376399740413928e-05 35
1772812867611 1.7376399740413928e-05 36
1772812877485 1.7376399740413928e-05 37
1772812887705 1.7376399740413928e-05 38
1772812897927 1.7376399740413928e-05 39
1772812911733 1.7376399740413928e-05 40
1772812929360 1.7376399740413928e-05 41
1772812939434 1.7376399740413928e-05 42
1772812949573 1.7376399740413928e-05 43
1772812959823 1.7376399740413928e-05 44
1772812976046 1.7376399740413928e-05 45
1772812986281 1.7376399740413928e-05 46
1772812996527 1.7376399740413928e-05 47
1772813006792 1.7376399740413928e-05 48
1772813017024 1.7376399740413928e-05 49
1772813030795 1.7376399740413928e-05 50
1772813048069 1.7376399740413928e-05 51
1772813058163 1.7376399740413928e-05 52
1772813068323 1.7376399740413928e-05 53
1772813078549 1.7376399740413928e-05 54
1772813094487 1.7376399740413928e-05 55
1772813104413 1.7376399740413928e-05 56
1772813114555 1.7376399740413928e-05 57
1772813124616 1.7376399740413928e-05 58
1772813134582 1.7376399740413928e-05 59
1772813148065 1.7376399740413928e-05 60
1772813158024 1.7376399740413928e-05 61
1772813167939 1.7376399740413928e-05 62
1772813177832 1.7376399740413928e-05 63
1772813187801 1.7376399740413928e-05 64
1772813201260 1.7376399740413928e-05 65
1772813211190 1.7376399740413928e-05 66
1772813221285 1.7376399740413928e-05 67
1772813231270 1.7376399740413928e-05 68
1772813241248 1.7376399740413928e-05 69
1772813254823 1.7376399740413928e-05 70
1772813271156 2.606459961062089e-05 71
1772813281162 2.606459961062089e-05 72
1772813291048 2.606459961062089e-05 73
1772813300910 2.606459961062089e-05 74
1772813316663 2.606459961062089e-05 75
1772813326574 2.606459961062089e-05 76
1772813336555 2.606459961062089e-05 77
1772813346487 2.606459961062089e-05 78
1772813356387 2.606459961062089e-05 79
1772813369905 2.606459961062089e-05 80
1772813386397 1.7376399740413928e-05 81
1772813396335 1.7376399740413928e-05 82
1772813406243 1.7376399740413928e-05 83
1772813416110 1.7376399740413928e-05 84
1772813431825 1.7376399740413928e-05 85
1772813441810 1.7376399740413928e-05 86
1772813451735 1.7376399740413928e-05 87
1772813461773 1.7376399740413928e-05 88
1772813471701 1.7376399740413928e-05 89
1772813485159 1.7376399740413928e-05 90
1772813495136 1.7376399740413928e-05 91
1772813505025 1.7376399740413928e-05 92
1772813514959 1.7376399740413928e-05 93
1772813524926 1.7376399740413928e-05 94
1772813537793 1.7376399740413928e-05 95
1772813547102 1.7376399740413928e-05 96
1772813556517 1.7376399740413928e-05 97
1772813565801 1.7376399740413928e-05 98
1772813575346 1.7376399740413928e-05 99
1772813588369 1.7376399740413928e-05 100
