1772812359802 0.0 1
1772812369843 0.0 2
1772812379402 0.0 3
1772812388867 0.0 4
1772812404555 0.0 5
1772812414014 0.0 6
1772812423576 0.0 7
1772812432975 0.0 8
1772812442455 0.0 9
1772812455433 0.0 10
1772812464909 0.0 11
1772812474229 0.0 12
1772812483587 0.0 13
1772812492990 0.0 14
1772812505948 0.0 15
1772812515347 0.0 16
1772812524743 0.0 17
1772812534161 0.0 18
1772812543495 0.0 19
1772812556247 0.0 20
1772812579146 0.0 21
1772812589563 0.0 22
1772812600130 0.0 23
1772812610056 0.0 24
1772812626143 0.0 25
1772812636075 0.0 26
1772812646067 0.0 27
1772812656004 0.0 28
1772812665880 0.0 29
1772812679683 0.0 30
1772812696698 0.0 21
1772812706685 0.0 22
1772812716598 0.0 23
1772812726405 0.0 24
1772812742205 0.0 25
1772812752120 0.0 26
1772812762102 0.0 27
1772812772088 0.0 28
1772812781958 0.0 29
1772812795504 0.0 30
1772812812346 0.0 31
1772812822201 0.0 32
1772812832037 0.0 33
1772812841930 0.0 34
1772812857705 0.0 35
1772812867614 0.0 36
1772812877488 0.0 37
1772812887708 0.0 38
1772812897930 0.0 39
1772812911737 0.0 40
1772812929364 0.0 41
1772812939438 0.0 42
1772812949577 0.0 43
1772812959830 0.0 44
1772812976050 0.0 45
1772812986285 0.0 46
1772812996531 0.0 47
1772813006796 0.0 48
1772813017028 0.0 49
1772813030799 0.0 50
1772813048072 0.0 51
1772813058167 0.0 52
1772813068327 0.0 53
1772813078553 0.0 54
1772813094491 0.0 55
1772813104417 0.0 56
1772813114559 0.0 57
1772813124620 0.0 58
1772813134586 0.0 59
1772813148070 0.0 60
1772813158028 0.0 61
1772813167944 0.0 62
1772813177836 0.0 63
1772813187805 0.0 64
1772813201264 0.0 65
1772813211194 0.0 66
1772813221290 0.0 67
1772813231274 0.0 68
1772813241252 0.0 69
1772813254828 0.0 70
1772813271160 0.0 71
1772813281166 0.0 72
1772813291052 0.0 73
1772813300914 0.0 74
1772813316667 0.0 75
1772813326577 0.0 76
1772813336559 0.0 77
1772813346491 0.0 78
1772813356391 0.0 79
1772813369909 0.0 80
1772813386401 0.0 81
1772813396339 0.0 82
1772813406247 0.0 83
1772813416114 0.0 84
1772813431829 0.0 85
1772813441814 0.0 86
1772813451739 0.0 87
1772813461778 0.0 88
1772813471704 0.0 89
1772813485163 0.0 90
1772813495141 0.0 91
1772813505029 0.0 92
1772813514963 0.0 93
1772813524930 0.0 94
1772813537797 0.0 95
1772813547105 0.0 96
1772813556521 0.0 97
1772813565804 0.0 98
1772813575350 0.0 99
1772813588373 0.0 100
