1772812359796 3.0 1
1772812369838 3.0 2
1772812379396 3.0 3
1772812388862 3.0 4
1772812404550 3.0 5
1772812414009 3.0 6
1772812423571 3.0 7
1772812432970 3.0 8
1772812442449 3.0 9
1772812455427 3.0 10
1772812464904 3.0 11
1772812474224 3.0 12
1772812483583 3.0 13
1772812492984 3.0 14
1772812505943 3.0 15
1772812515342 3.0 16
1772812524738 3.0 17
1772812534156 3.0 18
1772812543489 3.0 19
1772812556241 3.0 20
1772812579141 3.0 21
1772812589557 3.0 22
1772812600125 3.0 23
1772812610051 3.0 24
1772812626138 3.0 25
1772812636071 3.0 26
1772812646062 3.0 27
1772812655999 3.0 28
1772812665875 3.0 29
1772812679678 3.0 30
1772812696693 3.0 21
1772812706680 3.0 22
1772812716593 3.0 23
1772812726400 3.0 24
1772812742200 3.0 25
1772812752115 3.0 26
1772812762097 3.0 27
1772812772083 3.0 28
1772812781953 3.0 29
1772812795499 3.0 30
1772812812341 3.0 31
1772812822196 3.0 32
1772812832032 3.0 33
1772812841925 3.0 34
1772812857700 3.0 35
1772812867610 3.0 36
1772812877484 3.0 37
1772812887703 3.0 38
1772812897926 3.0 39
1772812911732 3.0 40
1772812929359 3.0 41
1772812939433 3.0 42
1772812949572 3.0 43
1772812959822 3.0 44
1772812976046 3.0 45
1772812986280 3.0 46
1772812996526 3.0 47
1772813006791 3.0 48
1772813017023 3.0 49
1772813030794 3.0 50
1772813048068 3.0 51
1772813058162 3.0 52
1772813068322 3.0 53
1772813078548 3.0 54
1772813094486 3.0 55
1772813104412 3.0 56
1772813114554 3.0 57
1772813124615 3.0 58
1772813134581 3.0 59
1772813148064 3.0 60
1772813158023 3.0 61
1772813167938 3.0 62
1772813177831 3.0 63
1772813187800 3.0 64
1772813201259 3.0 65
1772813211189 3.0 66
1772813221284 3.0 67
1772813231269 3.0 68
1772813241247 3.0 69
1772813254822 3.0 70
1772813271155 3.0 71
1772813281161 3.0 72
1772813291047 3.0 73
1772813300909 3.0 74
1772813316662 3.0 75
1772813326573 3.0 76
1772813336554 3.0 77
1772813346486 3.0 78
1772813356386 3.0 79
1772813369904 3.0 80
1772813386396 3.0 81
1772813396334 3.0 82
1772813406242 3.0 83
1772813416109 3.0 84
1772813431824 3.0 85
1772813441809 3.0 86
1772813451734 3.0 87
1772813461772 3.0 88
1772813471700 3.0 89
1772813485158 3.0 90
1772813495135 3.0 91
1772813505024 3.0 92
1772813514958 3.0 93
1772813524925 3.0 94
1772813537792 3.0 95
1772813547101 3.0 96
1772813556516 3.0 97
1772813565800 3.0 98
1772813575345 3.0 99
1772813588368 3.0 100
