1772812359791 1.0 1
1772812369833 1.0 2
1772812379391 1.0 3
1772812388858 1.0 4
1772812404546 1.0 5
1772812414005 1.0 6
1772812423567 1.0 7
1772812432966 1.0 8
1772812442445 1.0 9
1772812455422 1.0 10
1772812464899 1.0 11
1772812474220 1.0 12
1772812483578 1.0 13
1772812492980 1.0 14
1772812505939 1.0 15
1772812515338 1.0 16
1772812524733 1.0 17
1772812534152 1.0 18
1772812543485 1.0 19
1772812556236 1.0 20
1772812579137 1.0 21
1772812589553 1.0 22
1772812600121 1.0 23
1772812610047 1.0 24
1772812626134 1.0 25
1772812636067 1.0 26
1772812646058 1.0 27
1772812655995 1.0 28
1772812665871 1.0 29
1772812679673 1.0 30
1772812696689 1.0 21
1772812706676 1.0 22
1772812716589 1.0 23
1772812726396 1.0 24
1772812742196 1.0 25
1772812752111 1.0 26
1772812762093 1.0 27
1772812772079 1.0 28
1772812781949 1.0 29
1772812795495 1.0 30
1772812812338 1.0 31
1772812822192 1.0 32
1772812832029 1.0 33
1772812841921 1.0 34
1772812857696 1.0 35
1772812867606 1.0 36
1772812877480 1.0 37
1772812887699 1.0 38
1772812897921 1.0 39
1772812911728 1.0 40
1772812929355 1.0 41
1772812939429 1.0 42
1772812949568 1.0 43
1772812959818 1.0 44
1772812976042 1.0 45
1772812986276 1.0 46
1772812996522 1.0 47
1772813006786 1.0 48
1772813017019 1.0 49
1772813030790 1.0 50
1772813048064 1.0 51
1772813058158 1.0 52
1772813068318 1.0 53
1772813078544 1.0 54
1772813094481 1.0 55
1772813104407 1.0 56
1772813114550 1.0 57
1772813124611 1.0 58
1772813134576 1.0 59
1772813148059 1.0 60
1772813158018 1.0 61
1772813167932 1.0 62
1772813177827 1.0 63
1772813187796 1.0 64
1772813201255 1.0 65
1772813211184 1.0 66
1772813221280 1.0 67
1772813231265 1.0 68
1772813241242 1.0 69
1772813254818 1.0 70
1772813271151 1.0 71
1772813281157 1.0 72
1772813291043 1.0 73
1772813300905 1.0 74
1772813316658 1.0 75
1772813326568 1.0 76
1772813336550 1.0 77
1772813346482 1.0 78
1772813356382 1.0 79
1772813369900 1.0 80
1772813386392 1.0 81
1772813396330 1.0 82
1772813406238 1.0 83
1772813416106 1.0 84
1772813431820 1.0 85
1772813441805 1.0 86
1772813451730 1.0 87
1772813461768 1.0 88
1772813471696 1.0 89
1772813485154 1.0 90
1772813495132 1.0 91
1772813505020 1.0 92
1772813514954 1.0 93
1772813524921 1.0 94
1772813537788 1.0 95
1772813547097 1.0 96
1772813556512 1.0 97
1772813565796 1.0 98
1772813575341 1.0 99
1772813588364 1.0 100
