1772812359817 1000.0 1
1772812369858 1000.0 2
1772812379414 1000.0 3
1772812388880 1000.0 4
1772812404573 1000.0 5
1772812414029 1000.0 6
1772812423594 1000.0 7
1772812432989 1000.0 8
1772812442474 1000.0 9
1772812455459 1000.0 10
1772812464925 1000.0 11
1772812474247 1000.0 12
1772812483601 1000.0 13
1772812493008 1000.0 14
1772812505968 1000.0 15
1772812515363 1000.0 16
1772812524760 1000.0 17
1772812534175 1000.0 18
1772812543512 1000.0 19
1772812556263 1000.0 20
1772812579159 1000.0 21
1772812589576 1000.0 22
1772812600143 1000.0 23
1772812610069 1000.0 24
1772812626156 1000.0 25
1772812636088 1000.0 26
1772812646081 1000.0 27
1772812656017 1000.0 28
1772812665892 1000.0 29
1772812679700 1000.0 30
1772812696711 1000.0 21
1772812706698 1000.0 22
1772812716611 1000.0 23
1772812726417 1000.0 24
1772812742218 1000.0 25
1772812752136 1000.0 26
1772812762114 1000.0 27
1772812772104 1000.0 28
1772812781971 1000.0 29
1772812795518 1000.0 30
1772812812359 1000.0 31
1772812822218 1000.0 32
1772812832050 1000.0 33
1772812841943 1000.0 34
1772812857718 1000.0 35
1772812867631 1000.0 36
1772812877502 1000.0 37
1772812887728 1000.0 38
1772812897944 1000.0 39
1772812911750 1000.0 40
1772812929377 1000.0 41
1772812939452 1000.0 42
1772812949594 1000.0 43
1772812959846 1000.0 44
1772812976067 1000.0 45
1772812986298 1000.0 46
1772812996550 1000.0 47
1772813006809 1000.0 48
1772813017045 1000.0 49
1772813030813 1000.0 50
1772813048085 1000.0 51
1772813058179 1000.0 52
1772813068340 1000.0 53
1772813078566 1000.0 54
1772813094504 1000.0 55
1772813104435 1000.0 56
1772813114572 1000.0 57
1772813124638 1000.0 58
1772813134600 1000.0 59
1772813148097 1000.0 60
1772813158045 1000.0 61
1772813167957 1000.0 62
1772813177853 1000.0 63
1772813187819 1000.0 64
1772813201277 1000.0 65
1772813211209 1000.0 66
1772813221304 1000.0 67
1772813231292 1000.0 68
1772813241266 1000.0 69
1772813254841 1000.0 70
1772813271178 1000.0 71
1772813281179 1000.0 72
1772813291069 1000.0 73
1772813300927 1000.0 74
1772813316680 1000.0 75
1772813326591 1000.0 76
1772813336572 1000.0 77
1772813346505 1000.0 78
1772813356404 1000.0 79
1772813369921 1000.0 80
1772813386414 1000.0 81
1772813396356 1000.0 82
1772813406259 1000.0 83
1772813416131 1000.0 84
1772813431842 1000.0 85
1772813441830 1000.0 86
1772813451752 1000.0 87
1772813461795 1000.0 88
1772813471717 1000.0 89
1772813485178 1000.0 90
1772813495154 1000.0 91
1772813505041 1000.0 92
1772813514977 1000.0 93
1772813524943 1000.0 94
1772813537809 1000.0 95
1772813547118 1000.0 96
1772813556533 1000.0 97
1772813565817 1000.0 98
1772813575364 1000.0 99
1772813588385 1000.0 100
