1772812359797 3.0 1
1772812369839 3.0 2
1772812379397 3.0 3
1772812388863 3.0 4
1772812404551 3.0 5
1772812414010 3.0 6
1772812423572 3.0 7
1772812432970 3.0 8
1772812442450 3.0 9
1772812455428 3.0 10
1772812464905 3.0 11
1772812474225 3.0 12
1772812483583 3.0 13
1772812492985 3.0 14
1772812505944 3.0 15
1772812515343 3.0 16
1772812524738 3.0 17
1772812534157 3.0 18
1772812543490 3.0 19
1772812556241 3.0 20
1772812579142 3.0 21
1772812589557 3.0 22
1772812600126 3.0 23
1772812610052 3.0 24
1772812626138 3.0 25
1772812636071 3.0 26
1772812646063 3.0 27
1772812656000 3.0 28
1772812665875 3.0 29
1772812679678 3.0 30
1772812696694 3.0 21
1772812706680 3.0 22
1772812716594 3.0 23
1772812726401 3.0 24
1772812742200 3.0 25
1772812752115 3.0 26
1772812762097 3.0 27
1772812772084 3.0 28
1772812781954 3.0 29
1772812795500 3.0 30
1772812812342 3.0 31
1772812822197 3.0 32
1772812832033 3.0 33
1772812841926 3.0 34
1772812857701 3.0 35
1772812867610 3.0 36
1772812877484 3.0 37
1772812887704 3.0 38
1772812897926 3.0 39
1772812911733 3.0 40
1772812929360 3.0 41
1772812939434 3.0 42
1772812949572 3.0 43
1772812959822 3.0 44
1772812976046 3.0 45
1772812986280 3.0 46
1772812996527 3.0 47
1772813006792 3.0 48
1772813017024 3.0 49
1772813030794 3.0 50
1772813048068 3.0 51
1772813058162 3.0 52
1772813068322 3.0 53
1772813078548 3.0 54
1772813094486 3.0 55
1772813104412 3.0 56
1772813114555 3.0 57
1772813124615 3.0 58
1772813134581 3.0 59
1772813148064 3.0 60
1772813158023 3.0 61
1772813167939 3.0 62
1772813177831 3.0 63
1772813187800 3.0 64
1772813201260 3.0 65
1772813211189 3.0 66
1772813221285 3.0 67
1772813231270 3.0 68
1772813241248 3.0 69
1772813254823 3.0 70
1772813271156 3.0 71
1772813281161 3.0 72
1772813291048 3.0 73
1772813300909 3.0 74
1772813316662 3.0 75
1772813326573 3.0 76
1772813336555 3.0 77
1772813346487 3.0 78
1772813356387 3.0 79
1772813369904 3.0 80
1772813386396 3.0 81
1772813396334 3.0 82
1772813406242 3.0 83
1772813416110 3.0 84
1772813431825 3.0 85
1772813441809 3.0 86
1772813451734 3.0 87
1772813461773 3.0 88
1772813471700 3.0 89
1772813485159 3.0 90
1772813495136 3.0 91
1772813505024 3.0 92
1772813514958 3.0 93
1772813524926 3.0 94
1772813537793 3.0 95
1772813547101 3.0 96
1772813556516 3.0 97
1772813565800 3.0 98
1772813575346 3.0 99
1772813588369 3.0 100
