1772812359813 60.0 1
1772812369854 60.0 2
1772812379412 60.0 3
1772812388877 60.0 4
1772812404570 60.0 5
1772812414026 60.0 6
1772812423591 60.0 7
1772812432986 60.0 8
1772812442471 60.0 9
1772812455455 60.0 10
1772812464922 60.0 11
1772812474244 60.0 12
1772812483598 60.0 13
1772812493005 60.0 14
1772812505965 60.0 15
1772812515360 60.0 16
1772812524758 60.0 17
1772812534172 60.0 18
1772812543509 60.0 19
1772812556260 60.0 20
1772812579156 60.0 21
1772812589573 60.0 22
1772812600140 60.0 23
1772812610066 60.0 24
1772812626153 60.0 25
1772812636086 60.0 26
1772812646078 60.0 27
1772812656014 60.0 28
1772812665890 60.0 29
1772812679697 60.0 30
1772812696708 60.0 21
1772812706695 60.0 22
1772812716608 60.0 23
1772812726415 60.0 24
1772812742215 60.0 25
1772812752133 60.0 26
1772812762112 60.0 27
1772812772102 60.0 28
1772812781968 60.0 29
1772812795515 60.0 30
1772812812357 60.0 31
1772812822215 60.0 32
1772812832047 60.0 33
1772812841940 60.0 34
1772812857715 60.0 35
1772812867629 60.0 36
1772812877499 60.0 37
1772812887725 60.0 38
1772812897941 60.0 39
1772812911748 60.0 40
1772812929374 60.0 41
1772812939449 60.0 42
1772812949591 60.0 43
1772812959843 60.0 44
1772812976064 60.0 45
1772812986295 60.0 46
1772812996547 60.0 47
1772813006807 60.0 48
1772813017042 60.0 49
1772813030810 60.0 50
1772813048083 60.0 51
1772813058177 60.0 52
1772813068337 60.0 53
1772813078563 60.0 54
1772813094501 60.0 55
1772813104432 60.0 56
1772813114570 60.0 57
1772813124635 60.0 58
1772813134597 60.0 59
1772813148094 60.0 60
1772813158043 60.0 61
1772813167954 60.0 62
1772813177850 60.0 63
1772813187817 60.0 64
1772813201274 60.0 65
1772813211206 60.0 66
1772813221301 60.0 67
1772813231289 60.0 68
1772813241263 60.0 69
1772813254838 60.0 70
1772813271175 60.0 71
1772813281176 60.0 72
1772813291067 60.0 73
1772813300924 60.0 74
1772813316677 60.0 75
1772813326588 60.0 76
1772813336569 60.0 77
1772813346502 60.0 78
1772813356401 60.0 79
1772813369919 60.0 80
1772813386411 60.0 81
1772813396353 60.0 82
1772813406257 60.0 83
1772813416128 60.0 84
1772813431839 60.0 85
1772813441827 60.0 86
1772813451749 60.0 87
1772813461792 60.0 88
1772813471714 60.0 89
1772813485175 60.0 90
1772813495151 60.0 91
1772813505039 60.0 92
1772813514974 60.0 93
1772813524941 60.0 94
1772813537806 60.0 95
1772813547115 60.0 96
1772813556531 60.0 97
1772813565814 60.0 98
1772813575361 60.0 99
1772813588383 60.0 100
