1772812359813 100.0 1
1772812369855 100.0 2
1772812379412 100.0 3
1772812388878 100.0 4
1772812404571 100.0 5
1772812414026 100.0 6
1772812423591 100.0 7
1772812432986 100.0 8
1772812442471 100.0 9
1772812455455 100.0 10
1772812464922 100.0 11
1772812474244 100.0 12
1772812483598 100.0 13
1772812493005 100.0 14
1772812505965 100.0 15
1772812515360 100.0 16
1772812524758 100.0 17
1772812534173 100.0 18
1772812543509 100.0 19
1772812556261 100.0 20
1772812579157 100.0 21
1772812589573 100.0 22
1772812600140 100.0 23
1772812610067 100.0 24
1772812626154 100.0 25
1772812636086 100.0 26
1772812646078 100.0 27
1772812656015 100.0 28
1772812665890 100.0 29
1772812679697 100.0 30
1772812696708 100.0 21
1772812706695 100.0 22
1772812716609 100.0 23
1772812726415 100.0 24
1772812742215 100.0 25
1772812752133 100.0 26
1772812762112 100.0 27
1772812772102 100.0 28
1772812781969 100.0 29
1772812795515 100.0 30
1772812812357 100.0 31
1772812822215 100.0 32
1772812832047 100.0 33
1772812841940 100.0 34
1772812857716 100.0 35
1772812867629 100.0 36
1772812877499 100.0 37
1772812887725 100.0 38
1772812897941 100.0 39
1772812911748 100.0 40
1772812929375 100.0 41
1772812939449 100.0 42
1772812949591 100.0 43
1772812959843 100.0 44
1772812976064 100.0 45
1772812986296 100.0 46
1772812996547 100.0 47
1772813006807 100.0 48
1772813017042 100.0 49
1772813030810 100.0 50
1772813048083 100.0 51
1772813058177 100.0 52
1772813068338 100.0 53
1772813078564 100.0 54
1772813094501 100.0 55
1772813104432 100.0 56
1772813114570 100.0 57
1772813124635 100.0 58
1772813134598 100.0 59
1772813148094 100.0 60
1772813158043 100.0 61
1772813167955 100.0 62
1772813177850 100.0 63
1772813187817 100.0 64
1772813201275 100.0 65
1772813211206 100.0 66
1772813221302 100.0 67
1772813231290 100.0 68
1772813241264 100.0 69
1772813254838 100.0 70
1772813271175 100.0 71
1772813281176 100.0 72
1772813291067 100.0 73
1772813300924 100.0 74
1772813316677 100.0 75
1772813326588 100.0 76
1772813336569 100.0 77
1772813346502 100.0 78
1772813356401 100.0 79
1772813369919 100.0 80
1772813386412 100.0 81
1772813396353 100.0 82
1772813406257 100.0 83
1772813416129 100.0 84
1772813431839 100.0 85
1772813441828 100.0 86
1772813451749 100.0 87
1772813461792 100.0 88
1772813471715 100.0 89
1772813485175 100.0 90
1772813495151 100.0 91
1772813505039 100.0 92
1772813514974 100.0 93
1772813524941 100.0 94
1772813537807 100.0 95
1772813547116 100.0 96
1772813556531 100.0 97
1772813565814 100.0 98
1772813575361 100.0 99
1772813588383 100.0 100
