1772812359799 128.0 1
1772812369840 128.0 2
1772812379398 128.0 3
1772812388865 128.0 4
1772812404552 128.0 5
1772812414012 128.0 6
1772812423573 128.0 7
1772812432972 128.0 8
1772812442452 128.0 9
1772812455429 128.0 10
1772812464906 128.0 11
1772812474227 128.0 12
1772812483585 128.0 13
1772812492986 128.0 14
1772812505945 128.0 15
1772812515345 128.0 16
1772812524740 128.0 17
1772812534158 128.0 18
1772812543492 128.0 19
1772812556243 128.0 20
1772812579143 128.0 21
1772812589560 128.0 22
1772812600127 128.0 23
1772812610053 128.0 24
1772812626140 128.0 25
1772812636073 128.0 26
1772812646064 128.0 27
1772812656001 128.0 28
1772812665877 128.0 29
1772812679680 128.0 30
1772812696695 128.0 21
1772812706682 128.0 22
1772812716595 128.0 23
1772812726402 128.0 24
1772812742202 128.0 25
1772812752117 128.0 26
1772812762099 128.0 27
1772812772085 128.0 28
1772812781955 128.0 29
1772812795502 128.0 30
1772812812343 128.0 31
1772812822198 128.0 32
1772812832034 128.0 33
1772812841927 128.0 34
1772812857702 128.0 35
1772812867612 128.0 36
1772812877486 128.0 37
1772812887706 128.0 38
1772812897928 128.0 39
1772812911734 128.0 40
1772812929361 128.0 41
1772812939435 128.0 42
1772812949574 128.0 43
1772812959824 128.0 44
1772812976047 128.0 45
1772812986282 128.0 46
1772812996528 128.0 47
1772813006793 128.0 48
1772813017025 128.0 49
1772813030796 128.0 50
1772813048069 128.0 51
1772813058164 128.0 52
1772813068324 128.0 53
1772813078550 128.0 54
1772813094488 128.0 55
1772813104414 128.0 56
1772813114556 128.0 57
1772813124617 128.0 58
1772813134583 128.0 59
1772813148066 128.0 60
1772813158025 128.0 61
1772813167941 128.0 62
1772813177833 128.0 63
1772813187802 128.0 64
1772813201261 128.0 65
1772813211191 128.0 66
1772813221287 128.0 67
1772813231271 128.0 68
1772813241249 128.0 69
1772813254824 128.0 70
1772813271157 128.0 71
1772813281163 128.0 72
1772813291049 128.0 73
1772813300911 128.0 74
1772813316664 128.0 75
1772813326575 128.0 76
1772813336556 128.0 77
1772813346488 128.0 78
1772813356388 128.0 79
1772813369906 128.0 80
1772813386398 128.0 81
1772813396336 128.0 82
1772813406244 128.0 83
1772813416111 128.0 84
1772813431826 128.0 85
1772813441811 128.0 86
1772813451736 128.0 87
1772813461774 128.0 88
1772813471701 128.0 89
1772813485160 128.0 90
1772813495138 128.0 91
1772813505026 128.0 92
1772813514960 128.0 93
1772813524927 128.0 94
1772813537794 128.0 95
1772813547103 128.0 96
1772813556518 128.0 97
1772813565802 128.0 98
1772813575347 128.0 99
1772813588370 128.0 100
