1772812359788 1.0 1
1772812369830 1.0 2
1772812379388 1.0 3
1772812388855 1.0 4
1772812404543 1.0 5
1772812414002 1.0 6
1772812423564 1.0 7
1772812432963 1.0 8
1772812442442 1.0 9
1772812455415 1.0 10
1772812464897 1.0 11
1772812474217 1.0 12
1772812483575 1.0 13
1772812492977 1.0 14
1772812505936 1.0 15
1772812515335 1.0 16
1772812524729 1.0 17
1772812534149 1.0 18
1772812543482 1.0 19
1772812556234 1.0 20
1772812579134 1.0 21
1772812589550 1.0 22
1772812600118 1.0 23
1772812610044 1.0 24
1772812626131 1.0 25
1772812636064 1.0 26
1772812646056 1.0 27
1772812655992 1.0 28
1772812665868 1.0 29
1772812679670 1.0 30
1772812696686 1.0 21
1772812706672 1.0 22
1772812716586 1.0 23
1772812726393 1.0 24
1772812742193 1.0 25
1772812752108 1.0 26
1772812762090 1.0 27
1772812772076 1.0 28
1772812781947 1.0 29
1772812795492 1.0 30
1772812812335 1.0 31
1772812822190 1.0 32
1772812832026 1.0 33
1772812841919 1.0 34
1772812857694 1.0 35
1772812867603 1.0 36
1772812877477 1.0 37
1772812887696 1.0 38
1772812897918 1.0 39
1772812911726 1.0 40
1772812929352 1.0 41
1772812939426 1.0 42
1772812949565 1.0 43
1772812959815 1.0 44
1772812976039 1.0 45
1772812986273 1.0 46
1772812996520 1.0 47
1772813006783 1.0 48
1772813017016 1.0 49
1772813030787 1.0 50
1772813048061 1.0 51
1772813058155 1.0 52
1772813068315 1.0 53
1772813078541 1.0 54
1772813094479 1.0 55
1772813104405 1.0 56
1772813114548 1.0 57
1772813124608 1.0 58
1772813134573 1.0 59
1772813148056 1.0 60
1772813158015 1.0 61
1772813167930 1.0 62
1772813177824 1.0 63
1772813187793 1.0 64
1772813201253 1.0 65
1772813211181 1.0 66
1772813221277 1.0 67
1772813231262 1.0 68
1772813241239 1.0 69
1772813254816 1.0 70
1772813271148 1.0 71
1772813281154 1.0 72
1772813291041 1.0 73
1772813300902 1.0 74
1772813316655 1.0 75
1772813326566 1.0 76
1772813336547 1.0 77
1772813346479 1.0 78
1772813356380 1.0 79
1772813369897 1.0 80
1772813386389 1.0 81
1772813396327 1.0 82
1772813406235 1.0 83
1772813416103 1.0 84
1772813431818 1.0 85
1772813441802 1.0 86
1772813451727 1.0 87
1772813461766 1.0 88
1772813471693 1.0 89
1772813485151 1.0 90
1772813495129 1.0 91
1772813505017 1.0 92
1772813514951 1.0 93
1772813524918 1.0 94
1772813537786 1.0 95
1772813547094 1.0 96
1772813556509 1.0 97
1772813565793 1.0 98
1772813575338 1.0 99
1772813588362 1.0 100
