1772812359791 0.0 1
1772812369832 0.0 2
1772812379390 0.0 3
1772812388857 0.0 4
1772812404545 0.0 5
1772812414004 0.0 6
1772812423566 0.0 7
1772812432965 0.0 8
1772812442444 0.0 9
1772812455419 0.0 10
1772812464899 0.0 11
1772812474219 0.0 12
1772812483578 0.0 13
1772812492979 0.0 14
1772812505938 0.0 15
1772812515337 0.0 16
1772812524732 0.0 17
1772812534151 0.0 18
1772812543484 0.0 19
1772812556236 0.0 20
1772812579136 0.0 21
1772812589552 0.0 22
1772812600120 0.0 23
1772812610046 0.0 24
1772812626133 0.0 25
1772812636066 0.0 26
1772812646058 0.0 27
1772812655994 0.0 28
1772812665870 0.0 29
1772812679672 0.0 30
1772812696688 0.0 21
1772812706674 0.0 22
1772812716588 0.0 23
1772812726395 0.0 24
1772812742195 0.0 25
1772812752110 0.0 26
1772812762092 0.0 27
1772812772078 0.0 28
1772812781949 0.0 29
1772812795495 0.0 30
1772812812337 0.0 31
1772812822192 0.0 32
1772812832028 0.0 33
1772812841921 0.0 34
1772812857696 0.0 35
1772812867605 0.0 36
1772812877479 0.0 37
1772812887698 0.0 38
1772812897920 0.0 39
1772812911728 0.0 40
1772812929355 0.0 41
1772812939429 0.0 42
1772812949567 0.0 43
1772812959817 0.0 44
1772812976041 0.0 45
1772812986275 0.0 46
1772812996522 0.0 47
1772813006785 0.0 48
1772813017018 0.0 49
1772813030789 0.0 50
1772813048063 0.0 51
1772813058157 0.0 52
1772813068317 0.0 53
1772813078543 0.0 54
1772813094481 0.0 55
1772813104407 0.0 56
1772813114550 0.0 57
1772813124610 0.0 58
1772813134575 0.0 59
1772813148058 0.0 60
1772813158017 0.0 61
1772813167932 0.0 62
1772813177826 0.0 63
1772813187795 0.0 64
1772813201254 0.0 65
1772813211184 0.0 66
1772813221279 0.0 67
1772813231264 0.0 68
1772813241241 0.0 69
1772813254818 0.0 70
1772813271150 0.0 71
1772813281156 0.0 72
1772813291043 0.0 73
1772813300904 0.0 74
1772813316657 0.0 75
1772813326568 0.0 76
1772813336549 0.0 77
1772813346481 0.0 78
1772813356382 0.0 79
1772813369899 0.0 80
1772813386391 0.0 81
1772813396329 0.0 82
1772813406237 0.0 83
1772813416105 0.0 84
1772813431820 0.0 85
1772813441804 0.0 86
1772813451729 0.0 87
1772813461768 0.0 88
1772813471695 0.0 89
1772813485153 0.0 90
1772813495131 0.0 91
1772813505019 0.0 92
1772813514953 0.0 93
1772813524920 0.0 94
1772813537788 0.0 95
1772813547096 0.0 96
1772813556511 0.0 97
1772813565795 0.0 98
1772813575340 0.0 99
1772813588363 0.0 100
