1772812359795 0.0 1
1772812369837 0.0 2
1772812379395 0.0 3
1772812388861 0.0 4
1772812404549 0.0 5
1772812414009 0.0 6
1772812423570 0.0 7
1772812432969 0.0 8
1772812442448 0.0 9
1772812455426 0.0 10
1772812464903 0.0 11
1772812474224 0.0 12
1772812483582 0.0 13
1772812492983 0.0 14
1772812505942 0.0 15
1772812515342 0.0 16
1772812524737 0.0 17
1772812534155 0.0 18
1772812543489 0.0 19
1772812556240 0.0 20
1772812579140 0.0 21
1772812589556 0.0 22
1772812600124 0.0 23
1772812610051 0.0 24
1772812626137 0.0 25
1772812636070 0.0 26
1772812646061 0.0 27
1772812655998 0.0 28
1772812665874 0.0 29
1772812679677 0.0 30
1772812696693 0.0 21
1772812706679 0.0 22
1772812716592 0.0 23
1772812726399 0.0 24
1772812742199 0.0 25
1772812752114 0.0 26
1772812762096 0.0 27
1772812772082 0.0 28
1772812781953 0.0 29
1772812795499 0.0 30
1772812812341 0.0 31
1772812822195 0.0 32
1772812832032 0.0 33
1772812841924 0.0 34
1772812857700 0.0 35
1772812867609 0.0 36
1772812877483 0.0 37
1772812887703 0.0 38
1772812897925 0.0 39
1772812911732 0.0 40
1772812929359 0.0 41
1772812939432 0.0 42
1772812949571 0.0 43
1772812959821 0.0 44
1772812976045 0.0 45
1772812986279 0.0 46
1772812996526 0.0 47
1772813006790 0.0 48
1772813017022 0.0 49
1772813030793 0.0 50
1772813048067 0.0 51
1772813058161 0.0 52
1772813068321 0.0 53
1772813078547 0.0 54
1772813094485 0.0 55
1772813104411 0.0 56
1772813114554 0.0 57
1772813124614 0.0 58
1772813134580 0.0 59
1772813148063 0.0 60
1772813158022 0.0 61
1772813167937 0.0 62
1772813177830 0.0 63
1772813187799 0.0 64
1772813201258 0.0 65
1772813211188 0.0 66
1772813221283 0.0 67
1772813231269 0.0 68
1772813241246 0.0 69
1772813254822 0.0 70
1772813271154 0.0 71
1772813281160 0.0 72
1772813291047 0.0 73
1772813300908 0.0 74
1772813316661 0.0 75
1772813326572 0.0 76
1772813336553 0.0 77
1772813346486 0.0 78
1772813356386 0.0 79
1772813369903 0.0 80
1772813386395 0.0 81
1772813396333 0.0 82
1772813406241 0.0 83
1772813416109 0.0 84
1772813431824 0.0 85
1772813441808 0.0 86
1772813451733 0.0 87
1772813461772 0.0 88
1772813471699 0.0 89
1772813485157 0.0 90
1772813495135 0.0 91
1772813505023 0.0 92
1772813514957 0.0 93
1772813524924 0.0 94
1772813537791 0.0 95
1772813547100 0.0 96
1772813556515 0.0 97
1772813565799 0.0 98
1772813575344 0.0 99
1772813588367 0.0 100
