1772812359789 2.0 1
1772812369831 2.0 2
1772812379389 2.0 3
1772812388856 2.0 4
1772812404544 2.0 5
1772812414003 2.0 6
1772812423565 2.0 7
1772812432964 2.0 8
1772812442443 2.0 9
1772812455417 2.0 10
1772812464898 2.0 11
1772812474218 2.0 12
1772812483577 2.0 13
1772812492978 2.0 14
1772812505937 2.0 15
1772812515336 2.0 16
1772812524730 2.0 17
1772812534150 2.0 18
1772812543483 2.0 19
1772812556235 2.0 20
1772812579135 2.0 21
1772812589551 2.0 22
1772812600119 2.0 23
1772812610045 2.0 24
1772812626132 2.0 25
1772812636065 2.0 26
1772812646057 2.0 27
1772812655993 2.0 28
1772812665869 2.0 29
1772812679671 2.0 30
1772812696687 2.0 21
1772812706673 2.0 22
1772812716587 2.0 23
1772812726394 2.0 24
1772812742194 2.0 25
1772812752109 2.0 26
1772812762091 2.0 27
1772812772077 2.0 28
1772812781948 2.0 29
1772812795494 2.0 30
1772812812336 2.0 31
1772812822191 2.0 32
1772812832027 2.0 33
1772812841920 2.0 34
1772812857695 2.0 35
1772812867604 2.0 36
1772812877478 2.0 37
1772812887697 2.0 38
1772812897919 2.0 39
1772812911727 2.0 40
1772812929353 2.0 41
1772812939427 2.0 42
1772812949566 2.0 43
1772812959816 2.0 44
1772812976040 2.0 45
1772812986274 2.0 46
1772812996521 2.0 47
1772813006784 2.0 48
1772813017017 2.0 49
1772813030788 2.0 50
1772813048062 2.0 51
1772813058156 2.0 52
1772813068316 2.0 53
1772813078542 2.0 54
1772813094480 2.0 55
1772813104406 2.0 56
1772813114549 2.0 57
1772813124609 2.0 58
1772813134574 2.0 59
1772813148057 2.0 60
1772813158016 2.0 61
1772813167931 2.0 62
1772813177825 2.0 63
1772813187794 2.0 64
1772813201253 2.0 65
1772813211182 2.0 66
1772813221278 2.0 67
1772813231263 2.0 68
1772813241240 2.0 69
1772813254817 2.0 70
1772813271149 2.0 71
1772813281155 2.0 72
1772813291042 2.0 73
1772813300903 2.0 74
1772813316656 2.0 75
1772813326567 2.0 76
1772813336548 2.0 77
1772813346480 2.0 78
1772813356381 2.0 79
1772813369898 2.0 80
1772813386390 2.0 81
1772813396328 2.0 82
1772813406236 2.0 83
1772813416104 2.0 84
1772813431819 2.0 85
1772813441803 2.0 86
1772813451728 2.0 87
1772813461767 2.0 88
1772813471694 2.0 89
1772813485152 2.0 90
1772813495130 2.0 91
1772813505018 2.0 92
1772813514952 2.0 93
1772813524919 2.0 94
1772813537787 2.0 95
1772813547095 2.0 96
1772813556510 2.0 97
1772813565794 2.0 98
1772813575339 2.0 99
1772813588363 2.0 100
