1772812359790 1.0 1
1772812369832 1.0 2
1772812379390 1.0 3
1772812388857 1.0 4
1772812404545 1.0 5
1772812414004 1.0 6
1772812423566 1.0 7
1772812432964 1.0 8
1772812442444 1.0 9
1772812455417 1.0 10
1772812464898 1.0 11
1772812474219 1.0 12
1772812483577 1.0 13
1772812492979 1.0 14
1772812505937 1.0 15
1772812515337 1.0 16
1772812524731 1.0 17
1772812534151 1.0 18
1772812543484 1.0 19
1772812556235 1.0 20
1772812579136 1.0 21
1772812589551 1.0 22
1772812600120 1.0 23
1772812610045 1.0 24
1772812626133 1.0 25
1772812636066 1.0 26
1772812646057 1.0 27
1772812655994 1.0 28
1772812665869 1.0 29
1772812679672 1.0 30
1772812696688 1.0 21
1772812706673 1.0 22
1772812716588 1.0 23
1772812726395 1.0 24
1772812742195 1.0 25
1772812752110 1.0 26
1772812762091 1.0 27
1772812772078 1.0 28
1772812781948 1.0 29
1772812795494 1.0 30
1772812812336 1.0 31
1772812822191 1.0 32
1772812832027 1.0 33
1772812841920 1.0 34
1772812857695 1.0 35
1772812867604 1.0 36
1772812877478 1.0 37
1772812887698 1.0 38
1772812897919 1.0 39
1772812911727 1.0 40
1772812929354 1.0 41
1772812939428 1.0 42
1772812949567 1.0 43
1772812959816 1.0 44
1772812976040 1.0 45
1772812986275 1.0 46
1772812996521 1.0 47
1772813006785 1.0 48
1772813017018 1.0 49
1772813030788 1.0 50
1772813048063 1.0 51
1772813058157 1.0 52
1772813068317 1.0 53
1772813078543 1.0 54
1772813094480 1.0 55
1772813104406 1.0 56
1772813114549 1.0 57
1772813124609 1.0 58
1772813134575 1.0 59
1772813148058 1.0 60
1772813158017 1.0 61
1772813167931 1.0 62
1772813177825 1.0 63
1772813187794 1.0 64
1772813201254 1.0 65
1772813211183 1.0 66
1772813221279 1.0 67
1772813231264 1.0 68
1772813241241 1.0 69
1772813254817 1.0 70
1772813271150 1.0 71
1772813281156 1.0 72
1772813291042 1.0 73
1772813300904 1.0 74
1772813316657 1.0 75
1772813326567 1.0 76
1772813336549 1.0 77
1772813346481 1.0 78
1772813356381 1.0 79
1772813369898 1.0 80
1772813386391 1.0 81
1772813396329 1.0 82
1772813406236 1.0 83
1772813416104 1.0 84
1772813431819 1.0 85
1772813441803 1.0 86
1772813451728 1.0 87
1772813461767 1.0 88
1772813471694 1.0 89
1772813485153 1.0 90
1772813495130 1.0 91
1772813505018 1.0 92
1772813514953 1.0 93
1772813524920 1.0 94
1772813537787 1.0 95
1772813547096 1.0 96
1772813556511 1.0 97
1772813565795 1.0 98
1772813575339 1.0 99
1772813588363 1.0 100
