1772812359817 100.0 1
1772812369858 100.0 2
1772812379415 100.0 3
1772812388881 100.0 4
1772812404574 100.0 5
1772812414030 100.0 6
1772812423595 100.0 7
1772812432989 100.0 8
1772812442474 100.0 9
1772812455461 100.0 10
1772812464925 100.0 11
1772812474248 100.0 12
1772812483602 100.0 13
1772812493008 100.0 14
1772812505969 100.0 15
1772812515364 100.0 16
1772812524761 100.0 17
1772812534176 100.0 18
1772812543513 100.0 19
1772812556264 100.0 20
1772812579160 100.0 21
1772812589577 100.0 22
1772812600143 100.0 23
1772812610070 100.0 24
1772812626157 100.0 25
1772812636089 100.0 26
1772812646081 100.0 27
1772812656018 100.0 28
1772812665893 100.0 29
1772812679701 100.0 30
1772812696711 100.0 21
1772812706699 100.0 22
1772812716612 100.0 23
1772812726418 100.0 24
1772812742219 100.0 25
1772812752137 100.0 26
1772812762115 100.0 27
1772812772105 100.0 28
1772812781972 100.0 29
1772812795518 100.0 30
1772812812360 100.0 31
1772812822218 100.0 32
1772812832051 100.0 33
1772812841944 100.0 34
1772812857719 100.0 35
1772812867632 100.0 36
1772812877502 100.0 37
1772812887728 100.0 38
1772812897945 100.0 39
1772812911751 100.0 40
1772812929378 100.0 41
1772812939453 100.0 42
1772812949594 100.0 43
1772812959847 100.0 44
1772812976068 100.0 45
1772812986299 100.0 46
1772812996551 100.0 47
1772813006810 100.0 48
1772813017046 100.0 49
1772813030813 100.0 50
1772813048086 100.0 51
1772813058180 100.0 52
1772813068341 100.0 53
1772813078567 100.0 54
1772813094505 100.0 55
1772813104436 100.0 56
1772813114573 100.0 57
1772813124639 100.0 58
1772813134601 100.0 59
1772813148097 100.0 60
1772813158046 100.0 61
1772813167958 100.0 62
1772813177854 100.0 63
1772813187820 100.0 64
1772813201278 100.0 65
1772813211210 100.0 66
1772813221305 100.0 67
1772813231293 100.0 68
1772813241267 100.0 69
1772813254841 100.0 70
1772813271178 100.0 71
1772813281180 100.0 72
1772813291070 100.0 73
1772813300928 100.0 74
1772813316681 100.0 75
1772813326592 100.0 76
1772813336573 100.0 77
1772813346505 100.0 78
1772813356404 100.0 79
1772813369922 100.0 80
1772813386415 100.0 81
1772813396357 100.0 82
1772813406260 100.0 83
1772813416132 100.0 84
1772813431843 100.0 85
1772813441831 100.0 86
1772813451753 100.0 87
1772813461796 100.0 88
1772813471718 100.0 89
1772813485178 100.0 90
1772813495154 100.0 91
1772813505042 100.0 92
1772813514977 100.0 93
1772813524944 100.0 94
1772813537810 100.0 95
1772813547119 100.0 96
1772813556534 100.0 97
1772813565818 100.0 98
1772813575364 100.0 99
1772813588386 100.0 100
