1772812359798 30.0 1
1772812369840 30.0 2
1772812379398 30.0 3
1772812388864 30.0 4
1772812404552 30.0 5
1772812414011 30.0 6
1772812423573 30.0 7
1772812432971 30.0 8
1772812442451 30.0 9
1772812455429 30.0 10
1772812464906 30.0 11
1772812474226 30.0 12
1772812483584 30.0 13
1772812492986 30.0 14
1772812505945 30.0 15
1772812515344 30.0 16
1772812524740 30.0 17
1772812534158 30.0 18
1772812543492 30.0 19
1772812556242 30.0 20
1772812579143 30.0 21
1772812589560 30.0 22
1772812600127 30.0 23
1772812610053 30.0 24
1772812626140 30.0 25
1772812636072 30.0 26
1772812646064 30.0 27
1772812656001 30.0 28
1772812665877 30.0 29
1772812679680 30.0 30
1772812696695 30.0 21
1772812706682 30.0 22
1772812716595 30.0 23
1772812726402 30.0 24
1772812742202 30.0 25
1772812752117 30.0 26
1772812762099 30.0 27
1772812772085 30.0 28
1772812781955 30.0 29
1772812795501 30.0 30
1772812812343 30.0 31
1772812822198 30.0 32
1772812832034 30.0 33
1772812841927 30.0 34
1772812857702 30.0 35
1772812867612 30.0 36
1772812877485 30.0 37
1772812887705 30.0 38
1772812897928 30.0 39
1772812911734 30.0 40
1772812929361 30.0 41
1772812939435 30.0 42
1772812949574 30.0 43
1772812959824 30.0 44
1772812976047 30.0 45
1772812986282 30.0 46
1772812996528 30.0 47
1772813006793 30.0 48
1772813017025 30.0 49
1772813030796 30.0 50
1772813048069 30.0 51
1772813058163 30.0 52
1772813068324 30.0 53
1772813078550 30.0 54
1772813094488 30.0 55
1772813104414 30.0 56
1772813114556 30.0 57
1772813124617 30.0 58
1772813134582 30.0 59
1772813148066 30.0 60
1772813158025 30.0 61
1772813167940 30.0 62
1772813177832 30.0 63
1772813187801 30.0 64
1772813201261 30.0 65
1772813211191 30.0 66
1772813221286 30.0 67
1772813231271 30.0 68
1772813241249 30.0 69
1772813254824 30.0 70
1772813271157 30.0 71
1772813281162 30.0 72
1772813291049 30.0 73
1772813300911 30.0 74
1772813316664 30.0 75
1772813326574 30.0 76
1772813336556 30.0 77
1772813346488 30.0 78
1772813356388 30.0 79
1772813369906 30.0 80
1772813386398 30.0 81
1772813396336 30.0 82
1772813406243 30.0 83
1772813416111 30.0 84
1772813431826 30.0 85
1772813441810 30.0 86
1772813451735 30.0 87
1772813461774 30.0 88
1772813471701 30.0 89
1772813485160 30.0 90
1772813495137 30.0 91
1772813505026 30.0 92
1772813514960 30.0 93
1772813524927 30.0 94
1772813537794 30.0 95
1772813547103 30.0 96
1772813556518 30.0 97
1772813565801 30.0 98
1772813575347 30.0 99
1772813588370 30.0 100
