1772812359805 0.0 1
1772812369846 0.0 2
1772812379404 0.0 3
1772812388870 0.0 4
1772812404558 0.0 5
1772812414017 0.0 6
1772812423579 0.0 7
1772812432978 0.0 8
1772812442459 0.0 9
1772812455442 0.0 10
1772812464914 0.0 11
1772812474233 0.0 12
1772812483591 0.0 13
1772812492993 0.0 14
1772812505952 0.0 15
1772812515351 0.0 16
1772812524746 0.0 17
1772812534164 0.0 18
1772812543498 0.0 19
1772812556250 0.0 20
1772812579149 0.0 21
1772812589566 0.0 22
1772812600133 0.0 23
1772812610059 0.0 24
1772812626146 0.0 25
1772812636078 0.0 26
1772812646070 0.0 27
1772812656007 0.0 28
1772812665882 0.0 29
1772812679686 0.0 30
1772812696701 0.0 21
1772812706688 0.0 22
1772812716601 0.0 23
1772812726407 0.0 24
1772812742207 0.0 25
1772812752122 0.0 26
1772812762104 0.0 27
1772812772091 0.0 28
1772812781961 0.0 29
1772812795507 0.0 30
1772812812349 0.0 31
1772812822204 0.0 32
1772812832040 0.0 33
1772812841933 0.0 34
1772812857708 0.0 35
1772812867617 0.0 36
1772812877491 0.0 37
1772812887712 0.0 38
1772812897933 0.0 39
1772812911740 0.0 40
1772812929367 0.0 41
1772812939441 0.0 42
1772812949579 0.0 43
1772812959836 0.0 44
1772812976053 0.0 45
1772812986288 0.0 46
1772812996534 0.0 47
1772813006799 0.0 48
1772813017031 0.0 49
1772813030802 0.0 50
1772813048075 0.0 51
1772813058169 0.0 52
1772813068330 0.0 53
1772813078556 0.0 54
1772813094493 0.0 55
1772813104420 0.0 56
1772813114562 0.0 57
1772813124623 0.0 58
1772813134590 0.0 59
1772813148080 0.0 60
1772813158031 0.0 61
1772813167947 0.0 62
1772813177839 0.0 63
1772813187809 0.0 64
1772813201267 0.0 65
1772813211197 0.0 66
1772813221294 0.0 67
1772813231277 0.0 68
1772813241255 0.0 69
1772813254830 0.0 70
1772813271163 0.0 71
1772813281169 0.0 72
1772813291055 0.0 73
1772813300917 0.0 74
1772813316670 0.0 75
1772813326580 0.0 76
1772813336562 0.0 77
1772813346494 0.0 78
1772813356394 0.0 79
1772813369911 0.0 80
1772813386404 0.0 81
1772813396342 0.0 82
1772813406249 0.0 83
1772813416117 0.0 84
1772813431832 0.0 85
1772813441816 0.0 86
1772813451741 0.0 87
1772813461780 0.0 88
1772813471707 0.0 89
1772813485167 0.0 90
1772813495143 0.0 91
1772813505031 0.0 92
1772813514966 0.0 93
1772813524933 0.0 94
1772813537799 0.0 95
1772813547108 0.0 96
1772813556523 0.0 97
1772813565807 0.0 98
1772813575353 0.0 99
1772813588375 0.0 100
