1772812359807 1.0 1
1772812369848 1.0 2
1772812379406 1.0 3
1772812388872 1.0 4
1772812404560 1.0 5
1772812414020 1.0 6
1772812423582 1.0 7
1772812432980 1.0 8
1772812442461 1.0 9
1772812455444 1.0 10
1772812464916 1.0 11
1772812474234 1.0 12
1772812483593 1.0 13
1772812492995 1.0 14
1772812505955 1.0 15
1772812515353 1.0 16
1772812524748 1.0 17
1772812534166 1.0 18
1772812543500 1.0 19
1772812556252 1.0 20
1772812579151 1.0 21
1772812589568 1.0 22
1772812600134 1.0 23
1772812610061 1.0 24
1772812626148 1.0 25
1772812636080 1.0 26
1772812646072 1.0 27
1772812656009 1.0 28
1772812665884 1.0 29
1772812679687 1.0 30
1772812696703 1.0 21
1772812706689 1.0 22
1772812716602 1.0 23
1772812726409 1.0 24
1772812742209 1.0 25
1772812752124 1.0 26
1772812762106 1.0 27
1772812772092 1.0 28
1772812781962 1.0 29
1772812795509 1.0 30
1772812812351 1.0 31
1772812822205 1.0 32
1772812832042 1.0 33
1772812841934 1.0 34
1772812857710 1.0 35
1772812867623 1.0 36
1772812877493 1.0 37
1772812887718 1.0 38
1772812897935 1.0 39
1772812911742 1.0 40
1772812929369 1.0 41
1772812939443 1.0 42
1772812949581 1.0 43
1772812959837 1.0 44
1772812976055 1.0 45
1772812986290 1.0 46
1772812996536 1.0 47
1772813006801 1.0 48
1772813017032 1.0 49
1772813030804 1.0 50
1772813048077 1.0 51
1772813058171 1.0 52
1772813068332 1.0 53
1772813078558 1.0 54
1772813094495 1.0 55
1772813104422 1.0 56
1772813114564 1.0 57
1772813124625 1.0 58
1772813134592 1.0 59
1772813148082 1.0 60
1772813158033 1.0 61
1772813167949 1.0 62
1772813177841 1.0 63
1772813187811 1.0 64
1772813201269 1.0 65
1772813211199 1.0 66
1772813221296 1.0 67
1772813231279 1.0 68
1772813241257 1.0 69
1772813254832 1.0 70
1772813271165 1.0 71
1772813281170 1.0 72
1772813291057 1.0 73
1772813300919 1.0 74
1772813316671 1.0 75
1772813326582 1.0 76
1772813336564 1.0 77
1772813346496 1.0 78
1772813356396 1.0 79
1772813369913 1.0 80
1772813386405 1.0 81
1772813396344 1.0 82
1772813406251 1.0 83
1772813416119 1.0 84
1772813431833 1.0 85
1772813441822 1.0 86
1772813451743 1.0 87
1772813461786 1.0 88
1772813471709 1.0 89
1772813485169 1.0 90
1772813495145 1.0 91
1772813505033 1.0 92
1772813514968 1.0 93
1772813524935 1.0 94
1772813537801 1.0 95
1772813547110 1.0 96
1772813556525 1.0 97
1772813565809 1.0 98
1772813575355 1.0 99
1772813588377 1.0 100
