1772812359805 1.0 1
1772812369846 1.0 2
1772812379404 1.0 3
1772812388870 1.0 4
1772812404558 1.0 5
1772812414017 1.0 6
1772812423579 1.0 7
1772812432978 1.0 8
1772812442459 1.0 9
1772812455441 1.0 10
1772812464913 1.0 11
1772812474232 1.0 12
1772812483590 1.0 13
1772812492993 1.0 14
1772812505952 1.0 15
1772812515350 1.0 16
1772812524746 1.0 17
1772812534164 1.0 18
1772812543498 1.0 19
1772812556250 1.0 20
1772812579149 1.0 21
1772812589565 1.0 22
1772812600132 1.0 23
1772812610059 1.0 24
1772812626145 1.0 25
1772812636078 1.0 26
1772812646070 1.0 27
1772812656007 1.0 28
1772812665882 1.0 29
1772812679685 1.0 30
1772812696701 1.0 21
1772812706687 1.0 22
1772812716600 1.0 23
1772812726407 1.0 24
1772812742207 1.0 25
1772812752122 1.0 26
1772812762104 1.0 27
1772812772090 1.0 28
1772812781960 1.0 29
1772812795507 1.0 30
1772812812349 1.0 31
1772812822203 1.0 32
1772812832040 1.0 33
1772812841932 1.0 34
1772812857708 1.0 35
1772812867617 1.0 36
1772812877491 1.0 37
1772812887711 1.0 38
1772812897933 1.0 39
1772812911740 1.0 40
1772812929367 1.0 41
1772812939441 1.0 42
1772812949579 1.0 43
1772812959835 1.0 44
1772812976053 1.0 45
1772812986288 1.0 46
1772812996534 1.0 47
1772813006799 1.0 48
1772813017030 1.0 49
1772813030802 1.0 50
1772813048075 1.0 51
1772813058169 1.0 52
1772813068330 1.0 53
1772813078556 1.0 54
1772813094493 1.0 55
1772813104420 1.0 56
1772813114562 1.0 57
1772813124623 1.0 58
1772813134589 1.0 59
1772813148080 1.0 60
1772813158031 1.0 61
1772813167946 1.0 62
1772813177838 1.0 63
1772813187808 1.0 64
1772813201266 1.0 65
1772813211197 1.0 66
1772813221293 1.0 67
1772813231277 1.0 68
1772813241255 1.0 69
1772813254830 1.0 70
1772813271163 1.0 71
1772813281168 1.0 72
1772813291055 1.0 73
1772813300917 1.0 74
1772813316669 1.0 75
1772813326580 1.0 76
1772813336562 1.0 77
1772813346494 1.0 78
1772813356394 1.0 79
1772813369911 1.0 80
1772813386403 1.0 81
1772813396341 1.0 82
1772813406249 1.0 83
1772813416117 1.0 84
1772813431832 1.0 85
1772813441816 1.0 86
1772813451741 1.0 87
1772813461780 1.0 88
1772813471707 1.0 89
1772813485166 1.0 90
1772813495143 1.0 91
1772813505031 1.0 92
1772813514966 1.0 93
1772813524933 1.0 94
1772813537799 1.0 95
1772813547108 1.0 96
1772813556523 1.0 97
1772813565807 1.0 98
1772813575353 1.0 99
1772813588375 1.0 100
