1772812359804 67108864.0 1
1772812369845 67108864.0 2
1772812379404 67108864.0 3
1772812388869 67108864.0 4
1772812404557 67108864.0 5
1772812414016 67108864.0 6
1772812423578 67108864.0 7
1772812432977 67108864.0 8
1772812442458 67108864.0 9
1772812455441 67108864.0 10
1772812464912 67108864.0 11
1772812474232 67108864.0 12
1772812483590 67108864.0 13
1772812492992 67108864.0 14
1772812505951 67108864.0 15
1772812515350 67108864.0 16
1772812524745 67108864.0 17
1772812534163 67108864.0 18
1772812543497 67108864.0 19
1772812556249 67108864.0 20
1772812579148 67108864.0 21
1772812589565 67108864.0 22
1772812600132 67108864.0 23
1772812610058 67108864.0 24
1772812626145 67108864.0 25
1772812636077 67108864.0 26
1772812646069 67108864.0 27
1772812656006 67108864.0 28
1772812665882 67108864.0 29
1772812679685 67108864.0 30
1772812696700 67108864.0 21
1772812706687 67108864.0 22
1772812716600 67108864.0 23
1772812726407 67108864.0 24
1772812742206 67108864.0 25
1772812752122 67108864.0 26
1772812762104 67108864.0 27
1772812772090 67108864.0 28
1772812781960 67108864.0 29
1772812795506 67108864.0 30
1772812812348 67108864.0 31
1772812822203 67108864.0 32
1772812832039 67108864.0 33
1772812841932 67108864.0 34
1772812857707 67108864.0 35
1772812867617 67108864.0 36
1772812877490 67108864.0 37
1772812887711 67108864.0 38
1772812897933 67108864.0 39
1772812911739 67108864.0 40
1772812929366 67108864.0 41
1772812939440 67108864.0 42
1772812949579 67108864.0 43
1772812959835 67108864.0 44
1772812976052 67108864.0 45
1772812986287 67108864.0 46
1772812996533 67108864.0 47
1772813006798 67108864.0 48
1772813017030 67108864.0 49
1772813030801 67108864.0 50
1772813048074 67108864.0 51
1772813058169 67108864.0 52
1772813068329 67108864.0 53
1772813078555 67108864.0 54
1772813094493 67108864.0 55
1772813104419 67108864.0 56
1772813114562 67108864.0 57
1772813124622 67108864.0 58
1772813134589 67108864.0 59
1772813148079 67108864.0 60
1772813158030 67108864.0 61
1772813167946 67108864.0 62
1772813177838 67108864.0 63
1772813187808 67108864.0 64
1772813201266 67108864.0 65
1772813211196 67108864.0 66
1772813221293 67108864.0 67
1772813231276 67108864.0 68
1772813241254 67108864.0 69
1772813254830 67108864.0 70
1772813271162 67108864.0 71
1772813281168 67108864.0 72
1772813291054 67108864.0 73
1772813300916 67108864.0 74
1772813316669 67108864.0 75
1772813326579 67108864.0 76
1772813336561 67108864.0 77
1772813346493 67108864.0 78
1772813356393 67108864.0 79
1772813369911 67108864.0 80
1772813386403 67108864.0 81
1772813396341 67108864.0 82
1772813406248 67108864.0 83
1772813416116 67108864.0 84
1772813431831 67108864.0 85
1772813441816 67108864.0 86
1772813451741 67108864.0 87
1772813461779 67108864.0 88
1772813471706 67108864.0 89
1772813485166 67108864.0 90
1772813495143 67108864.0 91
1772813505031 67108864.0 92
1772813514966 67108864.0 93
1772813524932 67108864.0 94
1772813537799 67108864.0 95
1772813547108 67108864.0 96
1772813556523 67108864.0 97
1772813565806 67108864.0 98
1772813575352 67108864.0 99
1772813588374 67108864.0 100
