1772812359821 -1.0 1
1772812369862 -1.0 2
1772812379419 -1.0 3
1772812388885 -1.0 4
1772812404578 -1.0 5
1772812414033 -1.0 6
1772812423598 -1.0 7
1772812432993 -1.0 8
1772812442478 -1.0 9
1772812455472 -1.0 10
1772812464929 -1.0 11
1772812474251 -1.0 12
1772812483605 -1.0 13
1772812493012 -1.0 14
1772812505973 -1.0 15
1772812515368 -1.0 16
1772812524765 -1.0 17
1772812534179 -1.0 18
1772812543516 -1.0 19
1772812556267 -1.0 20
1772812579163 -1.0 21
1772812589580 -1.0 22
1772812600147 -1.0 23
1772812610073 -1.0 24
1772812626160 -1.0 25
1772812636093 -1.0 26
1772812646085 -1.0 27
1772812656021 -1.0 28
1772812665896 -1.0 29
1772812679704 -1.0 30
1772812696715 -1.0 21
1772812706702 -1.0 22
1772812716615 -1.0 23
1772812726421 -1.0 24
1772812742222 -1.0 25
1772812752140 -1.0 26
1772812762119 -1.0 27
1772812772108 -1.0 28
1772812781975 -1.0 29
1772812795522 -1.0 30
1772812812364 -1.0 31
1772812822222 -1.0 32
1772812832054 -1.0 33
1772812841948 -1.0 34
1772812857722 -1.0 35
1772812867636 -1.0 36
1772812877506 -1.0 37
1772812887732 -1.0 38
1772812897949 -1.0 39
1772812911754 -1.0 40
1772812929381 -1.0 41
1772812939456 -1.0 42
1772812949598 -1.0 43
1772812959850 -1.0 44
1772812976071 -1.0 45
1772812986303 -1.0 46
1772812996554 -1.0 47
1772813006814 -1.0 48
1772813017049 -1.0 49
1772813030817 -1.0 50
1772813048089 -1.0 51
1772813058184 -1.0 52
1772813068344 -1.0 53
1772813078570 -1.0 54
1772813094508 -1.0 55
1772813104439 -1.0 56
1772813114576 -1.0 57
1772813124642 -1.0 58
1772813134604 -1.0 59
1772813148101 -1.0 60
1772813158050 -1.0 61
1772813167961 -1.0 62
1772813177857 -1.0 63
1772813187824 -1.0 64
1772813201281 -1.0 65
1772813211215 -1.0 66
1772813221308 -1.0 67
1772813231297 -1.0 68
1772813241271 -1.0 69
1772813254845 -1.0 70
1772813271182 -1.0 71
1772813281183 -1.0 72
1772813291074 -1.0 73
1772813300931 -1.0 74
1772813316684 -1.0 75
1772813326595 -1.0 76
1772813336576 -1.0 77
1772813346509 -1.0 78
1772813356408 -1.0 79
1772813369925 -1.0 80
1772813386418 -1.0 81
1772813396360 -1.0 82
1772813406264 -1.0 83
1772813416135 -1.0 84
1772813431846 -1.0 85
1772813441834 -1.0 86
1772813451756 -1.0 87
1772813461799 -1.0 88
1772813471721 -1.0 89
1772813485182 -1.0 90
1772813495158 -1.0 91
1772813505046 -1.0 92
1772813514981 -1.0 93
1772813524948 -1.0 94
1772813537813 -1.0 95
1772813547122 -1.0 96
1772813556537 -1.0 97
1772813565821 -1.0 98
1772813575368 -1.0 99
1772813588389 -1.0 100
