1772812359800 100.0 1
1772812369842 100.0 2
1772812379400 100.0 3
1772812388866 100.0 4
1772812404554 100.0 5
1772812414013 100.0 6
1772812423575 100.0 7
1772812432973 100.0 8
1772812442454 100.0 9
1772812455431 100.0 10
1772812464908 100.0 11
1772812474228 100.0 12
1772812483586 100.0 13
1772812492988 100.0 14
1772812505947 100.0 15
1772812515346 100.0 16
1772812524742 100.0 17
1772812534160 100.0 18
1772812543493 100.0 19
1772812556245 100.0 20
1772812579145 100.0 21
1772812589562 100.0 22
1772812600129 100.0 23
1772812610055 100.0 24
1772812626142 100.0 25
1772812636074 100.0 26
1772812646066 100.0 27
1772812656003 100.0 28
1772812665878 100.0 29
1772812679681 100.0 30
1772812696697 100.0 21
1772812706683 100.0 22
1772812716597 100.0 23
1772812726404 100.0 24
1772812742203 100.0 25
1772812752118 100.0 26
1772812762101 100.0 27
1772812772087 100.0 28
1772812781957 100.0 29
1772812795503 100.0 30
1772812812345 100.0 31
1772812822200 100.0 32
1772812832036 100.0 33
1772812841929 100.0 34
1772812857704 100.0 35
1772812867613 100.0 36
1772812877487 100.0 37
1772812887707 100.0 38
1772812897929 100.0 39
1772812911736 100.0 40
1772812929363 100.0 41
1772812939436 100.0 42
1772812949575 100.0 43
1772812959826 100.0 44
1772812976049 100.0 45
1772812986284 100.0 46
1772812996530 100.0 47
1772813006795 100.0 48
1772813017027 100.0 49
1772813030798 100.0 50
1772813048071 100.0 51
1772813058165 100.0 52
1772813068326 100.0 53
1772813078552 100.0 54
1772813094489 100.0 55
1772813104416 100.0 56
1772813114558 100.0 57
1772813124619 100.0 58
1772813134584 100.0 59
1772813148068 100.0 60
1772813158027 100.0 61
1772813167943 100.0 62
1772813177834 100.0 63
1772813187803 100.0 64
1772813201263 100.0 65
1772813211192 100.0 66
1772813221289 100.0 67
1772813231273 100.0 68
1772813241251 100.0 69
1772813254826 100.0 70
1772813271159 100.0 71
1772813281164 100.0 72
1772813291051 100.0 73
1772813300912 100.0 74
1772813316665 100.0 75
1772813326576 100.0 76
1772813336558 100.0 77
1772813346490 100.0 78
1772813356390 100.0 79
1772813369907 100.0 80
1772813386400 100.0 81
1772813396338 100.0 82
1772813406245 100.0 83
1772813416113 100.0 84
1772813431828 100.0 85
1772813441812 100.0 86
1772813451737 100.0 87
1772813461776 100.0 88
1772813471703 100.0 89
1772813485162 100.0 90
1772813495139 100.0 91
1772813505027 100.0 92
1772813514962 100.0 93
1772813524929 100.0 94
1772813537795 100.0 95
1772813547104 100.0 96
1772813556519 100.0 97
1772813565803 100.0 98
1772813575349 100.0 99
1772813588371 100.0 100
