1772812359803 0.0 1
1772812369844 0.0 2
1772812379402 0.0 3
1772812388868 0.0 4
1772812404556 0.0 5
1772812414015 0.0 6
1772812423577 0.0 7
1772812432976 0.0 8
1772812442457 0.0 9
1772812455439 0.0 10
1772812464911 0.0 11
1772812474231 0.0 12
1772812483589 0.0 13
1772812492991 0.0 14
1772812505950 0.0 15
1772812515348 0.0 16
1772812524744 0.0 17
1772812534162 0.0 18
1772812543496 0.0 19
1772812556248 0.0 20
1772812579147 0.0 21
1772812589564 0.0 22
1772812600131 0.0 23
1772812610057 0.0 24
1772812626144 0.0 25
1772812636076 0.0 26
1772812646068 0.0 27
1772812656005 0.0 28
1772812665881 0.0 29
1772812679684 0.0 30
1772812696699 0.0 21
1772812706686 0.0 22
1772812716599 0.0 23
1772812726406 0.0 24
1772812742206 0.0 25
1772812752121 0.0 26
1772812762103 0.0 27
1772812772089 0.0 28
1772812781959 0.0 29
1772812795505 0.0 30
1772812812347 0.0 31
1772812822202 0.0 32
1772812832038 0.0 33
1772812841931 0.0 34
1772812857706 0.0 35
1772812867615 0.0 36
1772812877489 0.0 37
1772812887709 0.0 38
1772812897931 0.0 39
1772812911738 0.0 40
1772812929365 0.0 41
1772812939439 0.0 42
1772812949578 0.0 43
1772812959834 0.0 44
1772812976051 0.0 45
1772812986286 0.0 46
1772812996532 0.0 47
1772813006797 0.0 48
1772813017029 0.0 49
1772813030800 0.0 50
1772813048073 0.0 51
1772813058168 0.0 52
1772813068328 0.0 53
1772813078554 0.0 54
1772813094492 0.0 55
1772813104418 0.0 56
1772813114561 0.0 57
1772813124621 0.0 58
1772813134587 0.0 59
1772813148075 0.0 60
1772813158029 0.0 61
1772813167945 0.0 62
1772813177837 0.0 63
1772813187806 0.0 64
1772813201265 0.0 65
1772813211195 0.0 66
1772813221292 0.0 67
1772813231275 0.0 68
1772813241253 0.0 69
1772813254829 0.0 70
1772813271161 0.0 71
1772813281167 0.0 72
1772813291053 0.0 73
1772813300915 0.0 74
1772813316668 0.0 75
1772813326578 0.0 76
1772813336560 0.0 77
1772813346492 0.0 78
1772813356392 0.0 79
1772813369909 0.0 80
1772813386402 0.0 81
1772813396340 0.0 82
1772813406248 0.0 83
1772813416115 0.0 84
1772813431830 0.0 85
1772813441815 0.0 86
1772813451740 0.0 87
1772813461778 0.0 88
1772813471705 0.0 89
1772813485165 0.0 90
1772813495142 0.0 91
1772813505030 0.0 92
1772813514965 0.0 93
1772813524931 0.0 94
1772813537798 0.0 95
1772813547106 0.0 96
1772813556522 0.0 97
1772813565805 0.0 98
1772813575351 0.0 99
1772813588374 0.0 100
