1772812359803 10.0 1
1772812369844 10.0 2
1772812379402 10.0 3
1772812388868 10.0 4
1772812404556 10.0 5
1772812414015 10.0 6
1772812423577 10.0 7
1772812432976 10.0 8
1772812442456 10.0 9
1772812455439 10.0 10
1772812464910 10.0 11
1772812474230 10.0 12
1772812483588 10.0 13
1772812492991 10.0 14
1772812505949 10.0 15
1772812515348 10.0 16
1772812524744 10.0 17
1772812534162 10.0 18
1772812543496 10.0 19
1772812556248 10.0 20
1772812579147 10.0 21
1772812589564 10.0 22
1772812600131 10.0 23
1772812610057 10.0 24
1772812626144 10.0 25
1772812636076 10.0 26
1772812646068 10.0 27
1772812656005 10.0 28
1772812665880 10.0 29
1772812679683 10.0 30
1772812696699 10.0 21
1772812706685 10.0 22
1772812716599 10.0 23
1772812726406 10.0 24
1772812742205 10.0 25
1772812752120 10.0 26
1772812762102 10.0 27
1772812772089 10.0 28
1772812781959 10.0 29
1772812795505 10.0 30
1772812812347 10.0 31
1772812822202 10.0 32
1772812832038 10.0 33
1772812841931 10.0 34
1772812857706 10.0 35
1772812867615 10.0 36
1772812877489 10.0 37
1772812887709 10.0 38
1772812897931 10.0 39
1772812911738 10.0 40
1772812929365 10.0 41
1772812939439 10.0 42
1772812949578 10.0 43
1772812959831 10.0 44
1772812976051 10.0 45
1772812986286 10.0 46
1772812996532 10.0 47
1772813006797 10.0 48
1772813017029 10.0 49
1772813030800 10.0 50
1772813048073 10.0 51
1772813058167 10.0 52
1772813068328 10.0 53
1772813078554 10.0 54
1772813094491 10.0 55
1772813104418 10.0 56
1772813114560 10.0 57
1772813124621 10.0 58
1772813134587 10.0 59
1772813148074 10.0 60
1772813158029 10.0 61
1772813167945 10.0 62
1772813177837 10.0 63
1772813187806 10.0 64
1772813201265 10.0 65
1772813211195 10.0 66
1772813221291 10.0 67
1772813231275 10.0 68
1772813241253 10.0 69
1772813254828 10.0 70
1772813271161 10.0 71
1772813281167 10.0 72
1772813291053 10.0 73
1772813300915 10.0 74
1772813316667 10.0 75
1772813326578 10.0 76
1772813336560 10.0 77
1772813346492 10.0 78
1772813356392 10.0 79
1772813369909 10.0 80
1772813386402 10.0 81
1772813396340 10.0 82
1772813406247 10.0 83
1772813416115 10.0 84
1772813431830 10.0 85
1772813441814 10.0 86
1772813451739 10.0 87
1772813461778 10.0 88
1772813471705 10.0 89
1772813485164 10.0 90
1772813495141 10.0 91
1772813505029 10.0 92
1772813514964 10.0 93
1772813524931 10.0 94
1772813537797 10.0 95
1772813547106 10.0 96
1772813556521 10.0 97
1772813565805 10.0 98
1772813575351 10.0 99
1772813588373 10.0 100
