1772812359794 0.0 1
1772812369836 0.0 2
1772812379394 0.0 3
1772812388860 0.0 4
1772812404548 0.0 5
1772812414007 0.0 6
1772812423569 0.0 7
1772812432968 0.0 8
1772812442447 0.0 9
1772812455425 0.0 10
1772812464902 0.0 11
1772812474222 0.0 12
1772812483581 0.0 13
1772812492982 0.0 14
1772812505941 0.0 15
1772812515340 0.0 16
1772812524736 0.0 17
1772812534154 0.0 18
1772812543487 0.0 19
1772812556238 0.0 20
1772812579139 0.0 21
1772812589555 0.0 22
1772812600123 0.0 23
1772812610049 0.0 24
1772812626136 0.0 25
1772812636069 0.0 26
1772812646060 0.0 27
1772812655997 0.0 28
1772812665873 0.0 29
1772812679675 0.0 30
1772812696691 0.0 21
1772812706678 0.0 22
1772812716591 0.0 23
1772812726398 0.0 24
1772812742198 0.0 25
1772812752113 0.0 26
1772812762095 0.0 27
1772812772081 0.0 28
1772812781951 0.0 29
1772812795497 0.0 30
1772812812339 0.0 31
1772812822194 0.0 32
1772812832031 0.0 33
1772812841923 0.0 34
1772812857698 0.0 35
1772812867608 0.0 36
1772812877482 0.0 37
1772812887701 0.0 38
1772812897923 0.0 39
1772812911730 0.0 40
1772812929357 0.0 41
1772812939431 0.0 42
1772812949570 0.0 43
1772812959820 0.0 44
1772812976043 0.0 45
1772812986278 0.0 46
1772812996524 0.0 47
1772813006789 0.0 48
1772813017021 0.0 49
1772813030792 0.0 50
1772813048066 0.0 51
1772813058160 0.0 52
1772813068320 0.0 53
1772813078546 0.0 54
1772813094483 0.0 55
1772813104410 0.0 56
1772813114552 0.0 57
1772813124613 0.0 58
1772813134578 0.0 59
1772813148061 0.0 60
1772813158020 0.0 61
1772813167935 0.0 62
1772813177829 0.0 63
1772813187798 0.0 64
1772813201257 0.0 65
1772813211187 0.0 66
1772813221282 0.0 67
1772813231267 0.0 68
1772813241244 0.0 69
1772813254820 0.0 70
1772813271153 0.0 71
1772813281159 0.0 72
1772813291045 0.0 73
1772813300907 0.0 74
1772813316660 0.0 75
1772813326570 0.0 76
1772813336552 0.0 77
1772813346484 0.0 78
1772813356384 0.0 79
1772813369902 0.0 80
1772813386394 0.0 81
1772813396332 0.0 82
1772813406240 0.0 83
1772813416108 0.0 84
1772813431822 0.0 85
1772813441807 0.0 86
1772813451732 0.0 87
1772813461770 0.0 88
1772813471697 0.0 89
1772813485156 0.0 90
1772813495133 0.0 91
1772813505022 0.0 92
1772813514956 0.0 93
1772813524923 0.0 94
1772813537790 0.0 95
1772813547099 0.0 96
1772813556514 0.0 97
1772813565798 0.0 98
1772813575343 0.0 99
1772813588366 0.0 100
