1772812359789 0.0 1
1772812369831 0.0 2
1772812379389 0.0 3
1772812388856 0.0 4
1772812404544 0.0 5
1772812414003 0.0 6
1772812423565 0.0 7
1772812432964 0.0 8
1772812442443 0.0 9
1772812455416 0.0 10
1772812464897 0.0 11
1772812474218 0.0 12
1772812483576 0.0 13
1772812492978 0.0 14
1772812505937 0.0 15
1772812515336 0.0 16
1772812524730 0.0 17
1772812534150 0.0 18
1772812543483 0.0 19
1772812556235 0.0 20
1772812579135 0.0 21
1772812589551 0.0 22
1772812600119 0.0 23
1772812610045 0.0 24
1772812626132 0.0 25
1772812636065 0.0 26
1772812646056 0.0 27
1772812655993 0.0 28
1772812665869 0.0 29
1772812679671 0.0 30
1772812696687 0.0 21
1772812706673 0.0 22
1772812716587 0.0 23
1772812726394 0.0 24
1772812742194 0.0 25
1772812752109 0.0 26
1772812762090 0.0 27
1772812772077 0.0 28
1772812781947 0.0 29
1772812795493 0.0 30
1772812812336 0.0 31
1772812822190 0.0 32
1772812832027 0.0 33
1772812841919 0.0 34
1772812857694 0.0 35
1772812867604 0.0 36
1772812877478 0.0 37
1772812887697 0.0 38
1772812897919 0.0 39
1772812911726 0.0 40
1772812929353 0.0 41
1772812939427 0.0 42
1772812949566 0.0 43
1772812959816 0.0 44
1772812976040 0.0 45
1772812986274 0.0 46
1772812996520 0.0 47
1772813006784 0.0 48
1772813017017 0.0 49
1772813030788 0.0 50
1772813048062 0.0 51
1772813058156 0.0 52
1772813068316 0.0 53
1772813078542 0.0 54
1772813094479 0.0 55
1772813104405 0.0 56
1772813114548 0.0 57
1772813124609 0.0 58
1772813134574 0.0 59
1772813148057 0.0 60
1772813158016 0.0 61
1772813167930 0.0 62
1772813177825 0.0 63
1772813187794 0.0 64
1772813201253 0.0 65
1772813211182 0.0 66
1772813221278 0.0 67
1772813231263 0.0 68
1772813241240 0.0 69
1772813254816 0.0 70
1772813271149 0.0 71
1772813281155 0.0 72
1772813291041 0.0 73
1772813300903 0.0 74
1772813316656 0.0 75
1772813326567 0.0 76
1772813336548 0.0 77
1772813346480 0.0 78
1772813356380 0.0 79
1772813369898 0.0 80
1772813386390 0.0 81
1772813396328 0.0 82
1772813406236 0.0 83
1772813416104 0.0 84
1772813431818 0.0 85
1772813441803 0.0 86
1772813451728 0.0 87
1772813461767 0.0 88
1772813471694 0.0 89
1772813485152 0.0 90
1772813495130 0.0 91
1772813505018 0.0 92
1772813514952 0.0 93
1772813524919 0.0 94
1772813537787 0.0 95
1772813547095 0.0 96
1772813556510 0.0 97
1772813565794 0.0 98
1772813575338 0.0 99
1772813588362 0.0 100
