1772812359817 0.0 1
1772812369858 0.0 2
1772812379415 0.0 3
1772812388881 0.0 4
1772812404574 0.0 5
1772812414029 0.0 6
1772812423594 0.0 7
1772812432989 0.0 8
1772812442474 0.0 9
1772812455460 0.0 10
1772812464925 0.0 11
1772812474247 0.0 12
1772812483602 0.0 13
1772812493008 0.0 14
1772812505969 0.0 15
1772812515364 0.0 16
1772812524761 0.0 17
1772812534176 0.0 18
1772812543513 0.0 19
1772812556263 0.0 20
1772812579160 0.0 21
1772812589577 0.0 22
1772812600143 0.0 23
1772812610070 0.0 24
1772812626157 0.0 25
1772812636089 0.0 26
1772812646081 0.0 27
1772812656018 0.0 28
1772812665893 0.0 29
1772812679700 0.0 30
1772812696711 0.0 21
1772812706698 0.0 22
1772812716612 0.0 23
1772812726418 0.0 24
1772812742218 0.0 25
1772812752137 0.0 26
1772812762115 0.0 27
1772812772105 0.0 28
1772812781971 0.0 29
1772812795518 0.0 30
1772812812360 0.0 31
1772812822218 0.0 32
1772812832050 0.0 33
1772812841943 0.0 34
1772812857718 0.0 35
1772812867632 0.0 36
1772812877502 0.0 37
1772812887728 0.0 38
1772812897945 0.0 39
1772812911751 0.0 40
1772812929378 0.0 41
1772812939453 0.0 42
1772812949594 0.0 43
1772812959846 0.0 44
1772812976067 0.0 45
1772812986299 0.0 46
1772812996550 0.0 47
1772813006810 0.0 48
1772813017046 0.0 49
1772813030813 0.0 50
1772813048086 0.0 51
1772813058180 0.0 52
1772813068341 0.0 53
1772813078567 0.0 54
1772813094505 0.0 55
1772813104436 0.0 56
1772813114573 0.0 57
1772813124638 0.0 58
1772813134601 0.0 59
1772813148097 0.0 60
1772813158046 0.0 61
1772813167958 0.0 62
1772813177853 0.0 63
1772813187820 0.0 64
1772813201278 0.0 65
1772813211209 0.0 66
1772813221305 0.0 67
1772813231293 0.0 68
1772813241267 0.0 69
1772813254841 0.0 70
1772813271178 0.0 71
1772813281179 0.0 72
1772813291070 0.0 73
1772813300928 0.0 74
1772813316680 0.0 75
1772813326591 0.0 76
1772813336572 0.0 77
1772813346505 0.0 78
1772813356404 0.0 79
1772813369922 0.0 80
1772813386414 0.0 81
1772813396356 0.0 82
1772813406260 0.0 83
1772813416132 0.0 84
1772813431842 0.0 85
1772813441831 0.0 86
1772813451752 0.0 87
1772813461795 0.0 88
1772813471718 0.0 89
1772813485178 0.0 90
1772813495154 0.0 91
1772813505042 0.0 92
1772813514977 0.0 93
1772813524944 0.0 94
1772813537810 0.0 95
1772813547119 0.0 96
1772813556534 0.0 97
1772813565817 0.0 98
1772813575364 0.0 99
1772813588386 0.0 100
