1772812359816 1.0 1
1772812369857 1.0 2
1772812379414 1.0 3
1772812388880 1.0 4
1772812404573 1.0 5
1772812414028 1.0 6
1772812423593 1.0 7
1772812432988 1.0 8
1772812442473 1.0 9
1772812455458 1.0 10
1772812464924 1.0 11
1772812474246 1.0 12
1772812483600 1.0 13
1772812493007 1.0 14
1772812505967 1.0 15
1772812515363 1.0 16
1772812524760 1.0 17
1772812534175 1.0 18
1772812543512 1.0 19
1772812556263 1.0 20
1772812579159 1.0 21
1772812589575 1.0 22
1772812600142 1.0 23
1772812610069 1.0 24
1772812626156 1.0 25
1772812636088 1.0 26
1772812646080 1.0 27
1772812656017 1.0 28
1772812665892 1.0 29
1772812679699 1.0 30
1772812696710 1.0 21
1772812706697 1.0 22
1772812716611 1.0 23
1772812726417 1.0 24
1772812742217 1.0 25
1772812752135 1.0 26
1772812762114 1.0 27
1772812772104 1.0 28
1772812781970 1.0 29
1772812795517 1.0 30
1772812812359 1.0 31
1772812822217 1.0 32
1772812832049 1.0 33
1772812841942 1.0 34
1772812857717 1.0 35
1772812867631 1.0 36
1772812877501 1.0 37
1772812887727 1.0 38
1772812897943 1.0 39
1772812911750 1.0 40
1772812929377 1.0 41
1772812939451 1.0 42
1772812949593 1.0 43
1772812959845 1.0 44
1772812976066 1.0 45
1772812986298 1.0 46
1772812996549 1.0 47
1772813006809 1.0 48
1772813017044 1.0 49
1772813030812 1.0 50
1772813048085 1.0 51
1772813058179 1.0 52
1772813068340 1.0 53
1772813078566 1.0 54
1772813094503 1.0 55
1772813104435 1.0 56
1772813114572 1.0 57
1772813124637 1.0 58
1772813134600 1.0 59
1772813148096 1.0 60
1772813158045 1.0 61
1772813167957 1.0 62
1772813177852 1.0 63
1772813187819 1.0 64
1772813201277 1.0 65
1772813211208 1.0 66
1772813221304 1.0 67
1772813231292 1.0 68
1772813241266 1.0 69
1772813254840 1.0 70
1772813271177 1.0 71
1772813281178 1.0 72
1772813291069 1.0 73
1772813300927 1.0 74
1772813316679 1.0 75
1772813326590 1.0 76
1772813336571 1.0 77
1772813346504 1.0 78
1772813356403 1.0 79
1772813369921 1.0 80
1772813386413 1.0 81
1772813396355 1.0 82
1772813406259 1.0 83
1772813416131 1.0 84
1772813431841 1.0 85
1772813441830 1.0 86
1772813451751 1.0 87
1772813461794 1.0 88
1772813471717 1.0 89
1772813485177 1.0 90
1772813495153 1.0 91
1772813505041 1.0 92
1772813514976 1.0 93
1772813524943 1.0 94
1772813537809 1.0 95
1772813547118 1.0 96
1772813556533 1.0 97
1772813565816 1.0 98
1772813575363 1.0 99
1772813588385 1.0 100
