1772812359792 60.0 1
1772812369834 60.0 2
1772812379391 60.0 3
1772812388858 60.0 4
1772812404546 60.0 5
1772812414006 60.0 6
1772812423567 60.0 7
1772812432966 60.0 8
1772812442445 60.0 9
1772812455423 60.0 10
1772812464900 60.0 11
1772812474221 60.0 12
1772812483579 60.0 13
1772812492980 60.0 14
1772812505939 60.0 15
1772812515339 60.0 16
1772812524733 60.0 17
1772812534152 60.0 18
1772812543485 60.0 19
1772812556237 60.0 20
1772812579137 60.0 21
1772812589553 60.0 22
1772812600121 60.0 23
1772812610047 60.0 24
1772812626134 60.0 25
1772812636067 60.0 26
1772812646059 60.0 27
1772812655995 60.0 28
1772812665871 60.0 29
1772812679673 60.0 30
1772812696689 60.0 21
1772812706676 60.0 22
1772812716589 60.0 23
1772812726396 60.0 24
1772812742196 60.0 25
1772812752111 60.0 26
1772812762093 60.0 27
1772812772079 60.0 28
1772812781950 60.0 29
1772812795495 60.0 30
1772812812338 60.0 31
1772812822193 60.0 32
1772812832029 60.0 33
1772812841922 60.0 34
1772812857697 60.0 35
1772812867606 60.0 36
1772812877480 60.0 37
1772812887699 60.0 38
1772812897921 60.0 39
1772812911729 60.0 40
1772812929356 60.0 41
1772812939430 60.0 42
1772812949568 60.0 43
1772812959818 60.0 44
1772812976042 60.0 45
1772812986276 60.0 46
1772812996523 60.0 47
1772813006787 60.0 48
1772813017019 60.0 49
1772813030790 60.0 50
1772813048064 60.0 51
1772813058158 60.0 52
1772813068318 60.0 53
1772813078544 60.0 54
1772813094482 60.0 55
1772813104408 60.0 56
1772813114551 60.0 57
1772813124611 60.0 58
1772813134577 60.0 59
1772813148059 60.0 60
1772813158018 60.0 61
1772813167933 60.0 62
1772813177827 60.0 63
1772813187796 60.0 64
1772813201255 60.0 65
1772813211185 60.0 66
1772813221280 60.0 67
1772813231265 60.0 68
1772813241242 60.0 69
1772813254819 60.0 70
1772813271151 60.0 71
1772813281157 60.0 72
1772813291044 60.0 73
1772813300905 60.0 74
1772813316658 60.0 75
1772813326569 60.0 76
1772813336550 60.0 77
1772813346482 60.0 78
1772813356383 60.0 79
1772813369900 60.0 80
1772813386392 60.0 81
1772813396330 60.0 82
1772813406238 60.0 83
1772813416106 60.0 84
1772813431821 60.0 85
1772813441805 60.0 86
1772813451730 60.0 87
1772813461769 60.0 88
1772813471696 60.0 89
1772813485154 60.0 90
1772813495132 60.0 91
1772813505020 60.0 92
1772813514954 60.0 93
1772813524921 60.0 94
1772813537789 60.0 95
1772813547097 60.0 96
1772813556512 60.0 97
1772813565796 60.0 98
1772813575341 60.0 99
1772813588364 60.0 100
