1772812359826 -1.0 1
1772812369866 -1.0 2
1772812379423 -1.0 3
1772812388889 -1.0 4
1772812404582 -1.0 5
1772812414038 -1.0 6
1772812423603 -1.0 7
1772812432998 -1.0 8
1772812442483 -1.0 9
1772812455477 -1.0 10
1772812464933 -1.0 11
1772812474256 -1.0 12
1772812483610 -1.0 13
1772812493017 -1.0 14
1772812505977 -1.0 15
1772812515372 -1.0 16
1772812524769 -1.0 17
1772812534184 -1.0 18
1772812543521 -1.0 19
1772812556272 -1.0 20
1772812579168 -1.0 21
1772812589584 -1.0 22
1772812600151 -1.0 23
1772812610078 -1.0 24
1772812626165 -1.0 25
1772812636097 -1.0 26
1772812646089 -1.0 27
1772812656026 -1.0 28
1772812665901 -1.0 29
1772812679709 -1.0 30
1772812696720 -1.0 21
1772812706706 -1.0 22
1772812716620 -1.0 23
1772812726426 -1.0 24
1772812742227 -1.0 25
1772812752145 -1.0 26
1772812762123 -1.0 27
1772812772113 -1.0 28
1772812781980 -1.0 29
1772812795527 -1.0 30
1772812812368 -1.0 31
1772812822226 -1.0 32
1772812832059 -1.0 33
1772812841952 -1.0 34
1772812857727 -1.0 35
1772812867640 -1.0 36
1772812877510 -1.0 37
1772812887737 -1.0 38
1772812897954 -1.0 39
1772812911759 -1.0 40
1772812929386 -1.0 41
1772812939461 -1.0 42
1772812949602 -1.0 43
1772812959855 -1.0 44
1772812976076 -1.0 45
1772812986307 -1.0 46
1772812996559 -1.0 47
1772813006818 -1.0 48
1772813017054 -1.0 49
1772813030822 -1.0 50
1772813048094 -1.0 51
1772813058188 -1.0 52
1772813068349 -1.0 53
1772813078575 -1.0 54
1772813094513 -1.0 55
1772813104444 -1.0 56
1772813114581 -1.0 57
1772813124648 -1.0 58
1772813134609 -1.0 59
1772813148107 -1.0 60
1772813158055 -1.0 61
1772813167966 -1.0 62
1772813177862 -1.0 63
1772813187828 -1.0 64
1772813201286 -1.0 65
1772813211220 -1.0 66
1772813221313 -1.0 67
1772813231301 -1.0 68
1772813241276 -1.0 69
1772813254849 -1.0 70
1772813271187 -1.0 71
1772813281188 -1.0 72
1772813291078 -1.0 73
1772813300936 -1.0 74
1772813316688 -1.0 75
1772813326600 -1.0 76
1772813336581 -1.0 77
1772813346513 -1.0 78
1772813356412 -1.0 79
1772813369930 -1.0 80
1772813386423 -1.0 81
1772813396365 -1.0 82
1772813406269 -1.0 83
1772813416140 -1.0 84
1772813431851 -1.0 85
1772813441839 -1.0 86
1772813451760 -1.0 87
1772813461804 -1.0 88
1772813471726 -1.0 89
1772813485187 -1.0 90
1772813495162 -1.0 91
1772813505050 -1.0 92
1772813514985 -1.0 93
1772813524952 -1.0 94
1772813537817 -1.0 95
1772813547126 -1.0 96
1772813556542 -1.0 97
1772813565825 -1.0 98
1772813575373 -1.0 99
1772813588394 -1.0 100
