1772812359804 0.0 1
1772812369845 0.0 2
1772812379403 0.0 3
1772812388869 0.0 4
1772812404557 0.0 5
1772812414016 0.0 6
1772812423578 0.0 7
1772812432977 0.0 8
1772812442458 0.0 9
1772812455440 0.0 10
1772812464912 0.0 11
1772812474232 0.0 12
1772812483590 0.0 13
1772812492992 0.0 14
1772812505951 0.0 15
1772812515349 0.0 16
1772812524745 0.0 17
1772812534163 0.0 18
1772812543497 0.0 19
1772812556249 0.0 20
1772812579148 0.0 21
1772812589565 0.0 22
1772812600132 0.0 23
1772812610058 0.0 24
1772812626145 0.0 25
1772812636077 0.0 26
1772812646069 0.0 27
1772812656006 0.0 28
1772812665881 0.0 29
1772812679684 0.0 30
1772812696700 0.0 21
1772812706686 0.0 22
1772812716599 0.0 23
1772812726406 0.0 24
1772812742206 0.0 25
1772812752121 0.0 26
1772812762103 0.0 27
1772812772090 0.0 28
1772812781960 0.0 29
1772812795506 0.0 30
1772812812348 0.0 31
1772812822203 0.0 32
1772812832039 0.0 33
1772812841932 0.0 34
1772812857707 0.0 35
1772812867616 0.0 36
1772812877490 0.0 37
1772812887710 0.0 38
1772812897932 0.0 39
1772812911739 0.0 40
1772812929366 0.0 41
1772812939440 0.0 42
1772812949578 0.0 43
1772812959835 0.0 44
1772812976052 0.0 45
1772812986287 0.0 46
1772812996533 0.0 47
1772813006798 0.0 48
1772813017030 0.0 49
1772813030801 0.0 50
1772813048074 0.0 51
1772813058168 0.0 52
1772813068329 0.0 53
1772813078555 0.0 54
1772813094492 0.0 55
1772813104419 0.0 56
1772813114561 0.0 57
1772813124622 0.0 58
1772813134588 0.0 59
1772813148079 0.0 60
1772813158030 0.0 61
1772813167946 0.0 62
1772813177838 0.0 63
1772813187807 0.0 64
1772813201266 0.0 65
1772813211196 0.0 66
1772813221293 0.0 67
1772813231276 0.0 68
1772813241254 0.0 69
1772813254829 0.0 70
1772813271162 0.0 71
1772813281168 0.0 72
1772813291054 0.0 73
1772813300916 0.0 74
1772813316669 0.0 75
1772813326579 0.0 76
1772813336561 0.0 77
1772813346493 0.0 78
1772813356393 0.0 79
1772813369910 0.0 80
1772813386403 0.0 81
1772813396341 0.0 82
1772813406248 0.0 83
1772813416116 0.0 84
1772813431831 0.0 85
1772813441815 0.0 86
1772813451740 0.0 87
1772813461779 0.0 88
1772813471706 0.0 89
1772813485166 0.0 90
1772813495142 0.0 91
1772813505031 0.0 92
1772813514965 0.0 93
1772813524932 0.0 94
1772813537798 0.0 95
1772813547107 0.0 96
1772813556523 0.0 97
1772813565806 0.0 98
1772813575352 0.0 99
1772813588374 0.0 100
