1772812359788 0.0 1
1772812369830 0.0 2
1772812379388 0.0 3
1772812388855 0.0 4
1772812404543 0.0 5
1772812414002 0.0 6
1772812423564 0.0 7
1772812432963 0.0 8
1772812442442 0.0 9
1772812455415 0.0 10
1772812464896 0.0 11
1772812474217 0.0 12
1772812483575 0.0 13
1772812492976 0.0 14
1772812505936 0.0 15
1772812515335 0.0 16
1772812524728 0.0 17
1772812534149 0.0 18
1772812543482 0.0 19
1772812556234 0.0 20
1772812579134 0.0 21
1772812589550 0.0 22
1772812600118 0.0 23
1772812610044 0.0 24
1772812626131 0.0 25
1772812636064 0.0 26
1772812646055 0.0 27
1772812655992 0.0 28
1772812665867 0.0 29
1772812679670 0.0 30
1772812696686 0.0 21
1772812706671 0.0 22
1772812716586 0.0 23
1772812726393 0.0 24
1772812742193 0.0 25
1772812752108 0.0 26
1772812762089 0.0 27
1772812772076 0.0 28
1772812781946 0.0 29
1772812795492 0.0 30
1772812812335 0.0 31
1772812822189 0.0 32
1772812832026 0.0 33
1772812841918 0.0 34
1772812857693 0.0 35
1772812867603 0.0 36
1772812877477 0.0 37
1772812887696 0.0 38
1772812897917 0.0 39
1772812911725 0.0 40
1772812929352 0.0 41
1772812939426 0.0 42
1772812949565 0.0 43
1772812959815 0.0 44
1772812976039 0.0 45
1772812986273 0.0 46
1772812996519 0.0 47
1772813006783 0.0 48
1772813017016 0.0 49
1772813030787 0.0 50
1772813048061 0.0 51
1772813058155 0.0 52
1772813068315 0.0 53
1772813078541 0.0 54
1772813094478 0.0 55
1772813104404 0.0 56
1772813114547 0.0 57
1772813124608 0.0 58
1772813134573 0.0 59
1772813148056 0.0 60
1772813158015 0.0 61
1772813167929 0.0 62
1772813177824 0.0 63
1772813187793 0.0 64
1772813201252 0.0 65
1772813211181 0.0 66
1772813221277 0.0 67
1772813231262 0.0 68
1772813241239 0.0 69
1772813254815 0.0 70
1772813271148 0.0 71
1772813281154 0.0 72
1772813291041 0.0 73
1772813300902 0.0 74
1772813316655 0.0 75
1772813326566 0.0 76
1772813336547 0.0 77
1772813346479 0.0 78
1772813356379 0.0 79
1772813369897 0.0 80
1772813386389 0.0 81
1772813396327 0.0 82
1772813406235 0.0 83
1772813416103 0.0 84
1772813431817 0.0 85
1772813441802 0.0 86
1772813451727 0.0 87
1772813461766 0.0 88
1772813471693 0.0 89
1772813485151 0.0 90
1772813495129 0.0 91
1772813505017 0.0 92
1772813514951 0.0 93
1772813524918 0.0 94
1772813537785 0.0 95
1772813547094 0.0 96
1772813556509 0.0 97
1772813565793 0.0 98
1772813575337 0.0 99
1772813588361 0.0 100
