1772812359798 4000.0 1
1772812369840 4000.0 2
1772812379398 4000.0 3
1772812388864 4000.0 4
1772812404552 4000.0 5
1772812414011 4000.0 6
1772812423573 4000.0 7
1772812432971 4000.0 8
1772812442451 4000.0 9
1772812455429 4000.0 10
1772812464906 4000.0 11
1772812474226 4000.0 12
1772812483584 4000.0 13
1772812492986 4000.0 14
1772812505945 4000.0 15
1772812515344 4000.0 16
1772812524739 4000.0 17
1772812534158 4000.0 18
1772812543491 4000.0 19
1772812556242 4000.0 20
1772812579143 4000.0 21
1772812589559 4000.0 22
1772812600127 4000.0 23
1772812610053 4000.0 24
1772812626139 4000.0 25
1772812636072 4000.0 26
1772812646064 4000.0 27
1772812656001 4000.0 28
1772812665876 4000.0 29
1772812679679 4000.0 30
1772812696695 4000.0 21
1772812706681 4000.0 22
1772812716595 4000.0 23
1772812726402 4000.0 24
1772812742201 4000.0 25
1772812752116 4000.0 26
1772812762098 4000.0 27
1772812772085 4000.0 28
1772812781955 4000.0 29
1772812795501 4000.0 30
1772812812343 4000.0 31
1772812822198 4000.0 32
1772812832034 4000.0 33
1772812841927 4000.0 34
1772812857702 4000.0 35
1772812867611 4000.0 36
1772812877485 4000.0 37
1772812887705 4000.0 38
1772812897927 4000.0 39
1772812911734 4000.0 40
1772812929361 4000.0 41
1772812939435 4000.0 42
1772812949573 4000.0 43
1772812959823 4000.0 44
1772812976047 4000.0 45
1772812986282 4000.0 46
1772812996528 4000.0 47
1772813006793 4000.0 48
1772813017025 4000.0 49
1772813030796 4000.0 50
1772813048069 4000.0 51
1772813058163 4000.0 52
1772813068323 4000.0 53
1772813078549 4000.0 54
1772813094487 4000.0 55
1772813104413 4000.0 56
1772813114556 4000.0 57
1772813124617 4000.0 58
1772813134582 4000.0 59
1772813148066 4000.0 60
1772813158024 4000.0 61
1772813167940 4000.0 62
1772813177832 4000.0 63
1772813187801 4000.0 64
1772813201261 4000.0 65
1772813211190 4000.0 66
1772813221286 4000.0 67
1772813231271 4000.0 68
1772813241249 4000.0 69
1772813254824 4000.0 70
1772813271157 4000.0 71
1772813281162 4000.0 72
1772813291049 4000.0 73
1772813300910 4000.0 74
1772813316663 4000.0 75
1772813326574 4000.0 76
1772813336556 4000.0 77
1772813346488 4000.0 78
1772813356388 4000.0 79
1772813369905 4000.0 80
1772813386397 4000.0 81
1772813396335 4000.0 82
1772813406243 4000.0 83
1772813416111 4000.0 84
1772813431826 4000.0 85
1772813441810 4000.0 86
1772813451735 4000.0 87
1772813461774 4000.0 88
1772813471701 4000.0 89
1772813485160 4000.0 90
1772813495137 4000.0 91
1772813505025 4000.0 92
1772813514960 4000.0 93
1772813524927 4000.0 94
1772813537794 4000.0 95
1772813547102 4000.0 96
1772813556517 4000.0 97
1772813565801 4000.0 98
1772813575347 4000.0 99
1772813588369 4000.0 100
