1772812359794 1.0 1
1772812369836 1.0 2
1772812379394 1.0 3
1772812388861 1.0 4
1772812404549 1.0 5
1772812414008 1.0 6
1772812423570 1.0 7
1772812432968 1.0 8
1772812442448 1.0 9
1772812455425 1.0 10
1772812464902 1.0 11
1772812474223 1.0 12
1772812483581 1.0 13
1772812492983 1.0 14
1772812505942 1.0 15
1772812515341 1.0 16
1772812524736 1.0 17
1772812534155 1.0 18
1772812543488 1.0 19
1772812556239 1.0 20
1772812579139 1.0 21
1772812589555 1.0 22
1772812600124 1.0 23
1772812610050 1.0 24
1772812626136 1.0 25
1772812636069 1.0 26
1772812646061 1.0 27
1772812655998 1.0 28
1772812665873 1.0 29
1772812679676 1.0 30
1772812696692 1.0 21
1772812706679 1.0 22
1772812716592 1.0 23
1772812726399 1.0 24
1772812742198 1.0 25
1772812752113 1.0 26
1772812762095 1.0 27
1772812772082 1.0 28
1772812781952 1.0 29
1772812795498 1.0 30
1772812812340 1.0 31
1772812822195 1.0 32
1772812832031 1.0 33
1772812841924 1.0 34
1772812857699 1.0 35
1772812867608 1.0 36
1772812877482 1.0 37
1772812887702 1.0 38
1772812897924 1.0 39
1772812911731 1.0 40
1772812929358 1.0 41
1772812939432 1.0 42
1772812949570 1.0 43
1772812959820 1.0 44
1772812976044 1.0 45
1772812986278 1.0 46
1772812996525 1.0 47
1772813006789 1.0 48
1772813017022 1.0 49
1772813030792 1.0 50
1772813048066 1.0 51
1772813058160 1.0 52
1772813068320 1.0 53
1772813078546 1.0 54
1772813094484 1.0 55
1772813104410 1.0 56
1772813114553 1.0 57
1772813124613 1.0 58
1772813134579 1.0 59
1772813148062 1.0 60
1772813158021 1.0 61
1772813167936 1.0 62
1772813177829 1.0 63
1772813187798 1.0 64
1772813201258 1.0 65
1772813211187 1.0 66
1772813221283 1.0 67
1772813231268 1.0 68
1772813241245 1.0 69
1772813254821 1.0 70
1772813271153 1.0 71
1772813281159 1.0 72
1772813291046 1.0 73
1772813300907 1.0 74
1772813316660 1.0 75
1772813326571 1.0 76
1772813336552 1.0 77
1772813346485 1.0 78
1772813356385 1.0 79
1772813369902 1.0 80
1772813386395 1.0 81
1772813396332 1.0 82
1772813406240 1.0 83
1772813416108 1.0 84
1772813431823 1.0 85
1772813441807 1.0 86
1772813451732 1.0 87
1772813461771 1.0 88
1772813471698 1.0 89
1772813485157 1.0 90
1772813495134 1.0 91
1772813505022 1.0 92
1772813514956 1.0 93
1772813524924 1.0 94
1772813537791 1.0 95
1772813547099 1.0 96
1772813556514 1.0 97
1772813565798 1.0 98
1772813575343 1.0 99
1772813588367 1.0 100
