1772812359824 1.0 1
1772812369865 1.0 2
1772812379422 1.0 3
1772812388888 1.0 4
1772812404580 1.0 5
1772812414036 1.0 6
1772812423601 1.0 7
1772812432996 1.0 8
1772812442481 1.0 9
1772812455475 1.0 10
1772812464932 1.0 11
1772812474254 1.0 12
1772812483608 1.0 13
1772812493015 1.0 14
1772812505976 1.0 15
1772812515370 1.0 16
1772812524768 1.0 17
1772812534182 1.0 18
1772812543519 1.0 19
1772812556270 1.0 20
1772812579166 1.0 21
1772812589583 1.0 22
1772812600150 1.0 23
1772812610076 1.0 24
1772812626163 1.0 25
1772812636095 1.0 26
1772812646088 1.0 27
1772812656024 1.0 28
1772812665900 1.0 29
1772812679707 1.0 30
1772812696718 1.0 21
1772812706705 1.0 22
1772812716618 1.0 23
1772812726424 1.0 24
1772812742225 1.0 25
1772812752143 1.0 26
1772812762122 1.0 27
1772812772111 1.0 28
1772812781978 1.0 29
1772812795525 1.0 30
1772812812366 1.0 31
1772812822225 1.0 32
1772812832056 1.0 33
1772812841951 1.0 34
1772812857725 1.0 35
1772812867638 1.0 36
1772812877509 1.0 37
1772812887735 1.0 38
1772812897952 1.0 39
1772812911757 1.0 40
1772812929384 1.0 41
1772812939459 1.0 42
1772812949601 1.0 43
1772812959853 1.0 44
1772812976074 1.0 45
1772812986305 1.0 46
1772812996557 1.0 47
1772813006816 1.0 48
1772813017052 1.0 49
1772813030820 1.0 50
1772813048092 1.0 51
1772813058186 1.0 52
1772813068348 1.0 53
1772813078573 1.0 54
1772813094511 1.0 55
1772813104442 1.0 56
1772813114579 1.0 57
1772813124646 1.0 58
1772813134607 1.0 59
1772813148104 1.0 60
1772813158053 1.0 61
1772813167964 1.0 62
1772813177861 1.0 63
1772813187826 1.0 64
1772813201284 1.0 65
1772813211218 1.0 66
1772813221311 1.0 67
1772813231300 1.0 68
1772813241274 1.0 69
1772813254848 1.0 70
1772813271185 1.0 71
1772813281186 1.0 72
1772813291077 1.0 73
1772813300934 1.0 74
1772813316686 1.0 75
1772813326598 1.0 76
1772813336579 1.0 77
1772813346511 1.0 78
1772813356411 1.0 79
1772813369928 1.0 80
1772813386421 1.0 81
1772813396363 1.0 82
1772813406267 1.0 83
1772813416138 1.0 84
1772813431849 1.0 85
1772813441837 1.0 86
1772813451759 1.0 87
1772813461802 1.0 88
1772813471724 1.0 89
1772813485186 1.0 90
1772813495160 1.0 91
1772813505048 1.0 92
1772813514984 1.0 93
1772813524950 1.0 94
1772813537816 1.0 95
1772813547125 1.0 96
1772813556540 1.0 97
1772813565823 1.0 98
1772813575371 1.0 99
1772813588392 1.0 100
