1772812359826 10.0 1
1772812369866 10.0 2
1772812379423 10.0 3
1772812388889 10.0 4
1772812404582 10.0 5
1772812414037 10.0 6
1772812423602 10.0 7
1772812432998 10.0 8
1772812442483 10.0 9
1772812455477 10.0 10
1772812464933 10.0 11
1772812474256 10.0 12
1772812483609 10.0 13
1772812493017 10.0 14
1772812505977 10.0 15
1772812515372 10.0 16
1772812524769 10.0 17
1772812534184 10.0 18
1772812543521 10.0 19
1772812556271 10.0 20
1772812579168 10.0 21
1772812589584 10.0 22
1772812600151 10.0 23
1772812610077 10.0 24
1772812626165 10.0 25
1772812636097 10.0 26
1772812646089 10.0 27
1772812656026 10.0 28
1772812665901 10.0 29
1772812679708 10.0 30
1772812696719 10.0 21
1772812706706 10.0 22
1772812716620 10.0 23
1772812726426 10.0 24
1772812742226 10.0 25
1772812752144 10.0 26
1772812762123 10.0 27
1772812772113 10.0 28
1772812781979 10.0 29
1772812795527 10.0 30
1772812812368 10.0 31
1772812822226 10.0 32
1772812832058 10.0 33
1772812841952 10.0 34
1772812857726 10.0 35
1772812867640 10.0 36
1772812877510 10.0 37
1772812887736 10.0 38
1772812897954 10.0 39
1772812911759 10.0 40
1772812929386 10.0 41
1772812939460 10.0 42
1772812949602 10.0 43
1772812959855 10.0 44
1772812976075 10.0 45
1772812986307 10.0 46
1772812996558 10.0 47
1772813006818 10.0 48
1772813017054 10.0 49
1772813030821 10.0 50
1772813048094 10.0 51
1772813058188 10.0 52
1772813068349 10.0 53
1772813078575 10.0 54
1772813094512 10.0 55
1772813104444 10.0 56
1772813114581 10.0 57
1772813124648 10.0 58
1772813134609 10.0 59
1772813148106 10.0 60
1772813158054 10.0 61
1772813167966 10.0 62
1772813177862 10.0 63
1772813187828 10.0 64
1772813201285 10.0 65
1772813211220 10.0 66
1772813221313 10.0 67
1772813231301 10.0 68
1772813241275 10.0 69
1772813254849 10.0 70
1772813271187 10.0 71
1772813281187 10.0 72
1772813291078 10.0 73
1772813300935 10.0 74
1772813316688 10.0 75
1772813326599 10.0 76
1772813336580 10.0 77
1772813346513 10.0 78
1772813356412 10.0 79
1772813369930 10.0 80
1772813386422 10.0 81
1772813396364 10.0 82
1772813406268 10.0 83
1772813416140 10.0 84
1772813431850 10.0 85
1772813441839 10.0 86
1772813451760 10.0 87
1772813461804 10.0 88
1772813471726 10.0 89
1772813485187 10.0 90
1772813495162 10.0 91
1772813505050 10.0 92
1772813514985 10.0 93
1772813524952 10.0 94
1772813537817 10.0 95
1772813547126 10.0 96
1772813556542 10.0 97
1772813565825 10.0 98
1772813575373 10.0 99
1772813588393 10.0 100
