1772812359825 1.0 1
1772812369865 1.0 2
1772812379422 1.0 3
1772812388889 1.0 4
1772812404581 1.0 5
1772812414037 1.0 6
1772812423602 1.0 7
1772812432997 1.0 8
1772812442482 1.0 9
1772812455476 1.0 10
1772812464932 1.0 11
1772812474255 1.0 12
1772812483609 1.0 13
1772812493016 1.0 14
1772812505976 1.0 15
1772812515371 1.0 16
1772812524768 1.0 17
1772812534183 1.0 18
1772812543520 1.0 19
1772812556271 1.0 20
1772812579167 1.0 21
1772812589583 1.0 22
1772812600150 1.0 23
1772812610077 1.0 24
1772812626164 1.0 25
1772812636096 1.0 26
1772812646088 1.0 27
1772812656025 1.0 28
1772812665900 1.0 29
1772812679707 1.0 30
1772812696719 1.0 21
1772812706706 1.0 22
1772812716619 1.0 23
1772812726425 1.0 24
1772812742226 1.0 25
1772812752144 1.0 26
1772812762122 1.0 27
1772812772112 1.0 28
1772812781979 1.0 29
1772812795526 1.0 30
1772812812367 1.0 31
1772812822225 1.0 32
1772812832057 1.0 33
1772812841951 1.0 34
1772812857726 1.0 35
1772812867639 1.0 36
1772812877509 1.0 37
1772812887736 1.0 38
1772812897953 1.0 39
1772812911758 1.0 40
1772812929385 1.0 41
1772812939460 1.0 42
1772812949601 1.0 43
1772812959854 1.0 44
1772812976075 1.0 45
1772812986306 1.0 46
1772812996558 1.0 47
1772813006817 1.0 48
1772813017053 1.0 49
1772813030821 1.0 50
1772813048093 1.0 51
1772813058187 1.0 52
1772813068348 1.0 53
1772813078574 1.0 54
1772813094511 1.0 55
1772813104443 1.0 56
1772813114580 1.0 57
1772813124647 1.0 58
1772813134608 1.0 59
1772813148105 1.0 60
1772813158054 1.0 61
1772813167965 1.0 62
1772813177861 1.0 63
1772813187827 1.0 64
1772813201285 1.0 65
1772813211219 1.0 66
1772813221312 1.0 67
1772813231300 1.0 68
1772813241275 1.0 69
1772813254848 1.0 70
1772813271186 1.0 71
1772813281187 1.0 72
1772813291077 1.0 73
1772813300935 1.0 74
1772813316687 1.0 75
1772813326599 1.0 76
1772813336580 1.0 77
1772813346512 1.0 78
1772813356411 1.0 79
1772813369929 1.0 80
1772813386422 1.0 81
1772813396364 1.0 82
1772813406268 1.0 83
1772813416139 1.0 84
1772813431849 1.0 85
1772813441838 1.0 86
1772813451760 1.0 87
1772813461803 1.0 88
1772813471725 1.0 89
1772813485186 1.0 90
1772813495161 1.0 91
1772813505049 1.0 92
1772813514984 1.0 93
1772813524951 1.0 94
1772813537816 1.0 95
1772813547125 1.0 96
1772813556541 1.0 97
1772813565824 1.0 98
1772813575372 1.0 99
1772813588393 1.0 100
