1772812359972 0.0 1
1772812370008 0.0 2
1772812379557 0.0 3
1772812389028 0.0 4
1772812404438 0.0 5
1772812413893 0.0 6
1772812423414 0.0 7
1772812432791 0.0 8
1772812442212 0.0 9
1772812455217 0.0 10
1772812464536 0.0 11
1772812473987 0.0 12
1772812483332 0.0 13
1772812492703 0.0 14
1772812505681 0.0 15
1772812515068 0.0 16
1772812524456 0.0 17
1772812533861 0.0 18
1772812543097 0.0 19
1772812555981 0.0 20
1772812572444 0.0 11
1772812582930 0.0 12
1772812593504 0.0 13
1772812603869 0.0 14
1772812619681 0.0 15
1772812629924 0.0 16
1772812639882 0.0 17
1772812649837 0.0 18
1772812659737 0.0 19
1772812673437 0.0 20
1772812683558 0.0 21
1772812693531 0.0 22
1772812703495 0.0 23
1772812713456 0.0 24
1772812726885 0.0 25
1772812736834 0.0 26
1772812746708 0.0 27
1772812756642 0.0 28
1772812766614 0.0 29
1772812780079 0.0 30
1772812790007 0.0 31
1772812799926 0.0 32
1772812809858 0.0 33
1772812819619 0.0 34
1772812833149 0.0 35
1772812843082 0.0 36
1772812852895 0.0 37
1772812862817 0.0 38
1772812872694 0.0 39
1772812886345 0.0 40
1772812896632 0.0 41
1772812906825 0.0 42
1772812916962 0.0 43
1772812927329 0.0 44
1772812941094 0.0 45
1772812951302 0.0 46
1772812961572 0.0 47
1772812971701 0.0 48
1772812981829 0.0 49
1772812995708 0.0 50
1772813005994 0.0 51
1772813016228 0.0 52
1772813026380 0.0 53
1772813036471 0.0 54
1772813050308 0.0 55
1772813060476 0.0 56
1772813070701 0.0 57
1772813080760 0.0 58
1772813090737 0.0 59
1772813104271 0.0 60
1772813114243 0.0 61
1772813124448 0.0 62
1772813134410 0.0 63
1772813144317 0.0 64
1772813157800 0.0 65
1772813167602 0.0 66
1772813177519 0.0 67
1772813187481 0.0 68
1772813197456 0.0 69
1772813210946 0.0 70
1772813221012 0.0 71
1772813230937 0.0 72
1772813240870 0.0 73
1772813250750 0.0 74
1772813264146 0.0 75
1772813274114 0.0 76
1772813284204 0.0 77
1772813294087 0.0 78
1772813304022 0.0 79
1772813317428 0.0 80
1772813327313 0.0 81
1772813337190 0.0 82
1772813347101 0.0 83
1772813357003 0.0 84
1772813370514 0.0 85
1772813380448 0.0 86
1772813390344 0.0 87
1772813400307 0.0 88
1772813410214 0.0 89
1772813423558 0.0 90
1772813433489 0.0 91
1772813443482 0.0 92
1772813453576 0.0 93
1772813463559 0.0 94
1772813477001 0.0 95
1772813486975 0.0 96
1772813496923 0.0 97
1772813506695 0.0 98
1772813516663 0.0 99
1772813530145 0.0 100
