1772812359976 -1.0 1
1772812370011 -1.0 2
1772812379560 -1.0 3
1772812389030 -1.0 4
1772812404440 -1.0 5
1772812413896 -1.0 6
1772812423417 -1.0 7
1772812432794 -1.0 8
1772812442215 -1.0 9
1772812455220 -1.0 10
1772812464539 -1.0 11
1772812473990 -1.0 12
1772812483335 -1.0 13
1772812492706 -1.0 14
1772812505684 -1.0 15
1772812515071 -1.0 16
1772812524459 -1.0 17
1772812533863 -1.0 18
1772812543100 -1.0 19
1772812555985 -1.0 20
1772812572448 -1.0 11
1772812582933 -1.0 12
1772812593508 -1.0 13
1772812603872 -1.0 14
1772812619684 -1.0 15
1772812629927 -1.0 16
1772812639885 -1.0 17
1772812649840 -1.0 18
1772812659740 -1.0 19
1772812673439 -1.0 20
1772812683560 -1.0 21
1772812693534 -1.0 22
1772812703498 -1.0 23
1772812713459 -1.0 24
1772812726888 -1.0 25
1772812736836 -1.0 26
1772812746711 -1.0 27
1772812756645 -1.0 28
1772812766618 -1.0 29
1772812780083 -1.0 30
1772812790010 -1.0 31
1772812799929 -1.0 32
1772812809861 -1.0 33
1772812819621 -1.0 34
1772812833151 -1.0 35
1772812843086 -1.0 36
1772812852897 -1.0 37
1772812862820 -1.0 38
1772812872697 -1.0 39
1772812886348 -1.0 40
1772812896634 -1.0 41
1772812906828 -1.0 42
1772812916965 -1.0 43
1772812927332 -1.0 44
1772812941097 -1.0 45
1772812951304 -1.0 46
1772812961574 -1.0 47
1772812971703 -1.0 48
1772812981832 -1.0 49
1772812995711 -1.0 50
1772813005997 -1.0 51
1772813016231 -1.0 52
1772813026383 -1.0 53
1772813036474 -1.0 54
1772813050311 -1.0 55
1772813060479 -1.0 56
1772813070704 -1.0 57
1772813080763 -1.0 58
1772813090740 -1.0 59
1772813104274 -1.0 60
1772813114246 -1.0 61
1772813124451 -1.0 62
1772813134413 -1.0 63
1772813144320 -1.0 64
1772813157803 -1.0 65
1772813167605 -1.0 66
1772813177522 -1.0 67
1772813187484 -1.0 68
1772813197459 -1.0 69
1772813210950 -1.0 70
1772813221015 -1.0 71
1772813230940 -1.0 72
1772813240873 -1.0 73
1772813250752 -1.0 74
1772813264148 -1.0 75
1772813274117 -1.0 76
1772813284207 -1.0 77
1772813294090 -1.0 78
1772813304025 -1.0 79
1772813317432 -1.0 80
1772813327316 -1.0 81
1772813337193 -1.0 82
1772813347104 -1.0 83
1772813357006 -1.0 84
1772813370516 -1.0 85
1772813380451 -1.0 86
1772813390346 -1.0 87
1772813400310 -1.0 88
1772813410217 -1.0 89
1772813423561 -1.0 90
1772813433492 -1.0 91
1772813443485 -1.0 92
1772813453579 -1.0 93
1772813463562 -1.0 94
1772813477004 -1.0 95
1772813486977 -1.0 96
1772813496926 -1.0 97
1772813506698 -1.0 98
1772813516666 -1.0 99
1772813530148 -1.0 100
