1772812359933 0.0 1
1772812369977 0.0 2
1772812379523 0.0 3
1772812388996 0.0 4
1772812404408 0.0 5
1772812413863 0.0 6
1772812423385 0.0 7
1772812432762 0.0 8
1772812442182 0.0 9
1772812455189 0.0 10
1772812464506 0.0 11
1772812473957 0.0 12
1772812483303 0.0 13
1772812492672 0.0 14
1772812505651 0.0 15
1772812515039 0.0 16
1772812524426 0.0 17
1772812533832 0.0 18
1772812543068 0.0 19
1772812555948 0.0 20
1772812572413 0.0 11
1772812582895 0.0 12
1772812593471 0.0 13
1772812603837 0.0 14
1772812619651 0.0 15
1772812629891 0.0 16
1772812639852 0.0 17
1772812649805 0.0 18
1772812659709 0.0 19
1772812673405 0.0 20
1772812683529 0.0 21
1772812693502 0.0 22
1772812703462 0.0 23
1772812713427 0.0 24
1772812726850 0.0 25
1772812736806 0.0 26
1772812746680 0.0 27
1772812756614 0.0 28
1772812766585 0.0 29
1772812780042 0.0 30
1772812789978 0.0 31
1772812799895 0.0 32
1772812809829 0.0 33
1772812819590 0.0 34
1772812833119 0.0 35
1772812843050 0.0 36
1772812852863 0.0 37
1772812862788 0.0 38
1772812872665 0.0 39
1772812886293 0.0 40
1772812896603 0.0 41
1772812906797 0.0 42
1772812916919 0.0 43
1772812927299 0.0 44
1772812941067 0.0 45
1772812951273 0.0 46
1772812961543 0.0 47
1772812971672 0.0 48
1772812981801 0.0 49
1772812995676 0.0 50
1772813005965 0.0 51
1772813016198 0.0 52
1772813026351 0.0 53
1772813036443 0.0 54
1772813050276 0.0 55
1772813060446 0.0 56
1772813070668 0.0 57
1772813080731 0.0 58
1772813090710 0.0 59
1772813104234 0.0 60
1772813114205 0.0 61
1772813124418 0.0 62
1772813134380 0.0 63
1772813144283 0.0 64
1772813157771 0.0 65
1772813167573 0.0 66
1772813177467 0.0 67
1772813187451 0.0 68
1772813197427 0.0 69
1772813210914 0.0 70
1772813220983 0.0 71
1772813230907 0.0 72
1772813240841 0.0 73
1772813250721 0.0 74
1772813264116 0.0 75
1772813274085 0.0 76
1772813284175 0.0 77
1772813294058 0.0 78
1772813303993 0.0 79
1772813317390 0.0 80
1772813327282 0.0 81
1772813337156 0.0 82
1772813347070 0.0 83
1772813356969 0.0 84
1772813370480 0.0 85
1772813380418 0.0 86
1772813390314 0.0 87
1772813400278 0.0 88
1772813410185 0.0 89
1772813423521 0.0 90
1772813433460 0.0 91
1772813443454 0.0 92
1772813453546 0.0 93
1772813463529 0.0 94
1772813476971 0.0 95
1772813486942 0.0 96
1772813496894 0.0 97
1772813506664 0.0 98
1772813516628 0.0 99
1772813530116 0.0 100
