1772812359971 0.0 1
1772812370007 0.0 2
1772812379556 0.0 3
1772812389027 0.0 4
1772812404437 0.0 5
1772812413892 0.0 6
1772812423413 0.0 7
1772812432791 0.0 8
1772812442211 0.0 9
1772812455216 0.0 10
1772812464535 0.0 11
1772812473987 0.0 12
1772812483332 0.0 13
1772812492702 0.0 14
1772812505680 0.0 15
1772812515067 0.0 16
1772812524455 0.0 17
1772812533860 0.0 18
1772812543096 0.0 19
1772812555980 0.0 20
1772812572444 0.0 11
1772812582929 0.0 12
1772812593504 0.0 13
1772812603869 0.0 14
1772812619680 0.0 15
1772812629924 0.0 16
1772812639881 0.0 17
1772812649836 0.0 18
1772812659736 0.0 19
1772812673436 0.0 20
1772812683557 0.0 21
1772812693530 0.0 22
1772812703494 0.0 23
1772812713455 0.0 24
1772812726884 0.0 25
1772812736833 0.0 26
1772812746707 0.0 27
1772812756642 0.0 28
1772812766614 0.0 29
1772812780078 0.0 30
1772812790006 0.0 31
1772812799926 0.0 32
1772812809858 0.0 33
1772812819618 0.0 34
1772812833148 0.0 35
1772812843081 0.0 36
1772812852894 0.0 37
1772812862816 0.0 38
1772812872693 0.0 39
1772812886339 0.0 40
1772812896631 0.0 41
1772812906825 0.0 42
1772812916961 0.0 43
1772812927328 0.0 44
1772812941094 0.0 45
1772812951301 0.0 46
1772812961571 0.0 47
1772812971700 0.0 48
1772812981828 0.0 49
1772812995706 0.0 50
1772813005993 0.0 51
1772813016227 0.0 52
1772813026380 0.0 53
1772813036471 0.0 54
1772813050308 0.0 55
1772813060476 0.0 56
1772813070701 0.0 57
1772813080759 0.0 58
1772813090736 0.0 59
1772813104271 0.0 60
1772813114242 0.0 61
1772813124448 0.0 62
1772813134410 0.0 63
1772813144316 0.0 64
1772813157799 0.0 65
1772813167601 0.0 66
1772813177518 0.0 67
1772813187480 0.0 68
1772813197456 0.0 69
1772813210945 0.0 70
1772813221011 0.0 71
1772813230936 0.0 72
1772813240869 0.0 73
1772813250749 0.0 74
1772813264145 0.0 75
1772813274114 0.0 76
1772813284203 0.0 77
1772813294086 0.0 78
1772813304022 0.0 79
1772813317427 0.0 80
1772813327312 0.0 81
1772813337190 0.0 82
1772813347100 0.0 83
1772813357002 0.0 84
1772813370513 0.0 85
1772813380447 0.0 86
1772813390343 0.0 87
1772813400306 0.0 88
1772813410214 0.0 89
1772813423557 0.0 90
1772813433488 0.0 91
1772813443481 0.0 92
1772813453576 0.0 93
1772813463558 0.0 94
1772813477001 0.0 95
1772813486974 0.0 96
1772813496922 0.0 97
1772813506695 0.0 98
1772813516661 0.0 99
1772813530144 0.0 100
