1772812359951 0.0 1
1772812369993 0.0 2
1772812379539 0.0 3
1772812389013 0.0 4
1772812404423 0.0 5
1772812413879 0.0 6
1772812423400 0.0 7
1772812432777 0.0 8
1772812442197 0.0 9
1772812455203 0.0 10
1772812464522 0.0 11
1772812473973 0.0 12
1772812483318 0.0 13
1772812492688 0.0 14
1772812505666 0.0 15
1772812515054 0.0 16
1772812524442 0.0 17
1772812533847 0.0 18
1772812543083 0.0 19
1772812555963 0.0 20
1772812572428 0.0 11
1772812582911 0.0 12
1772812593488 0.0 13
1772812603851 0.0 14
1772812619666 0.0 15
1772812629905 0.0 16
1772812639867 0.0 17
1772812649819 0.0 18
1772812659723 0.0 19
1772812673421 0.0 20
1772812683544 0.0 21
1772812693516 0.0 22
1772812703476 0.0 23
1772812713441 0.0 24
1772812726865 0.0 25
1772812736820 0.0 26
1772812746694 0.0 27
1772812756628 0.0 28
1772812766600 0.0 29
1772812780063 0.0 30
1772812789992 0.0 31
1772812799909 0.0 32
1772812809844 0.0 33
1772812819604 0.0 34
1772812833134 0.0 35
1772812843064 0.0 36
1772812852878 0.0 37
1772812862802 0.0 38
1772812872680 0.0 39
1772812886321 0.0 40
1772812896618 0.0 41
1772812906812 0.0 42
1772812916936 0.0 43
1772812927315 0.0 44
1772812941081 0.0 45
1772812951287 0.0 46
1772812961557 0.0 47
1772812971687 0.0 48
1772812981815 0.0 49
1772812995692 0.0 50
1772813005979 0.0 51
1772813016214 0.0 52
1772813026366 0.0 53
1772813036457 0.0 54
1772813050290 0.0 55
1772813060461 0.0 56
1772813070683 0.0 57
1772813080746 0.0 58
1772813090724 0.0 59
1772813104255 0.0 60
1772813114224 0.0 61
1772813124434 0.0 62
1772813134396 0.0 63
1772813144300 0.0 64
1772813157786 0.0 65
1772813167588 0.0 66
1772813177504 0.0 67
1772813187466 0.0 68
1772813197442 0.0 69
1772813210931 0.0 70
1772813220998 0.0 71
1772813230922 0.0 72
1772813240855 0.0 73
1772813250736 0.0 74
1772813264132 0.0 75
1772813274100 0.0 76
1772813284190 0.0 77
1772813294073 0.0 78
1772813304008 0.0 79
1772813317406 0.0 80
1772813327297 0.0 81
1772813337171 0.0 82
1772813347085 0.0 83
1772813356985 0.0 84
1772813370496 0.0 85
1772813380433 0.0 86
1772813390329 0.0 87
1772813400293 0.0 88
1772813410200 0.0 89
1772813423539 0.0 90
1772813433474 0.0 91
1772813443468 0.0 92
1772813453561 0.0 93
1772813463543 0.0 94
1772813476987 0.0 95
1772813486957 0.0 96
1772813496909 0.0 97
1772813506678 0.0 98
1772813516648 0.0 99
1772813530131 0.0 100
