1772812359940 1.0 1
1772812369983 1.0 2
1772812379529 1.0 3
1772812389002 1.0 4
1772812404414 1.0 5
1772812413869 1.0 6
1772812423391 1.0 7
1772812432768 1.0 8
1772812442188 1.0 9
1772812455194 1.0 10
1772812464512 1.0 11
1772812473963 1.0 12
1772812483309 1.0 13
1772812492677 1.0 14
1772812505657 1.0 15
1772812515045 1.0 16
1772812524432 1.0 17
1772812533837 1.0 18
1772812543073 1.0 19
1772812555953 1.0 20
1772812572418 1.0 11
1772812582901 1.0 12
1772812593477 1.0 13
1772812603842 1.0 14
1772812619656 1.0 15
1772812629896 1.0 16
1772812639857 1.0 17
1772812649810 1.0 18
1772812659714 1.0 19
1772812673412 1.0 20
1772812683535 1.0 21
1772812693507 1.0 22
1772812703467 1.0 23
1772812713432 1.0 24
1772812726856 1.0 25
1772812736811 1.0 26
1772812746685 1.0 27
1772812756619 1.0 28
1772812766590 1.0 29
1772812780053 1.0 30
1772812789983 1.0 31
1772812799900 1.0 32
1772812809835 1.0 33
1772812819595 1.0 34
1772812833124 1.0 35
1772812843055 1.0 36
1772812852868 1.0 37
1772812862793 1.0 38
1772812872670 1.0 39
1772812886300 1.0 40
1772812896608 1.0 41
1772812906802 1.0 42
1772812916924 1.0 43
1772812927305 1.0 44
1772812941072 1.0 45
1772812951278 1.0 46
1772812961549 1.0 47
1772812971678 1.0 48
1772812981806 1.0 49
1772812995681 1.0 50
1772813005970 1.0 51
1772813016204 1.0 52
1772813026356 1.0 53
1772813036448 1.0 54
1772813050281 1.0 55
1772813060452 1.0 56
1772813070673 1.0 57
1772813080736 1.0 58
1772813090715 1.0 59
1772813104240 1.0 60
1772813114213 1.0 61
1772813124424 1.0 62
1772813134386 1.0 63
1772813144289 1.0 64
1772813157777 1.0 65
1772813167578 1.0 66
1772813177490 1.0 67
1772813187457 1.0 68
1772813197432 1.0 69
1772813210920 1.0 70
1772813220988 1.0 71
1772813230913 1.0 72
1772813240846 1.0 73
1772813250726 1.0 74
1772813264121 1.0 75
1772813274090 1.0 76
1772813284180 1.0 77
1772813294063 1.0 78
1772813303998 1.0 79
1772813317396 1.0 80
1772813327287 1.0 81
1772813337161 1.0 82
1772813347075 1.0 83
1772813356975 1.0 84
1772813370486 1.0 85
1772813380423 1.0 86
1772813390320 1.0 87
1772813400283 1.0 88
1772813410191 1.0 89
1772813423529 1.0 90
1772813433465 1.0 91
1772813443459 1.0 92
1772813453551 1.0 93
1772813463534 1.0 94
1772813476977 1.0 95
1772813486947 1.0 96
1772813496899 1.0 97
1772813506669 1.0 98
1772813516633 1.0 99
1772813530121 1.0 100
