1772812359967 0.0 1
1772812370004 0.0 2
1772812379553 0.0 3
1772812389024 0.0 4
1772812404434 0.0 5
1772812413889 0.0 6
1772812423410 0.0 7
1772812432788 0.0 8
1772812442208 0.0 9
1772812455213 0.0 10
1772812464532 0.0 11
1772812473984 0.0 12
1772812483329 0.0 13
1772812492699 0.0 14
1772812505677 0.0 15
1772812515064 0.0 16
1772812524452 0.0 17
1772812533857 0.0 18
1772812543093 0.0 19
1772812555975 0.0 20
1772812572440 0.0 11
1772812582926 0.0 12
1772812593500 0.0 13
1772812603865 0.0 14
1772812619677 0.0 15
1772812629920 0.0 16
1772812639878 0.0 17
1772812649833 0.0 18
1772812659733 0.0 19
1772812673433 0.0 20
1772812683554 0.0 21
1772812693527 0.0 22
1772812703491 0.0 23
1772812713452 0.0 24
1772812726881 0.0 25
1772812736830 0.0 26
1772812746704 0.0 27
1772812756639 0.0 28
1772812766611 0.0 29
1772812780074 0.0 30
1772812790003 0.0 31
1772812799923 0.0 32
1772812809854 0.0 33
1772812819615 0.0 34
1772812833145 0.0 35
1772812843078 0.0 36
1772812852889 0.0 37
1772812862813 0.0 38
1772812872690 0.0 39
1772812886334 0.0 40
1772812896628 0.0 41
1772812906822 0.0 42
1772812916957 0.0 43
1772812927325 0.0 44
1772812941091 0.0 45
1772812951298 0.0 46
1772812961568 0.0 47
1772812971697 0.0 48
1772812981825 0.0 49
1772812995703 0.0 50
1772813005990 0.0 51
1772813016224 0.0 52
1772813026376 0.0 53
1772813036468 0.0 54
1772813050304 0.0 55
1772813060473 0.0 56
1772813070697 0.0 57
1772813080756 0.0 58
1772813090734 0.0 59
1772813104268 0.0 60
1772813114238 0.0 61
1772813124445 0.0 62
1772813134406 0.0 63
1772813144313 0.0 64
1772813157796 0.0 65
1772813167598 0.0 66
1772813177515 0.0 67
1772813187477 0.0 68
1772813197453 0.0 69
1772813210942 0.0 70
1772813221008 0.0 71
1772813230933 0.0 72
1772813240866 0.0 73
1772813250746 0.0 74
1772813264142 0.0 75
1772813274111 0.0 76
1772813284200 0.0 77
1772813294083 0.0 78
1772813304019 0.0 79
1772813317422 0.0 80
1772813327309 0.0 81
1772813337186 0.0 82
1772813347097 0.0 83
1772813356999 0.0 84
1772813370510 0.0 85
1772813380443 0.0 86
1772813390340 0.0 87
1772813400303 0.0 88
1772813410210 0.0 89
1772813423553 0.0 90
1772813433485 0.0 91
1772813443478 0.0 92
1772813453572 0.0 93
1772813463554 0.0 94
1772813476997 0.0 95
1772813486971 0.0 96
1772813496919 0.0 97
1772813506692 0.0 98
1772813516658 0.0 99
1772813530141 0.0 100
