1772812359979 0.3 1
1772812370013 0.3 2
1772812379563 0.3 3
1772812389033 0.3 4
1772812404443 0.3 5
1772812413898 0.3 6
1772812423420 0.3 7
1772812432797 0.3 8
1772812442217 0.3 9
1772812455222 0.3 10
1772812464541 0.3 11
1772812473993 0.3 12
1772812483338 0.3 13
1772812492709 0.3 14
1772812505687 0.3 15
1772812515074 0.3 16
1772812524462 0.3 17
1772812533866 0.3 18
1772812543102 0.3 19
1772812555992 0.3 20
1772812572451 0.3 11
1772812582936 0.3 12
1772812593511 0.3 13
1772812603875 0.3 14
1772812619687 0.3 15
1772812629930 0.3 16
1772812639887 0.3 17
1772812649843 0.3 18
1772812659742 0.3 19
1772812673442 0.3 20
1772812683563 0.3 21
1772812693537 0.3 22
1772812703501 0.3 23
1772812713461 0.3 24
1772812726891 0.3 25
1772812736839 0.3 26
1772812746713 0.3 27
1772812756648 0.3 28
1772812766620 0.3 29
1772812780086 0.3 30
1772812790012 0.3 31
1772812799932 0.3 32
1772812809864 0.3 33
1772812819624 0.3 34
1772812833154 0.3 35
1772812843088 0.3 36
1772812852900 0.3 37
1772812862822 0.3 38
1772812872700 0.3 39
1772812886352 0.3 40
1772812896637 0.3 41
1772812906831 0.3 42
1772812916969 0.3 43
1772812927335 0.3 44
1772812941100 0.3 45
1772812951307 0.3 46
1772812961577 0.3 47
1772812971706 0.3 48
1772812981834 0.3 49
1772812995714 0.3 50
1772813006000 0.3 51
1772813016234 0.3 52
1772813026386 0.3 53
1772813036477 0.3 54
1772813050314 0.3 55
1772813060482 0.3 56
1772813070707 0.3 57
1772813080766 0.3 58
1772813090743 0.3 59
1772813104279 0.3 60
1772813114249 0.3 61
1772813124454 0.3 62
1772813134416 0.3 63
1772813144323 0.3 64
1772813157807 0.3 65
1772813167608 0.3 66
1772813177525 0.3 67
1772813187487 0.3 68
1772813197462 0.3 69
1772813210953 0.3 70
1772813221017 0.3 71
1772813230942 0.3 72
1772813240875 0.3 73
1772813250755 0.3 74
1772813264151 0.3 75
1772813274120 0.3 76
1772813284210 0.3 77
1772813294092 0.3 78
1772813304028 0.3 79
1772813317436 0.3 80
1772813327319 0.3 81
1772813337196 0.3 82
1772813347107 0.3 83
1772813357009 0.3 84
1772813370519 0.3 85
1772813380454 0.3 86
1772813390349 0.3 87
1772813400312 0.3 88
1772813410220 0.3 89
1772813423564 0.3 90
1772813433494 0.3 91
1772813443487 0.3 92
1772813453582 0.3 93
1772813463564 0.3 94
1772813477007 0.3 95
1772813486980 0.3 96
1772813496928 0.3 97
1772813506701 0.3 98
1772813516668 0.3 99
1772813530150 0.3 100
