1772812359935 0.0 1
1772812369980 0.0 2
1772812379525 0.0 3
1772812388998 0.0 4
1772812404410 0.0 5
1772812413865 0.0 6
1772812423387 0.0 7
1772812432765 0.0 8
1772812442184 0.0 9
1772812455191 0.0 10
1772812464508 0.0 11
1772812473959 0.0 12
1772812483305 0.0 13
1772812492674 0.0 14
1772812505654 0.0 15
1772812515041 0.0 16
1772812524428 0.0 17
1772812533834 0.0 18
1772812543070 0.0 19
1772812555950 0.0 20
1772812572415 0.0 11
1772812582897 0.0 12
1772812593473 0.0 13
1772812603839 0.0 14
1772812619653 0.0 15
1772812629893 0.0 16
1772812639854 0.0 17
1772812649807 0.0 18
1772812659711 0.0 19
1772812673408 0.0 20
1772812683531 0.0 21
1772812693504 0.0 22
1772812703464 0.0 23
1772812713429 0.0 24
1772812726852 0.0 25
1772812736808 0.0 26
1772812746681 0.0 27
1772812756616 0.0 28
1772812766587 0.0 29
1772812780045 0.0 30
1772812789980 0.0 31
1772812799897 0.0 32
1772812809831 0.0 33
1772812819592 0.0 34
1772812833121 0.0 35
1772812843052 0.0 36
1772812852865 0.0 37
1772812862790 0.0 38
1772812872667 0.0 39
1772812886296 0.0 40
1772812896605 0.0 41
1772812906799 0.0 42
1772812916921 0.0 43
1772812927301 0.0 44
1772812941069 0.0 45
1772812951275 0.0 46
1772812961546 0.0 47
1772812971675 0.0 48
1772812981803 0.0 49
1772812995678 0.0 50
1772813005967 0.0 51
1772813016200 0.0 52
1772813026353 0.0 53
1772813036445 0.0 54
1772813050278 0.0 55
1772813060449 0.0 56
1772813070670 0.0 57
1772813080733 0.0 58
1772813090712 0.0 59
1772813104237 0.0 60
1772813114207 0.0 61
1772813124420 0.0 62
1772813134383 0.0 63
1772813144286 0.0 64
1772813157773 0.0 65
1772813167575 0.0 66
1772813177473 0.0 67
1772813187454 0.0 68
1772813197429 0.0 69
1772813210917 0.0 70
1772813220985 0.0 71
1772813230909 0.0 72
1772813240843 0.0 73
1772813250723 0.0 74
1772813264118 0.0 75
1772813274087 0.0 76
1772813284177 0.0 77
1772813294060 0.0 78
1772813303995 0.0 79
1772813317392 0.0 80
1772813327284 0.0 81
1772813337158 0.0 82
1772813347072 0.0 83
1772813356971 0.0 84
1772813370483 0.0 85
1772813380420 0.0 86
1772813390317 0.0 87
1772813400280 0.0 88
1772813410187 0.0 89
1772813423525 0.0 90
1772813433462 0.0 91
1772813443456 0.0 92
1772813453548 0.0 93
1772813463530 0.0 94
1772813476974 0.0 95
1772813486944 0.0 96
1772813496896 0.0 97
1772813506666 0.0 98
1772813516630 0.0 99
1772813530118 0.0 100
