1772812359981 0.0 1
1772812370015 0.0 2
1772812379564 0.0 3
1772812389035 0.0 4
1772812404444 0.0 5
1772812413900 0.0 6
1772812423421 0.0 7
1772812432798 0.0 8
1772812442218 0.0 9
1772812455224 0.0 10
1772812464543 0.0 11
1772812473994 0.0 12
1772812483339 0.0 13
1772812492710 0.0 14
1772812505688 0.0 15
1772812515075 0.0 16
1772812524463 0.0 17
1772812533867 0.0 18
1772812543104 0.0 19
1772812555994 0.0 20
1772812572453 0.0 11
1772812582937 0.0 12
1772812593513 0.0 13
1772812603876 0.0 14
1772812619688 0.0 15
1772812629931 0.0 16
1772812639889 0.0 17
1772812649844 0.0 18
1772812659744 0.0 19
1772812673444 0.0 20
1772812683564 0.0 21
1772812693538 0.0 22
1772812703502 0.0 23
1772812713463 0.0 24
1772812726892 0.0 25
1772812736840 0.0 26
1772812746715 0.0 27
1772812756649 0.0 28
1772812766622 0.0 29
1772812780087 0.0 30
1772812790014 0.0 31
1772812799933 0.0 32
1772812809865 0.0 33
1772812819626 0.0 34
1772812833156 0.0 35
1772812843089 0.0 36
1772812852901 0.0 37
1772812862824 0.0 38
1772812872701 0.0 39
1772812886353 0.0 40
1772812896639 0.0 41
1772812906833 0.0 42
1772812916971 0.0 43
1772812927336 0.0 44
1772812941101 0.0 45
1772812951309 0.0 46
1772812961578 0.0 47
1772812971707 0.0 48
1772812981836 0.0 49
1772812995715 0.0 50
1772813006001 0.0 51
1772813016236 0.0 52
1772813026387 0.0 53
1772813036478 0.0 54
1772813050315 0.0 55
1772813060483 0.0 56
1772813070708 0.0 57
1772813080767 0.0 58
1772813090744 0.0 59
1772813104280 0.0 60
1772813114250 0.0 61
1772813124455 0.0 62
1772813134418 0.0 63
1772813144324 0.0 64
1772813157808 0.0 65
1772813167609 0.0 66
1772813177526 0.0 67
1772813187488 0.0 68
1772813197463 0.0 69
1772813210955 0.0 70
1772813221019 0.0 71
1772813230944 0.0 72
1772813240877 0.0 73
1772813250757 0.0 74
1772813264153 0.0 75
1772813274121 0.0 76
1772813284211 0.0 77
1772813294094 0.0 78
1772813304029 0.0 79
1772813317437 0.0 80
1772813327320 0.0 81
1772813337197 0.0 82
1772813347108 0.0 83
1772813357010 0.0 84
1772813370520 0.0 85
1772813380455 0.0 86
1772813390350 0.0 87
1772813400314 0.0 88
1772813410221 0.0 89
1772813423566 0.0 90
1772813433496 0.0 91
1772813443489 0.0 92
1772813453583 0.0 93
1772813463566 0.0 94
1772813477008 0.0 95
1772813486981 0.0 96
1772813496930 0.0 97
1772813506702 0.0 98
1772813516670 0.0 99
1772813530152 0.0 100
