1772812359969 60.0 1
1772812370005 60.0 2
1772812379555 60.0 3
1772812389025 60.0 4
1772812404435 60.0 5
1772812413890 60.0 6
1772812423412 60.0 7
1772812432789 60.0 8
1772812442209 60.0 9
1772812455215 60.0 10
1772812464533 60.0 11
1772812473985 60.0 12
1772812483330 60.0 13
1772812492700 60.0 14
1772812505679 60.0 15
1772812515066 60.0 16
1772812524454 60.0 17
1772812533858 60.0 18
1772812543094 60.0 19
1772812555976 60.0 20
1772812572442 60.0 11
1772812582927 60.0 12
1772812593502 60.0 13
1772812603867 60.0 14
1772812619679 60.0 15
1772812629922 60.0 16
1772812639879 60.0 17
1772812649835 60.0 18
1772812659734 60.0 19
1772812673434 60.0 20
1772812683555 60.0 21
1772812693528 60.0 22
1772812703493 60.0 23
1772812713453 60.0 24
1772812726882 60.0 25
1772812736832 60.0 26
1772812746706 60.0 27
1772812756640 60.0 28
1772812766612 60.0 29
1772812780076 60.0 30
1772812790004 60.0 31
1772812799924 60.0 32
1772812809856 60.0 33
1772812819616 60.0 34
1772812833146 60.0 35
1772812843080 60.0 36
1772812852891 60.0 37
1772812862814 60.0 38
1772812872692 60.0 39
1772812886337 60.0 40
1772812896629 60.0 41
1772812906823 60.0 42
1772812916959 60.0 43
1772812927326 60.0 44
1772812941092 60.0 45
1772812951300 60.0 46
1772812961569 60.0 47
1772812971698 60.0 48
1772812981827 60.0 49
1772812995705 60.0 50
1772813005992 60.0 51
1772813016226 60.0 52
1772813026378 60.0 53
1772813036469 60.0 54
1772813050306 60.0 55
1772813060474 60.0 56
1772813070699 60.0 57
1772813080758 60.0 58
1772813090735 60.0 59
1772813104269 60.0 60
1772813114240 60.0 61
1772813124446 60.0 62
1772813134408 60.0 63
1772813144314 60.0 64
1772813157798 60.0 65
1772813167600 60.0 66
1772813177517 60.0 67
1772813187479 60.0 68
1772813197454 60.0 69
1772813210944 60.0 70
1772813221009 60.0 71
1772813230935 60.0 72
1772813240867 60.0 73
1772813250748 60.0 74
1772813264143 60.0 75
1772813274112 60.0 76
1772813284201 60.0 77
1772813294085 60.0 78
1772813304020 60.0 79
1772813317424 60.0 80
1772813327310 60.0 81
1772813337188 60.0 82
1772813347099 60.0 83
1772813357001 60.0 84
1772813370511 60.0 85
1772813380445 60.0 86
1772813390341 60.0 87
1772813400305 60.0 88
1772813410212 60.0 89
1772813423555 60.0 90
1772813433486 60.0 91
1772813443479 60.0 92
1772813453574 60.0 93
1772813463556 60.0 94
1772813476999 60.0 95
1772813486972 60.0 96
1772813496921 60.0 97
1772813506693 60.0 98
1772813516660 60.0 99
1772813530143 60.0 100
