1772812359934 20.0 1
1772812369978 20.0 2
1772812379524 20.0 3
1772812388997 20.0 4
1772812404409 20.0 5
1772812413864 20.0 6
1772812423386 20.0 7
1772812432763 20.0 8
1772812442183 20.0 9
1772812455190 20.0 10
1772812464507 20.0 11
1772812473958 20.0 12
1772812483304 20.0 13
1772812492673 20.0 14
1772812505652 20.0 15
1772812515040 20.0 16
1772812524427 20.0 17
1772812533833 20.0 18
1772812543069 20.0 19
1772812555949 20.0 20
1772812572414 20.0 11
1772812582895 20.0 12
1772812593472 20.0 13
1772812603837 20.0 14
1772812619652 20.0 15
1772812629892 20.0 16
1772812639853 20.0 17
1772812649806 20.0 18
1772812659709 20.0 19
1772812673406 20.0 20
1772812683530 20.0 21
1772812693503 20.0 22
1772812703463 20.0 23
1772812713427 20.0 24
1772812726851 20.0 25
1772812736806 20.0 26
1772812746680 20.0 27
1772812756614 20.0 28
1772812766586 20.0 29
1772812780043 20.0 30
1772812789979 20.0 31
1772812799895 20.0 32
1772812809830 20.0 33
1772812819591 20.0 34
1772812833120 20.0 35
1772812843050 20.0 36
1772812852864 20.0 37
1772812862789 20.0 38
1772812872666 20.0 39
1772812886294 20.0 40
1772812896604 20.0 41
1772812906798 20.0 42
1772812916919 20.0 43
1772812927300 20.0 44
1772812941068 20.0 45
1772812951274 20.0 46
1772812961544 20.0 47
1772812971673 20.0 48
1772812981802 20.0 49
1772812995677 20.0 50
1772813005966 20.0 51
1772813016199 20.0 52
1772813026352 20.0 53
1772813036444 20.0 54
1772813050277 20.0 55
1772813060447 20.0 56
1772813070669 20.0 57
1772813080732 20.0 58
1772813090710 20.0 59
1772813104235 20.0 60
1772813114206 20.0 61
1772813124419 20.0 62
1772813134381 20.0 63
1772813144284 20.0 64
1772813157772 20.0 65
1772813167574 20.0 66
1772813177468 20.0 67
1772813187452 20.0 68
1772813197428 20.0 69
1772813210915 20.0 70
1772813220984 20.0 71
1772813230908 20.0 72
1772813240841 20.0 73
1772813250722 20.0 74
1772813264117 20.0 75
1772813274086 20.0 76
1772813284176 20.0 77
1772813294059 20.0 78
1772813303994 20.0 79
1772813317391 20.0 80
1772813327283 20.0 81
1772813337156 20.0 82
1772813347071 20.0 83
1772813356970 20.0 84
1772813370481 20.0 85
1772813380419 20.0 86
1772813390315 20.0 87
1772813400279 20.0 88
1772813410186 20.0 89
1772813423523 20.0 90
1772813433461 20.0 91
1772813443455 20.0 92
1772813453547 20.0 93
1772813463529 20.0 94
1772813476972 20.0 95
1772813486943 20.0 96
1772813496895 20.0 97
1772813506665 20.0 98
1772813516629 20.0 99
1772813530116 20.0 100
