1772812359942 0.0 1
1772812369985 0.0 2
1772812379531 0.0 3
1772812389004 0.0 4
1772812404415 0.0 5
1772812413870 0.0 6
1772812423392 0.0 7
1772812432769 0.0 8
1772812442189 0.0 9
1772812455196 0.0 10
1772812464513 0.0 11
1772812473965 0.0 12
1772812483310 0.0 13
1772812492679 0.0 14
1772812505658 0.0 15
1772812515046 0.0 16
1772812524433 0.0 17
1772812533839 0.0 18
1772812543075 0.0 19
1772812555955 0.0 20
1772812572419 0.0 11
1772812582902 0.0 12
1772812593478 0.0 13
1772812603843 0.0 14
1772812619657 0.0 15
1772812629898 0.0 16
1772812639859 0.0 17
1772812649812 0.0 18
1772812659715 0.0 19
1772812673413 0.0 20
1772812683536 0.0 21
1772812693509 0.0 22
1772812703468 0.0 23
1772812713434 0.0 24
1772812726857 0.0 25
1772812736812 0.0 26
1772812746686 0.0 27
1772812756620 0.0 28
1772812766592 0.0 29
1772812780054 0.0 30
1772812789985 0.0 31
1772812799901 0.0 32
1772812809836 0.0 33
1772812819597 0.0 34
1772812833126 0.0 35
1772812843057 0.0 36
1772812852870 0.0 37
1772812862795 0.0 38
1772812872672 0.0 39
1772812886303 0.0 40
1772812896610 0.0 41
1772812906804 0.0 42
1772812916926 0.0 43
1772812927306 0.0 44
1772812941074 0.0 45
1772812951280 0.0 46
1772812961550 0.0 47
1772812971679 0.0 48
1772812981807 0.0 49
1772812995683 0.0 50
1772813005971 0.0 51
1772813016205 0.0 52
1772813026358 0.0 53
1772813036449 0.0 54
1772813050282 0.0 55
1772813060453 0.0 56
1772813070675 0.0 57
1772813080738 0.0 58
1772813090716 0.0 59
1772813104242 0.0 60
1772813114215 0.0 61
1772813124425 0.0 62
1772813134388 0.0 63
1772813144290 0.0 64
1772813157778 0.0 65
1772813167580 0.0 66
1772813177494 0.0 67
1772813187458 0.0 68
1772813197434 0.0 69
1772813210922 0.0 70
1772813220990 0.0 71
1772813230914 0.0 72
1772813240847 0.0 73
1772813250728 0.0 74
1772813264123 0.0 75
1772813274092 0.0 76
1772813284182 0.0 77
1772813294065 0.0 78
1772813304000 0.0 79
1772813317398 0.0 80
1772813327289 0.0 81
1772813337163 0.0 82
1772813347077 0.0 83
1772813356976 0.0 84
1772813370487 0.0 85
1772813380425 0.0 86
1772813390321 0.0 87
1772813400285 0.0 88
1772813410192 0.0 89
1772813423530 0.0 90
1772813433467 0.0 91
1772813443460 0.0 92
1772813453553 0.0 93
1772813463535 0.0 94
1772813476979 0.0 95
1772813486949 0.0 96
1772813496901 0.0 97
1772813506670 0.0 98
1772813516640 0.0 99
1772813530123 0.0 100
