1772812359979 0.0 1
1772812370013 0.0 2
1772812379563 0.0 3
1772812389033 0.0 4
1772812404443 0.0 5
1772812413898 0.0 6
1772812423419 0.0 7
1772812432797 0.0 8
1772812442217 0.0 9
1772812455222 0.0 10
1772812464541 0.0 11
1772812473993 0.0 12
1772812483338 0.0 13
1772812492709 0.0 14
1772812505687 0.0 15
1772812515073 0.0 16
1772812524461 0.0 17
1772812533866 0.0 18
1772812543102 0.0 19
1772812555992 0.0 20
1772812572451 0.0 11
1772812582936 0.0 12
1772812593511 0.0 13
1772812603875 0.0 14
1772812619687 0.0 15
1772812629930 0.0 16
1772812639887 0.0 17
1772812649843 0.0 18
1772812659742 0.0 19
1772812673442 0.0 20
1772812683563 0.0 21
1772812693536 0.0 22
1772812703500 0.0 23
1772812713461 0.0 24
1772812726890 0.0 25
1772812736839 0.0 26
1772812746713 0.0 27
1772812756648 0.0 28
1772812766620 0.0 29
1772812780086 0.0 30
1772812790012 0.0 31
1772812799932 0.0 32
1772812809864 0.0 33
1772812819624 0.0 34
1772812833154 0.0 35
1772812843088 0.0 36
1772812852900 0.0 37
1772812862822 0.0 38
1772812872700 0.0 39
1772812886352 0.0 40
1772812896637 0.0 41
1772812906831 0.0 42
1772812916969 0.0 43
1772812927334 0.0 44
1772812941099 0.0 45
1772812951307 0.0 46
1772812961577 0.0 47
1772812971706 0.0 48
1772812981834 0.0 49
1772812995714 0.0 50
1772813006000 0.0 51
1772813016234 0.0 52
1772813026386 0.0 53
1772813036477 0.0 54
1772813050314 0.0 55
1772813060481 0.0 56
1772813070707 0.0 57
1772813080766 0.0 58
1772813090742 0.0 59
1772813104278 0.0 60
1772813114249 0.0 61
1772813124454 0.0 62
1772813134416 0.0 63
1772813144323 0.0 64
1772813157807 0.0 65
1772813167607 0.0 66
1772813177524 0.0 67
1772813187486 0.0 68
1772813197462 0.0 69
1772813210953 0.0 70
1772813221017 0.0 71
1772813230942 0.0 72
1772813240875 0.0 73
1772813250755 0.0 74
1772813264151 0.0 75
1772813274120 0.0 76
1772813284210 0.0 77
1772813294092 0.0 78
1772813304028 0.0 79
1772813317435 0.0 80
1772813327319 0.0 81
1772813337196 0.0 82
1772813347107 0.0 83
1772813357009 0.0 84
1772813370519 0.0 85
1772813380453 0.0 86
1772813390349 0.0 87
1772813400312 0.0 88
1772813410220 0.0 89
1772813423564 0.0 90
1772813433494 0.0 91
1772813443487 0.0 92
1772813453582 0.0 93
1772813463564 0.0 94
1772813477007 0.0 95
1772813486980 0.0 96
1772813496928 0.0 97
1772813506701 0.0 98
1772813516668 0.0 99
1772813530150 0.0 100
