1772812359970 30.0 1
1772812370006 30.0 2
1772812379555 30.0 3
1772812389026 30.0 4
1772812404436 30.0 5
1772812413891 30.0 6
1772812423413 30.0 7
1772812432790 30.0 8
1772812442210 30.0 9
1772812455216 30.0 10
1772812464534 30.0 11
1772812473986 30.0 12
1772812483331 30.0 13
1772812492701 30.0 14
1772812505679 30.0 15
1772812515066 30.0 16
1772812524454 30.0 17
1772812533859 30.0 18
1772812543095 30.0 19
1772812555979 30.0 20
1772812572443 30.0 11
1772812582928 30.0 12
1772812593503 30.0 13
1772812603868 30.0 14
1772812619680 30.0 15
1772812629923 30.0 16
1772812639880 30.0 17
1772812649836 30.0 18
1772812659735 30.0 19
1772812673435 30.0 20
1772812683556 30.0 21
1772812693529 30.0 22
1772812703494 30.0 23
1772812713454 30.0 24
1772812726883 30.0 25
1772812736832 30.0 26
1772812746706 30.0 27
1772812756641 30.0 28
1772812766613 30.0 29
1772812780077 30.0 30
1772812790005 30.0 31
1772812799925 30.0 32
1772812809857 30.0 33
1772812819617 30.0 34
1772812833147 30.0 35
1772812843081 30.0 36
1772812852892 30.0 37
1772812862815 30.0 38
1772812872692 30.0 39
1772812886338 30.0 40
1772812896630 30.0 41
1772812906824 30.0 42
1772812916960 30.0 43
1772812927327 30.0 44
1772812941093 30.0 45
1772812951300 30.0 46
1772812961570 30.0 47
1772812971699 30.0 48
1772812981828 30.0 49
1772812995706 30.0 50
1772813005992 30.0 51
1772813016227 30.0 52
1772813026379 30.0 53
1772813036470 30.0 54
1772813050307 30.0 55
1772813060475 30.0 56
1772813070700 30.0 57
1772813080759 30.0 58
1772813090736 30.0 59
1772813104270 30.0 60
1772813114242 30.0 61
1772813124447 30.0 62
1772813134409 30.0 63
1772813144315 30.0 64
1772813157799 30.0 65
1772813167600 30.0 66
1772813177517 30.0 67
1772813187480 30.0 68
1772813197455 30.0 69
1772813210945 30.0 70
1772813221010 30.0 71
1772813230935 30.0 72
1772813240868 30.0 73
1772813250748 30.0 74
1772813264144 30.0 75
1772813274113 30.0 76
1772813284202 30.0 77
1772813294085 30.0 78
1772813304021 30.0 79
1772813317426 30.0 80
1772813327311 30.0 81
1772813337189 30.0 82
1772813347099 30.0 83
1772813357002 30.0 84
1772813370512 30.0 85
1772813380446 30.0 86
1772813390342 30.0 87
1772813400305 30.0 88
1772813410213 30.0 89
1772813423556 30.0 90
1772813433487 30.0 91
1772813443480 30.0 92
1772813453575 30.0 93
1772813463557 30.0 94
1772813477000 30.0 95
1772813486973 30.0 96
1772813496921 30.0 97
1772813506694 30.0 98
1772813516661 30.0 99
1772813530143 30.0 100
