1772812359973 -1.0 1
1772812370008 -1.0 2
1772812379558 -1.0 3
1772812389028 -1.0 4
1772812404438 -1.0 5
1772812413893 -1.0 6
1772812423415 -1.0 7
1772812432792 -1.0 8
1772812442212 -1.0 9
1772812455218 -1.0 10
1772812464536 -1.0 11
1772812473988 -1.0 12
1772812483333 -1.0 13
1772812492704 -1.0 14
1772812505682 -1.0 15
1772812515069 -1.0 16
1772812524457 -1.0 17
1772812533861 -1.0 18
1772812543097 -1.0 19
1772812555982 -1.0 20
1772812572445 -1.0 11
1772812582931 -1.0 12
1772812593505 -1.0 13
1772812603870 -1.0 14
1772812619682 -1.0 15
1772812629925 -1.0 16
1772812639882 -1.0 17
1772812649838 -1.0 18
1772812659738 -1.0 19
1772812673437 -1.0 20
1772812683558 -1.0 21
1772812693532 -1.0 22
1772812703496 -1.0 23
1772812713457 -1.0 24
1772812726886 -1.0 25
1772812736834 -1.0 26
1772812746709 -1.0 27
1772812756643 -1.0 28
1772812766615 -1.0 29
1772812780080 -1.0 30
1772812790008 -1.0 31
1772812799927 -1.0 32
1772812809859 -1.0 33
1772812819619 -1.0 34
1772812833149 -1.0 35
1772812843083 -1.0 36
1772812852895 -1.0 37
1772812862817 -1.0 38
1772812872695 -1.0 39
1772812886346 -1.0 40
1772812896632 -1.0 41
1772812906826 -1.0 42
1772812916963 -1.0 43
1772812927330 -1.0 44
1772812941095 -1.0 45
1772812951303 -1.0 46
1772812961572 -1.0 47
1772812971701 -1.0 48
1772812981830 -1.0 49
1772812995709 -1.0 50
1772813005995 -1.0 51
1772813016229 -1.0 52
1772813026381 -1.0 53
1772813036472 -1.0 54
1772813050309 -1.0 55
1772813060477 -1.0 56
1772813070702 -1.0 57
1772813080761 -1.0 58
1772813090738 -1.0 59
1772813104272 -1.0 60
1772813114244 -1.0 61
1772813124449 -1.0 62
1772813134411 -1.0 63
1772813144318 -1.0 64
1772813157801 -1.0 65
1772813167603 -1.0 66
1772813177520 -1.0 67
1772813187482 -1.0 68
1772813197457 -1.0 69
1772813210947 -1.0 70
1772813221013 -1.0 71
1772813230938 -1.0 72
1772813240870 -1.0 73
1772813250751 -1.0 74
1772813264146 -1.0 75
1772813274115 -1.0 76
1772813284205 -1.0 77
1772813294088 -1.0 78
1772813304023 -1.0 79
1772813317429 -1.0 80
1772813327314 -1.0 81
1772813337191 -1.0 82
1772813347102 -1.0 83
1772813357004 -1.0 84
1772813370514 -1.0 85
1772813380448 -1.0 86
1772813390344 -1.0 87
1772813400307 -1.0 88
1772813410215 -1.0 89
1772813423558 -1.0 90
1772813433490 -1.0 91
1772813443482 -1.0 92
1772813453577 -1.0 93
1772813463560 -1.0 94
1772813477002 -1.0 95
1772813486975 -1.0 96
1772813496924 -1.0 97
1772813506696 -1.0 98
1772813516663 -1.0 99
1772813530146 -1.0 100
