1772812359971 1800.0 1
1772812370006 1800.0 2
1772812379556 1800.0 3
1772812389026 1800.0 4
1772812404436 1800.0 5
1772812413891 1800.0 6
1772812423413 1800.0 7
1772812432790 1800.0 8
1772812442210 1800.0 9
1772812455216 1800.0 10
1772812464534 1800.0 11
1772812473986 1800.0 12
1772812483331 1800.0 13
1772812492702 1800.0 14
1772812505680 1800.0 15
1772812515067 1800.0 16
1772812524455 1800.0 17
1772812533859 1800.0 18
1772812543095 1800.0 19
1772812555980 1800.0 20
1772812572443 1800.0 11
1772812582929 1800.0 12
1772812593503 1800.0 13
1772812603868 1800.0 14
1772812619680 1800.0 15
1772812629923 1800.0 16
1772812639880 1800.0 17
1772812649836 1800.0 18
1772812659735 1800.0 19
1772812673435 1800.0 20
1772812683556 1800.0 21
1772812693529 1800.0 22
1772812703494 1800.0 23
1772812713455 1800.0 24
1772812726884 1800.0 25
1772812736833 1800.0 26
1772812746707 1800.0 27
1772812756641 1800.0 28
1772812766613 1800.0 29
1772812780077 1800.0 30
1772812790006 1800.0 31
1772812799925 1800.0 32
1772812809857 1800.0 33
1772812819617 1800.0 34
1772812833147 1800.0 35
1772812843081 1800.0 36
1772812852892 1800.0 37
1772812862815 1800.0 38
1772812872693 1800.0 39
1772812886338 1800.0 40
1772812896630 1800.0 41
1772812906824 1800.0 42
1772812916960 1800.0 43
1772812927327 1800.0 44
1772812941093 1800.0 45
1772812951301 1800.0 46
1772812961570 1800.0 47
1772812971699 1800.0 48
1772812981828 1800.0 49
1772812995706 1800.0 50
1772813005993 1800.0 51
1772813016227 1800.0 52
1772813026379 1800.0 53
1772813036470 1800.0 54
1772813050307 1800.0 55
1772813060475 1800.0 56
1772813070700 1800.0 57
1772813080759 1800.0 58
1772813090736 1800.0 59
1772813104270 1800.0 60
1772813114242 1800.0 61
1772813124447 1800.0 62
1772813134409 1800.0 63
1772813144315 1800.0 64
1772813157799 1800.0 65
1772813167601 1800.0 66
1772813177518 1800.0 67
1772813187480 1800.0 68
1772813197455 1800.0 69
1772813210945 1800.0 70
1772813221010 1800.0 71
1772813230936 1800.0 72
1772813240868 1800.0 73
1772813250749 1800.0 74
1772813264144 1800.0 75
1772813274113 1800.0 76
1772813284202 1800.0 77
1772813294086 1800.0 78
1772813304021 1800.0 79
1772813317427 1800.0 80
1772813327311 1800.0 81
1772813337189 1800.0 82
1772813347100 1800.0 83
1772813357002 1800.0 84
1772813370512 1800.0 85
1772813380446 1800.0 86
1772813390342 1800.0 87
1772813400306 1800.0 88
1772813410213 1800.0 89
1772813423556 1800.0 90
1772813433488 1800.0 91
1772813443480 1800.0 92
1772813453575 1800.0 93
1772813463558 1800.0 94
1772813477000 1800.0 95
1772813486973 1800.0 96
1772813496922 1800.0 97
1772813506694 1800.0 98
1772813516661 1800.0 99
1772813530144 1800.0 100
