1772812359939 1.0 1
1772812369982 1.0 2
1772812379528 1.0 3
1772812389001 1.0 4
1772812404413 1.0 5
1772812413868 1.0 6
1772812423390 1.0 7
1772812432767 1.0 8
1772812442187 1.0 9
1772812455193 1.0 10
1772812464511 1.0 11
1772812473962 1.0 12
1772812483308 1.0 13
1772812492676 1.0 14
1772812505656 1.0 15
1772812515044 1.0 16
1772812524430 1.0 17
1772812533836 1.0 18
1772812543072 1.0 19
1772812555952 1.0 20
1772812572417 1.0 11
1772812582899 1.0 12
1772812593476 1.0 13
1772812603841 1.0 14
1772812619655 1.0 15
1772812629895 1.0 16
1772812639856 1.0 17
1772812649809 1.0 18
1772812659713 1.0 19
1772812673411 1.0 20
1772812683534 1.0 21
1772812693506 1.0 22
1772812703466 1.0 23
1772812713431 1.0 24
1772812726855 1.0 25
1772812736810 1.0 26
1772812746684 1.0 27
1772812756618 1.0 28
1772812766589 1.0 29
1772812780051 1.0 30
1772812789982 1.0 31
1772812799899 1.0 32
1772812809834 1.0 33
1772812819594 1.0 34
1772812833123 1.0 35
1772812843054 1.0 36
1772812852867 1.0 37
1772812862792 1.0 38
1772812872669 1.0 39
1772812886299 1.0 40
1772812896607 1.0 41
1772812906801 1.0 42
1772812916923 1.0 43
1772812927304 1.0 44
1772812941071 1.0 45
1772812951277 1.0 46
1772812961548 1.0 47
1772812971677 1.0 48
1772812981805 1.0 49
1772812995680 1.0 50
1772813005969 1.0 51
1772813016203 1.0 52
1772813026355 1.0 53
1772813036447 1.0 54
1772813050280 1.0 55
1772813060451 1.0 56
1772813070672 1.0 57
1772813080735 1.0 58
1772813090714 1.0 59
1772813104239 1.0 60
1772813114212 1.0 61
1772813124423 1.0 62
1772813134385 1.0 63
1772813144288 1.0 64
1772813157776 1.0 65
1772813167577 1.0 66
1772813177489 1.0 67
1772813187456 1.0 68
1772813197431 1.0 69
1772813210919 1.0 70
1772813220987 1.0 71
1772813230912 1.0 72
1772813240845 1.0 73
1772813250725 1.0 74
1772813264120 1.0 75
1772813274089 1.0 76
1772813284179 1.0 77
1772813294062 1.0 78
1772813303997 1.0 79
1772813317395 1.0 80
1772813327286 1.0 81
1772813337160 1.0 82
1772813347075 1.0 83
1772813356974 1.0 84
1772813370485 1.0 85
1772813380422 1.0 86
1772813390319 1.0 87
1772813400282 1.0 88
1772813410190 1.0 89
1772813423527 1.0 90
1772813433464 1.0 91
1772813443458 1.0 92
1772813453550 1.0 93
1772813463533 1.0 94
1772813476976 1.0 95
1772813486946 1.0 96
1772813496898 1.0 97
1772813506668 1.0 98
1772813516632 1.0 99
1772813530120 1.0 100
