1772812359947 1.0 1
1772812369989 1.0 2
1772812379535 1.0 3
1772812389009 1.0 4
1772812404420 1.0 5
1772812413875 1.0 6
1772812423397 1.0 7
1772812432774 1.0 8
1772812442194 1.0 9
1772812455200 1.0 10
1772812464518 1.0 11
1772812473970 1.0 12
1772812483315 1.0 13
1772812492684 1.0 14
1772812505663 1.0 15
1772812515051 1.0 16
1772812524438 1.0 17
1772812533843 1.0 18
1772812543079 1.0 19
1772812555960 1.0 20
1772812572425 1.0 11
1772812582907 1.0 12
1772812593484 1.0 13
1772812603848 1.0 14
1772812619662 1.0 15
1772812629902 1.0 16
1772812639864 1.0 17
1772812649816 1.0 18
1772812659720 1.0 19
1772812673418 1.0 20
1772812683541 1.0 21
1772812693513 1.0 22
1772812703473 1.0 23
1772812713438 1.0 24
1772812726862 1.0 25
1772812736817 1.0 26
1772812746690 1.0 27
1772812756625 1.0 28
1772812766596 1.0 29
1772812780060 1.0 30
1772812789989 1.0 31
1772812799906 1.0 32
1772812809841 1.0 33
1772812819601 1.0 34
1772812833131 1.0 35
1772812843061 1.0 36
1772812852874 1.0 37
1772812862799 1.0 38
1772812872676 1.0 39
1772812886313 1.0 40
1772812896614 1.0 41
1772812906808 1.0 42
1772812916931 1.0 43
1772812927311 1.0 44
1772812941078 1.0 45
1772812951284 1.0 46
1772812961554 1.0 47
1772812971684 1.0 48
1772812981812 1.0 49
1772812995688 1.0 50
1772813005976 1.0 51
1772813016210 1.0 52
1772813026362 1.0 53
1772813036454 1.0 54
1772813050287 1.0 55
1772813060458 1.0 56
1772813070680 1.0 57
1772813080743 1.0 58
1772813090720 1.0 59
1772813104251 1.0 60
1772813114220 1.0 61
1772813124430 1.0 62
1772813134392 1.0 63
1772813144296 1.0 64
1772813157783 1.0 65
1772813167584 1.0 66
1772813177501 1.0 67
1772813187463 1.0 68
1772813197439 1.0 69
1772813210928 1.0 70
1772813220994 1.0 71
1772813230919 1.0 72
1772813240852 1.0 73
1772813250732 1.0 74
1772813264128 1.0 75
1772813274096 1.0 76
1772813284186 1.0 77
1772813294069 1.0 78
1772813304005 1.0 79
1772813317403 1.0 80
1772813327293 1.0 81
1772813337168 1.0 82
1772813347082 1.0 83
1772813356981 1.0 84
1772813370492 1.0 85
1772813380430 1.0 86
1772813390326 1.0 87
1772813400289 1.0 88
1772813410197 1.0 89
1772813423536 1.0 90
1772813433471 1.0 91
1772813443465 1.0 92
1772813453557 1.0 93
1772813463540 1.0 94
1772813476983 1.0 95
1772813486953 1.0 96
1772813496905 1.0 97
1772813506675 1.0 98
1772813516645 1.0 99
1772813530127 1.0 100
