1772812359945 0.99 1
1772812369987 0.99 2
1772812379533 0.99 3
1772812389007 0.99 4
1772812404418 0.99 5
1772812413873 0.99 6
1772812423395 0.99 7
1772812432772 0.99 8
1772812442192 0.99 9
1772812455198 0.99 10
1772812464516 0.99 11
1772812473968 0.99 12
1772812483313 0.99 13
1772812492682 0.99 14
1772812505661 0.99 15
1772812515049 0.99 16
1772812524436 0.99 17
1772812533841 0.99 18
1772812543077 0.99 19
1772812555957 0.99 20
1772812572422 0.9761801896620743 11
1772812582905 0.9761801896620743 12
1772812593481 0.9761801896620743 13
1772812603846 0.9761801896620743 14
1772812619660 0.9761801896620743 15
1772812629900 0.9761801896620743 16
1772812639862 0.9761801896620743 17
1772812649814 0.9761801896620743 18
1772812659718 0.9761801896620743 19
1772812673416 0.9761801896620743 20
1772812683539 0.9761801896620743 21
1772812693511 0.9761801896620743 22
1772812703471 0.9761801896620743 23
1772812713436 0.9761801896620743 24
1772812726860 0.9761801896620743 25
1772812736815 0.9761801896620743 26
1772812746689 0.9761801896620743 27
1772812756623 0.9761801896620743 28
1772812766594 0.9761801896620743 29
1772812780057 0.9761801896620743 30
1772812789987 0.9761801896620743 31
1772812799903 0.9761801896620743 32
1772812809839 0.9761801896620743 33
1772812819599 0.9761801896620743 34
1772812833129 0.9761801896620743 35
1772812843059 0.9761801896620743 36
1772812852872 0.9761801896620743 37
1772812862797 0.9761801896620743 38
1772812872674 0.9761801896620743 39
1772812886310 0.9761801896620743 40
1772812896612 0.9761801896620743 41
1772812906806 0.9761801896620743 42
1772812916929 0.9761801896620743 43
1772812927309 0.9761801896620743 44
1772812941076 0.9761801896620743 45
1772812951282 0.9761801896620743 46
1772812961552 0.9761801896620743 47
1772812971682 0.9761801896620743 48
1772812981810 0.9761801896620743 49
1772812995686 0.9761801896620743 50
1772813005974 0.9761801896620743 51
1772813016208 0.9761801896620743 52
1772813026360 0.9761801896620743 53
1772813036452 0.9761801896620743 54
1772813050285 0.9761801896620743 55
1772813060456 0.9761801896620743 56
1772813070677 0.9761801896620743 57
1772813080740 0.9761801896620743 58
1772813090718 0.9761801896620743 59
1772813104247 0.9761801896620743 60
1772813114217 0.9761801896620743 61
1772813124428 0.9761801896620743 62
1772813134390 0.9761801896620743 63
1772813144293 0.9761801896620743 64
1772813157781 0.9761801896620743 65
1772813167582 0.9761801896620743 66
1772813177498 0.9761801896620743 67
1772813187461 0.9761801896620743 68
1772813197437 0.9761801896620743 69
1772813210926 0.9761801896620743 70
1772813220992 0.9761801896620743 71
1772813230917 0.9761801896620743 72
1772813240850 0.9761801896620743 73
1772813250730 0.9761801896620743 74
1772813264126 0.9761801896620743 75
1772813274095 0.9761801896620743 76
1772813284184 0.9761801896620743 77
1772813294067 0.9761801896620743 78
1772813304003 0.9761801896620743 79
1772813317400 0.9761801896620743 80
1772813327291 0.9761801896620743 81
1772813337165 0.9761801896620743 82
1772813347080 0.9761801896620743 83
1772813356979 0.9761801896620743 84
1772813370490 0.9761801896620743 85
1772813380427 0.9761801896620743 86
1772813390324 0.9761801896620743 87
1772813400287 0.9761801896620743 88
1772813410194 0.9761801896620743 89
1772813423533 0.9761801896620743 90
1772813433469 0.9761801896620743 91
1772813443463 0.9761801896620743 92
1772813453555 0.9761801896620743 93
1772813463538 0.9761801896620743 94
1772813476981 0.9761801896620743 95
1772813486951 0.9761801896620743 96
1772813496903 0.9761801896620743 97
1772813506673 0.9761801896620743 98
1772813516643 0.9761801896620743 99
1772813530125 0.9761801896620743 100
