1772812359945 1.0 1
1772812369988 1.0 2
1772812379534 1.0 3
1772812389007 1.0 4
1772812404418 1.0 5
1772812413873 1.0 6
1772812423395 1.0 7
1772812432772 1.0 8
1772812442192 1.0 9
1772812455199 1.0 10
1772812464517 1.0 11
1772812473968 1.0 12
1772812483313 1.0 13
1772812492683 1.0 14
1772812505661 1.0 15
1772812515049 1.0 16
1772812524437 1.0 17
1772812533842 1.0 18
1772812543078 1.0 19
1772812555958 1.0 20
1772812572422 1.0 11
1772812582906 1.0 12
1772812593482 1.0 13
1772812603846 1.0 14
1772812619661 1.0 15
1772812629901 1.0 16
1772812639862 1.0 17
1772812649815 1.0 18
1772812659718 1.0 19
1772812673416 1.0 20
1772812683539 1.0 21
1772812693511 1.0 22
1772812703471 1.0 23
1772812713437 1.0 24
1772812726860 1.0 25
1772812736815 1.0 26
1772812746689 1.0 27
1772812756623 1.0 28
1772812766595 1.0 29
1772812780058 1.0 30
1772812789988 1.0 31
1772812799904 1.0 32
1772812809839 1.0 33
1772812819600 1.0 34
1772812833129 1.0 35
1772812843060 1.0 36
1772812852873 1.0 37
1772812862798 1.0 38
1772812872675 1.0 39
1772812886311 1.0 40
1772812896613 1.0 41
1772812906807 1.0 42
1772812916929 1.0 43
1772812927309 1.0 44
1772812941077 1.0 45
1772812951283 1.0 46
1772812961553 1.0 47
1772812971682 1.0 48
1772812981810 1.0 49
1772812995686 1.0 50
1772813005975 1.0 51
1772813016209 1.0 52
1772813026361 1.0 53
1772813036453 1.0 54
1772813050285 1.0 55
1772813060456 1.0 56
1772813070678 1.0 57
1772813080741 1.0 58
1772813090719 1.0 59
1772813104248 1.0 60
1772813114218 1.0 61
1772813124429 1.0 62
1772813134391 1.0 63
1772813144294 1.0 64
1772813157781 1.0 65
1772813167583 1.0 66
1772813177499 1.0 67
1772813187461 1.0 68
1772813197437 1.0 69
1772813210926 1.0 70
1772813220993 1.0 71
1772813230917 1.0 72
1772813240850 1.0 73
1772813250731 1.0 74
1772813264126 1.0 75
1772813274095 1.0 76
1772813284185 1.0 77
1772813294068 1.0 78
1772813304003 1.0 79
1772813317401 1.0 80
1772813327292 1.0 81
1772813337166 1.0 82
1772813347080 1.0 83
1772813356979 1.0 84
1772813370490 1.0 85
1772813380428 1.0 86
1772813390324 1.0 87
1772813400288 1.0 88
1772813410195 1.0 89
1772813423534 1.0 90
1772813433470 1.0 91
1772813443463 1.0 92
1772813453556 1.0 93
1772813463538 1.0 94
1772813476982 1.0 95
1772813486952 1.0 96
1772813496904 1.0 97
1772813506673 1.0 98
1772813516643 1.0 99
1772813530126 1.0 100
