1772812359950 0.0 1
1772812369992 0.0 2
1772812379538 0.0 3
1772812389012 0.0 4
1772812404422 0.0 5
1772812413878 0.0 6
1772812423399 0.0 7
1772812432776 0.0 8
1772812442197 0.0 9
1772812455203 0.0 10
1772812464521 0.0 11
1772812473973 0.0 12
1772812483318 0.0 13
1772812492687 0.0 14
1772812505665 0.0 15
1772812515053 0.0 16
1772812524441 0.0 17
1772812533846 0.0 18
1772812543082 0.0 19
1772812555962 0.0 20
1772812572427 0.0 11
1772812582910 0.0 12
1772812593487 0.0 13
1772812603850 0.0 14
1772812619665 0.0 15
1772812629905 0.0 16
1772812639866 0.0 17
1772812649819 0.0 18
1772812659722 0.0 19
1772812673420 0.0 20
1772812683543 0.0 21
1772812693516 0.0 22
1772812703476 0.0 23
1772812713441 0.0 24
1772812726864 0.0 25
1772812736819 0.0 26
1772812746693 0.0 27
1772812756627 0.0 28
1772812766599 0.0 29
1772812780062 0.0 30
1772812789992 0.0 31
1772812799908 0.0 32
1772812809843 0.0 33
1772812819604 0.0 34
1772812833133 0.0 35
1772812843063 0.0 36
1772812852877 0.0 37
1772812862802 0.0 38
1772812872679 0.0 39
1772812886318 0.0 40
1772812896617 0.0 41
1772812906811 0.0 42
1772812916934 0.0 43
1772812927314 0.0 44
1772812941081 0.0 45
1772812951287 0.0 46
1772812961557 0.0 47
1772812971686 0.0 48
1772812981814 0.0 49
1772812995691 0.0 50
1772813005979 0.0 51
1772813016213 0.0 52
1772813026365 0.0 53
1772813036456 0.0 54
1772813050289 0.0 55
1772813060461 0.0 56
1772813070682 0.0 57
1772813080745 0.0 58
1772813090723 0.0 59
1772813104254 0.0 60
1772813114223 0.0 61
1772813124433 0.0 62
1772813134395 0.0 63
1772813144299 0.0 64
1772813157785 0.0 65
1772813167587 0.0 66
1772813177503 0.0 67
1772813187465 0.0 68
1772813197441 0.0 69
1772813210930 0.0 70
1772813220997 0.0 71
1772813230921 0.0 72
1772813240854 0.0 73
1772813250735 0.0 74
1772813264131 0.0 75
1772813274099 0.0 76
1772813284189 0.0 77
1772813294072 0.0 78
1772813304007 0.0 79
1772813317405 0.0 80
1772813327296 0.0 81
1772813337170 0.0 82
1772813347084 0.0 83
1772813356984 0.0 84
1772813370495 0.0 85
1772813380432 0.0 86
1772813390329 0.0 87
1772813400292 0.0 88
1772813410199 0.0 89
1772813423539 0.0 90
1772813433474 0.0 91
1772813443467 0.0 92
1772813453560 0.0 93
1772813463542 0.0 94
1772813476986 0.0 95
1772813486956 0.0 96
1772813496908 0.0 97
1772813506677 0.0 98
1772813516647 0.0 99
1772813530130 0.0 100
