1772812359969 0.0 1
1772812370005 0.0 2
1772812379554 0.0 3
1772812389025 0.0 4
1772812404435 0.0 5
1772812413890 0.0 6
1772812423411 0.0 7
1772812432788 0.0 8
1772812442209 0.0 9
1772812455214 0.0 10
1772812464533 0.0 11
1772812473985 0.0 12
1772812483330 0.0 13
1772812492700 0.0 14
1772812505678 0.0 15
1772812515065 0.0 16
1772812524453 0.0 17
1772812533858 0.0 18
1772812543094 0.0 19
1772812555976 0.0 20
1772812572442 0.0 11
1772812582927 0.0 12
1772812593501 0.0 13
1772812603867 0.0 14
1772812619678 0.0 15
1772812629922 0.0 16
1772812639879 0.0 17
1772812649834 0.0 18
1772812659734 0.0 19
1772812673434 0.0 20
1772812683555 0.0 21
1772812693528 0.0 22
1772812703492 0.0 23
1772812713453 0.0 24
1772812726882 0.0 25
1772812736831 0.0 26
1772812746705 0.0 27
1772812756639 0.0 28
1772812766612 0.0 29
1772812780075 0.0 30
1772812790004 0.0 31
1772812799924 0.0 32
1772812809855 0.0 33
1772812819616 0.0 34
1772812833146 0.0 35
1772812843079 0.0 36
1772812852890 0.0 37
1772812862814 0.0 38
1772812872691 0.0 39
1772812886335 0.0 40
1772812896629 0.0 41
1772812906823 0.0 42
1772812916958 0.0 43
1772812927326 0.0 44
1772812941092 0.0 45
1772812951299 0.0 46
1772812961569 0.0 47
1772812971698 0.0 48
1772812981826 0.0 49
1772812995704 0.0 50
1772813005991 0.0 51
1772813016225 0.0 52
1772813026377 0.0 53
1772813036469 0.0 54
1772813050305 0.0 55
1772813060474 0.0 56
1772813070698 0.0 57
1772813080757 0.0 58
1772813090735 0.0 59
1772813104268 0.0 60
1772813114240 0.0 61
1772813124446 0.0 62
1772813134408 0.0 63
1772813144314 0.0 64
1772813157797 0.0 65
1772813167599 0.0 66
1772813177516 0.0 67
1772813187478 0.0 68
1772813197454 0.0 69
1772813210943 0.0 70
1772813221009 0.0 71
1772813230934 0.0 72
1772813240867 0.0 73
1772813250747 0.0 74
1772813264143 0.0 75
1772813274112 0.0 76
1772813284201 0.0 77
1772813294084 0.0 78
1772813304020 0.0 79
1772813317424 0.0 80
1772813327310 0.0 81
1772813337188 0.0 82
1772813347098 0.0 83
1772813357000 0.0 84
1772813370511 0.0 85
1772813380444 0.0 86
1772813390341 0.0 87
1772813400304 0.0 88
1772813410212 0.0 89
1772813423554 0.0 90
1772813433486 0.0 91
1772813443479 0.0 92
1772813453574 0.0 93
1772813463556 0.0 94
1772813476998 0.0 95
1772813486972 0.0 96
1772813496920 0.0 97
1772813506693 0.0 98
1772813516659 0.0 99
1772813530142 0.0 100
