1772812359948 0.0 1
1772812369991 0.0 2
1772812379537 0.0 3
1772812389011 0.0 4
1772812404421 0.0 5
1772812413876 0.0 6
1772812423398 0.0 7
1772812432775 0.0 8
1772812442195 0.0 9
1772812455202 0.0 10
1772812464520 0.0 11
1772812473971 0.0 12
1772812483316 0.0 13
1772812492685 0.0 14
1772812505664 0.0 15
1772812515052 0.0 16
1772812524440 0.0 17
1772812533845 0.0 18
1772812543080 0.0 19
1772812555961 0.0 20
1772812572426 0.0 11
1772812582909 0.0 12
1772812593485 0.0 13
1772812603849 0.0 14
1772812619664 0.0 15
1772812629903 0.0 16
1772812639865 0.0 17
1772812649817 0.0 18
1772812659721 0.0 19
1772812673419 0.0 20
1772812683542 0.0 21
1772812693514 0.0 22
1772812703474 0.0 23
1772812713439 0.0 24
1772812726863 0.0 25
1772812736818 0.0 26
1772812746692 0.0 27
1772812756626 0.0 28
1772812766597 0.0 29
1772812780061 0.0 30
1772812789991 0.0 31
1772812799907 0.0 32
1772812809842 0.0 33
1772812819602 0.0 34
1772812833132 0.0 35
1772812843062 0.0 36
1772812852876 0.0 37
1772812862800 0.0 38
1772812872677 0.0 39
1772812886315 0.0 40
1772812896616 0.0 41
1772812906809 0.0 42
1772812916933 0.0 43
1772812927313 0.0 44
1772812941079 0.0 45
1772812951285 0.0 46
1772812961556 0.0 47
1772812971685 0.0 48
1772812981813 0.0 49
1772812995689 0.0 50
1772813005977 0.0 51
1772813016212 0.0 52
1772813026364 0.0 53
1772813036455 0.0 54
1772813050288 0.0 55
1772813060459 0.0 56
1772813070681 0.0 57
1772813080744 0.0 58
1772813090722 0.0 59
1772813104252 0.0 60
1772813114221 0.0 61
1772813124432 0.0 62
1772813134394 0.0 63
1772813144297 0.0 64
1772813157784 0.0 65
1772813167586 0.0 66
1772813177502 0.0 67
1772813187464 0.0 68
1772813197440 0.0 69
1772813210929 0.0 70
1772813220996 0.0 71
1772813230920 0.0 72
1772813240853 0.0 73
1772813250734 0.0 74
1772813264129 0.0 75
1772813274098 0.0 76
1772813284188 0.0 77
1772813294071 0.0 78
1772813304006 0.0 79
1772813317404 0.0 80
1772813327295 0.0 81
1772813337169 0.0 82
1772813347083 0.0 83
1772813356982 0.0 84
1772813370493 0.0 85
1772813380431 0.0 86
1772813390327 0.0 87
1772813400290 0.0 88
1772813410198 0.0 89
1772813423537 0.0 90
1772813433472 0.0 91
1772813443466 0.0 92
1772813453559 0.0 93
1772813463541 0.0 94
1772813476985 0.0 95
1772813486955 0.0 96
1772813496907 0.0 97
1772813506676 0.0 98
1772813516646 0.0 99
1772813530129 0.0 100
