1772812359965 0.0 1
1772812370002 0.0 2
1772812379551 0.0 3
1772812389022 0.0 4
1772812404432 0.0 5
1772812413887 0.0 6
1772812423409 0.0 7
1772812432786 0.0 8
1772812442206 0.0 9
1772812455212 0.0 10
1772812464530 0.0 11
1772812473982 0.0 12
1772812483327 0.0 13
1772812492697 0.0 14
1772812505675 0.0 15
1772812515063 0.0 16
1772812524450 0.0 17
1772812533855 0.0 18
1772812543091 0.0 19
1772812555973 0.0 20
1772812572438 0.0 11
1772812582924 0.0 12
1772812593498 0.0 13
1772812603864 0.0 14
1772812619675 0.0 15
1772812629919 0.0 16
1772812639876 0.0 17
1772812649832 0.0 18
1772812659731 0.0 19
1772812673431 0.0 20
1772812683552 0.0 21
1772812693525 0.0 22
1772812703489 0.0 23
1772812713450 0.0 24
1772812726879 0.0 25
1772812736828 0.0 26
1772812746702 0.0 27
1772812756637 0.0 28
1772812766609 0.0 29
1772812780073 0.0 30
1772812790001 0.0 31
1772812799921 0.0 32
1772812809853 0.0 33
1772812819613 0.0 34
1772812833143 0.0 35
1772812843077 0.0 36
1772812852887 0.0 37
1772812862811 0.0 38
1772812872688 0.0 39
1772812886332 0.0 40
1772812896626 0.0 41
1772812906820 0.0 42
1772812916955 0.0 43
1772812927323 0.0 44
1772812941089 0.0 45
1772812951296 0.0 46
1772812961566 0.0 47
1772812971695 0.0 48
1772812981824 0.0 49
1772812995701 0.0 50
1772813005988 0.0 51
1772813016223 0.0 52
1772813026374 0.0 53
1772813036466 0.0 54
1772813050303 0.0 55
1772813060471 0.0 56
1772813070696 0.0 57
1772813080755 0.0 58
1772813090732 0.0 59
1772813104266 0.0 60
1772813114235 0.0 61
1772813124443 0.0 62
1772813134404 0.0 63
1772813144311 0.0 64
1772813157795 0.0 65
1772813167596 0.0 66
1772813177513 0.0 67
1772813187474 0.0 68
1772813197451 0.0 69
1772813210940 0.0 70
1772813221006 0.0 71
1772813230931 0.0 72
1772813240864 0.0 73
1772813250744 0.0 74
1772813264140 0.0 75
1772813274109 0.0 76
1772813284198 0.0 77
1772813294081 0.0 78
1772813304017 0.0 79
1772813317420 0.0 80
1772813327307 0.0 81
1772813337185 0.0 82
1772813347095 0.0 83
1772813356997 0.0 84
1772813370508 0.0 85
1772813380442 0.0 86
1772813390338 0.0 87
1772813400301 0.0 88
1772813410209 0.0 89
1772813423550 0.0 90
1772813433483 0.0 91
1772813443476 0.0 92
1772813453571 0.0 93
1772813463552 0.0 94
1772813476995 0.0 95
1772813486969 0.0 96
1772813496917 0.0 97
1772813506690 0.0 98
1772813516657 0.0 99
1772813530139 0.0 100
