1772812359978 0.2 1
1772812370012 0.2 2
1772812379562 0.2 3
1772812389032 0.2 4
1772812404442 0.2 5
1772812413897 0.2 6
1772812423419 0.2 7
1772812432796 0.2 8
1772812442216 0.2 9
1772812455221 0.2 10
1772812464540 0.2 11
1772812473992 0.2 12
1772812483337 0.2 13
1772812492708 0.2 14
1772812505686 0.2 15
1772812515073 0.2 16
1772812524461 0.2 17
1772812533865 0.2 18
1772812543101 0.2 19
1772812555990 0.2 20
1772812572450 0.2 11
1772812582935 0.2 12
1772812593510 0.2 13
1772812603874 0.2 14
1772812619686 0.2 15
1772812629929 0.2 16
1772812639886 0.2 17
1772812649842 0.2 18
1772812659741 0.2 19
1772812673441 0.2 20
1772812683562 0.2 21
1772812693536 0.2 22
1772812703500 0.2 23
1772812713460 0.2 24
1772812726890 0.2 25
1772812736838 0.2 26
1772812746712 0.2 27
1772812756647 0.2 28
1772812766619 0.2 29
1772812780085 0.2 30
1772812790011 0.2 31
1772812799931 0.2 32
1772812809863 0.2 33
1772812819623 0.2 34
1772812833153 0.2 35
1772812843087 0.2 36
1772812852899 0.2 37
1772812862821 0.2 38
1772812872699 0.2 39
1772812886351 0.2 40
1772812896636 0.2 41
1772812906830 0.2 42
1772812916968 0.2 43
1772812927334 0.2 44
1772812941099 0.2 45
1772812951306 0.2 46
1772812961576 0.2 47
1772812971705 0.2 48
1772812981834 0.2 49
1772812995713 0.2 50
1772813005999 0.2 51
1772813016233 0.2 52
1772813026385 0.2 53
1772813036476 0.2 54
1772813050313 0.2 55
1772813060481 0.2 56
1772813070706 0.2 57
1772813080765 0.2 58
1772813090742 0.2 59
1772813104278 0.2 60
1772813114248 0.2 61
1772813124453 0.2 62
1772813134415 0.2 63
1772813144322 0.2 64
1772813157806 0.2 65
1772813167607 0.2 66
1772813177524 0.2 67
1772813187486 0.2 68
1772813197461 0.2 69
1772813210952 0.2 70
1772813221017 0.2 71
1772813230941 0.2 72
1772813240874 0.2 73
1772813250754 0.2 74
1772813264150 0.2 75
1772813274119 0.2 76
1772813284209 0.2 77
1772813294091 0.2 78
1772813304027 0.2 79
1772813317434 0.2 80
1772813327318 0.2 81
1772813337195 0.2 82
1772813347106 0.2 83
1772813357008 0.2 84
1772813370518 0.2 85
1772813380453 0.2 86
1772813390348 0.2 87
1772813400311 0.2 88
1772813410219 0.2 89
1772813423563 0.2 90
1772813433493 0.2 91
1772813443486 0.2 92
1772813453581 0.2 93
1772813463563 0.2 94
1772813477006 0.2 95
1772813486979 0.2 96
1772813496927 0.2 97
1772813506700 0.2 98
1772813516667 0.2 99
1772813530149 0.2 100
