1772812359978 0.01 1
1772812370013 0.01 2
1772812379562 0.01 3
1772812389032 0.01 4
1772812404442 0.01 5
1772812413898 0.01 6
1772812423419 0.01 7
1772812432796 0.01 8
1772812442216 0.01 9
1772812455222 0.01 10
1772812464541 0.01 11
1772812473992 0.01 12
1772812483337 0.01 13
1772812492708 0.01 14
1772812505686 0.01 15
1772812515073 0.01 16
1772812524461 0.01 17
1772812533865 0.01 18
1772812543102 0.01 19
1772812555991 0.01 20
1772812572451 0.01 11
1772812582935 0.01 12
1772812593510 0.01 13
1772812603874 0.01 14
1772812619686 0.01 15
1772812629929 0.01 16
1772812639887 0.01 17
1772812649842 0.01 18
1772812659742 0.01 19
1772812673442 0.01 20
1772812683562 0.01 21
1772812693536 0.01 22
1772812703500 0.01 23
1772812713461 0.01 24
1772812726890 0.01 25
1772812736838 0.01 26
1772812746713 0.01 27
1772812756647 0.01 28
1772812766620 0.01 29
1772812780085 0.01 30
1772812790012 0.01 31
1772812799931 0.01 32
1772812809863 0.01 33
1772812819624 0.01 34
1772812833154 0.01 35
1772812843087 0.01 36
1772812852899 0.01 37
1772812862822 0.01 38
1772812872699 0.01 39
1772812886351 0.01 40
1772812896637 0.01 41
1772812906831 0.01 42
1772812916969 0.01 43
1772812927334 0.01 44
1772812941099 0.01 45
1772812951306 0.01 46
1772812961576 0.01 47
1772812971705 0.01 48
1772812981834 0.01 49
1772812995713 0.01 50
1772813005999 0.01 51
1772813016233 0.01 52
1772813026385 0.01 53
1772813036476 0.01 54
1772813050313 0.01 55
1772813060481 0.01 56
1772813070706 0.01 57
1772813080765 0.01 58
1772813090742 0.01 59
1772813104278 0.01 60
1772813114248 0.01 61
1772813124453 0.01 62
1772813134415 0.01 63
1772813144322 0.01 64
1772813157806 0.01 65
1772813167607 0.01 66
1772813177524 0.01 67
1772813187486 0.01 68
1772813197461 0.01 69
1772813210952 0.01 70
1772813221017 0.01 71
1772813230942 0.01 72
1772813240875 0.01 73
1772813250755 0.01 74
1772813264150 0.01 75
1772813274119 0.01 76
1772813284209 0.01 77
1772813294092 0.01 78
1772813304027 0.01 79
1772813317435 0.01 80
1772813327318 0.01 81
1772813337195 0.01 82
1772813347106 0.01 83
1772813357008 0.01 84
1772813370518 0.01 85
1772813380453 0.01 86
1772813390348 0.01 87
1772813400312 0.01 88
1772813410219 0.01 89
1772813423563 0.01 90
1772813433494 0.01 91
1772813443487 0.01 92
1772813453581 0.01 93
1772813463564 0.01 94
1772813477006 0.01 95
1772813486979 0.01 96
1772813496928 0.01 97
1772813506700 0.01 98
1772813516668 0.01 99
1772813530150 0.01 100
