1772812359944 0.0 1
1772812369987 0.0 2
1772812379533 0.0 3
1772812389006 0.0 4
1772812404417 0.0 5
1772812413872 0.0 6
1772812423394 0.0 7
1772812432771 0.0 8
1772812442191 0.0 9
1772812455198 0.0 10
1772812464515 0.0 11
1772812473967 0.0 12
1772812483312 0.0 13
1772812492681 0.0 14
1772812505660 0.0 15
1772812515048 0.0 16
1772812524436 0.0 17
1772812533841 0.0 18
1772812543077 0.0 19
1772812555957 0.0 20
1772812572421 0.0 11
1772812582904 0.0 12
1772812593481 0.0 13
1772812603845 0.0 14
1772812619660 0.0 15
1772812629900 0.0 16
1772812639861 0.0 17
1772812649814 0.0 18
1772812659717 0.0 19
1772812673416 0.0 20
1772812683538 0.0 21
1772812693511 0.0 22
1772812703471 0.0 23
1772812713436 0.0 24
1772812726859 0.0 25
1772812736814 0.0 26
1772812746688 0.0 27
1772812756622 0.0 28
1772812766594 0.0 29
1772812780057 0.0 30
1772812789987 0.0 31
1772812799903 0.0 32
1772812809838 0.0 33
1772812819599 0.0 34
1772812833128 0.0 35
1772812843058 0.0 36
1772812852872 0.0 37
1772812862797 0.0 38
1772812872674 0.0 39
1772812886309 0.0 40
1772812896612 0.0 41
1772812906806 0.0 42
1772812916928 0.0 43
1772812927308 0.0 44
1772812941076 0.0 45
1772812951282 0.0 46
1772812961552 0.0 47
1772812971681 0.0 48
1772812981809 0.0 49
1772812995685 0.0 50
1772813005974 0.0 51
1772813016208 0.0 52
1772813026360 0.0 53
1772813036452 0.0 54
1772813050284 0.0 55
1772813060455 0.0 56
1772813070677 0.0 57
1772813080740 0.0 58
1772813090718 0.0 59
1772813104246 0.0 60
1772813114217 0.0 61
1772813124428 0.0 62
1772813134390 0.0 63
1772813144292 0.0 64
1772813157780 0.0 65
1772813167582 0.0 66
1772813177498 0.0 67
1772813187460 0.0 68
1772813197436 0.0 69
1772813210925 0.0 70
1772813220992 0.0 71
1772813230916 0.0 72
1772813240849 0.0 73
1772813250730 0.0 74
1772813264125 0.0 75
1772813274094 0.0 76
1772813284184 0.0 77
1772813294067 0.0 78
1772813304002 0.0 79
1772813317400 0.0 80
1772813327291 0.0 81
1772813337165 0.0 82
1772813347079 0.0 83
1772813356978 0.0 84
1772813370489 0.0 85
1772813380427 0.0 86
1772813390323 0.0 87
1772813400287 0.0 88
1772813410194 0.0 89
1772813423532 0.0 90
1772813433469 0.0 91
1772813443462 0.0 92
1772813453555 0.0 93
1772813463537 0.0 94
1772813476981 0.0 95
1772813486951 0.0 96
1772813496903 0.0 97
1772813506673 0.0 98
1772813516642 0.0 99
1772813530125 0.0 100
