1772812359945 5e-05 1
1772812369988 5e-05 2
1772812379534 5e-05 3
1772812389007 5e-05 4
1772812404418 5e-05 5
1772812413873 5e-05 6
1772812423395 5e-05 7
1772812432772 5e-05 8
1772812442192 5e-05 9
1772812455198 5e-05 10
1772812464516 5e-05 11
1772812473968 5e-05 12
1772812483313 5e-05 13
1772812492682 5e-05 14
1772812505661 5e-05 15
1772812515049 5e-05 16
1772812524437 5e-05 17
1772812533841 5e-05 18
1772812543077 5e-05 19
1772812555958 5e-05 20
1772812572422 2.172049967551741e-05 11
1772812582905 2.172049967551741e-05 12
1772812593481 2.172049967551741e-05 13
1772812603846 2.172049967551741e-05 14
1772812619661 2.172049967551741e-05 15
1772812629900 2.172049967551741e-05 16
1772812639862 2.172049967551741e-05 17
1772812649814 2.172049967551741e-05 18
1772812659718 2.172049967551741e-05 19
1772812673416 2.172049967551741e-05 20
1772812683539 2.172049967551741e-05 21
1772812693511 2.172049967551741e-05 22
1772812703471 2.172049967551741e-05 23
1772812713436 2.172049967551741e-05 24
1772812726860 2.172049967551741e-05 25
1772812736815 2.172049967551741e-05 26
1772812746689 2.172049967551741e-05 27
1772812756623 2.172049967551741e-05 28
1772812766595 2.172049967551741e-05 29
1772812780057 2.172049967551741e-05 30
1772812789987 2.172049967551741e-05 31
1772812799904 2.172049967551741e-05 32
1772812809839 2.172049967551741e-05 33
1772812819599 2.172049967551741e-05 34
1772812833129 2.172049967551741e-05 35
1772812843059 2.172049967551741e-05 36
1772812852872 2.172049967551741e-05 37
1772812862797 2.172049967551741e-05 38
1772812872674 2.172049967551741e-05 39
1772812886311 2.172049967551741e-05 40
1772812896613 2.172049967551741e-05 41
1772812906806 2.172049967551741e-05 42
1772812916929 2.172049967551741e-05 43
1772812927309 2.172049967551741e-05 44
1772812941077 2.172049967551741e-05 45
1772812951283 2.172049967551741e-05 46
1772812961553 2.172049967551741e-05 47
1772812971682 2.172049967551741e-05 48
1772812981810 2.172049967551741e-05 49
1772812995686 2.172049967551741e-05 50
1772813005974 2.172049967551741e-05 51
1772813016208 2.172049967551741e-05 52
1772813026360 2.172049967551741e-05 53
1772813036452 2.172049967551741e-05 54
1772813050285 2.172049967551741e-05 55
1772813060456 2.172049967551741e-05 56
1772813070678 2.172049967551741e-05 57
1772813080741 2.172049967551741e-05 58
1772813090719 2.172049967551741e-05 59
1772813104248 2.172049967551741e-05 60
1772813114217 2.172049967551741e-05 61
1772813124429 2.172049967551741e-05 62
1772813134391 2.172049967551741e-05 63
1772813144294 2.172049967551741e-05 64
1772813157781 2.172049967551741e-05 65
1772813167582 2.172049967551741e-05 66
1772813177499 2.172049967551741e-05 67
1772813187461 2.172049967551741e-05 68
1772813197437 2.172049967551741e-05 69
1772813210926 2.172049967551741e-05 70
1772813220992 2.172049967551741e-05 71
1772813230917 2.172049967551741e-05 72
1772813240850 2.172049967551741e-05 73
1772813250731 2.172049967551741e-05 74
1772813264126 2.172049967551741e-05 75
1772813274095 2.172049967551741e-05 76
1772813284185 2.172049967551741e-05 77
1772813294068 2.172049967551741e-05 78
1772813304003 2.172049967551741e-05 79
1772813317400 2.172049967551741e-05 80
1772813327291 2.172049967551741e-05 81
1772813337166 2.172049967551741e-05 82
1772813347080 2.172049967551741e-05 83
1772813356979 2.172049967551741e-05 84
1772813370490 2.172049967551741e-05 85
1772813380428 2.172049967551741e-05 86
1772813390324 2.172049967551741e-05 87
1772813400287 2.172049967551741e-05 88
1772813410195 2.172049967551741e-05 89
1772813423534 2.172049967551741e-05 90
1772813433469 2.172049967551741e-05 91
1772813443463 2.172049967551741e-05 92
1772813453556 2.172049967551741e-05 93
1772813463538 2.172049967551741e-05 94
1772813476982 2.172049967551741e-05 95
1772813486952 2.172049967551741e-05 96
1772813496904 2.172049967551741e-05 97
1772813506673 2.172049967551741e-05 98
1772813516643 2.172049967551741e-05 99
1772813530126 2.172049967551741e-05 100
