1772812359950 1.0 1
1772812369992 1.0 2
1772812379538 1.0 3
1772812389012 1.0 4
1772812404422 1.0 5
1772812413877 1.0 6
1772812423399 1.0 7
1772812432776 1.0 8
1772812442196 1.0 9
1772812455203 1.0 10
1772812464521 1.0 11
1772812473972 1.0 12
1772812483317 1.0 13
1772812492687 1.0 14
1772812505665 1.0 15
1772812515053 1.0 16
1772812524441 1.0 17
1772812533846 1.0 18
1772812543082 1.0 19
1772812555962 1.0 20
1772812572427 1.0 11
1772812582910 1.0 12
1772812593487 1.0 13
1772812603850 1.0 14
1772812619665 1.0 15
1772812629904 1.0 16
1772812639866 1.0 17
1772812649818 1.0 18
1772812659722 1.0 19
1772812673420 1.0 20
1772812683543 1.0 21
1772812693515 1.0 22
1772812703475 1.0 23
1772812713440 1.0 24
1772812726864 1.0 25
1772812736819 1.0 26
1772812746693 1.0 27
1772812756627 1.0 28
1772812766599 1.0 29
1772812780062 1.0 30
1772812789991 1.0 31
1772812799908 1.0 32
1772812809843 1.0 33
1772812819603 1.0 34
1772812833133 1.0 35
1772812843063 1.0 36
1772812852877 1.0 37
1772812862801 1.0 38
1772812872679 1.0 39
1772812886317 1.0 40
1772812896617 1.0 41
1772812906811 1.0 42
1772812916934 1.0 43
1772812927314 1.0 44
1772812941080 1.0 45
1772812951286 1.0 46
1772812961556 1.0 47
1772812971686 1.0 48
1772812981814 1.0 49
1772812995691 1.0 50
1772813005978 1.0 51
1772813016213 1.0 52
1772813026365 1.0 53
1772813036456 1.0 54
1772813050289 1.0 55
1772813060460 1.0 56
1772813070682 1.0 57
1772813080745 1.0 58
1772813090723 1.0 59
1772813104254 1.0 60
1772813114223 1.0 61
1772813124433 1.0 62
1772813134395 1.0 63
1772813144299 1.0 64
1772813157785 1.0 65
1772813167587 1.0 66
1772813177503 1.0 67
1772813187465 1.0 68
1772813197441 1.0 69
1772813210930 1.0 70
1772813220997 1.0 71
1772813230921 1.0 72
1772813240854 1.0 73
1772813250735 1.0 74
1772813264130 1.0 75
1772813274099 1.0 76
1772813284189 1.0 77
1772813294072 1.0 78
1772813304007 1.0 79
1772813317405 1.0 80
1772813327296 1.0 81
1772813337170 1.0 82
1772813347084 1.0 83
1772813356984 1.0 84
1772813370494 1.0 85
1772813380432 1.0 86
1772813390328 1.0 87
1772813400292 1.0 88
1772813410199 1.0 89
1772813423538 1.0 90
1772813433473 1.0 91
1772813443467 1.0 92
1772813453560 1.0 93
1772813463542 1.0 94
1772813476986 1.0 95
1772813486956 1.0 96
1772813496908 1.0 97
1772813506677 1.0 98
1772813516647 1.0 99
1772813530130 1.0 100
