1772812359969 1000.0 1
1772812370005 1000.0 2
1772812379554 1000.0 3
1772812389025 1000.0 4
1772812404435 1000.0 5
1772812413890 1000.0 6
1772812423411 1000.0 7
1772812432789 1000.0 8
1772812442209 1000.0 9
1772812455215 1000.0 10
1772812464533 1000.0 11
1772812473985 1000.0 12
1772812483330 1000.0 13
1772812492700 1000.0 14
1772812505678 1000.0 15
1772812515065 1000.0 16
1772812524453 1000.0 17
1772812533858 1000.0 18
1772812543094 1000.0 19
1772812555976 1000.0 20
1772812572442 1000.0 11
1772812582927 1000.0 12
1772812593501 1000.0 13
1772812603867 1000.0 14
1772812619679 1000.0 15
1772812629922 1000.0 16
1772812639879 1000.0 17
1772812649835 1000.0 18
1772812659734 1000.0 19
1772812673434 1000.0 20
1772812683555 1000.0 21
1772812693528 1000.0 22
1772812703492 1000.0 23
1772812713453 1000.0 24
1772812726882 1000.0 25
1772812736831 1000.0 26
1772812746705 1000.0 27
1772812756640 1000.0 28
1772812766612 1000.0 29
1772812780076 1000.0 30
1772812790004 1000.0 31
1772812799924 1000.0 32
1772812809856 1000.0 33
1772812819616 1000.0 34
1772812833146 1000.0 35
1772812843080 1000.0 36
1772812852891 1000.0 37
1772812862814 1000.0 38
1772812872692 1000.0 39
1772812886336 1000.0 40
1772812896629 1000.0 41
1772812906823 1000.0 42
1772812916958 1000.0 43
1772812927326 1000.0 44
1772812941092 1000.0 45
1772812951299 1000.0 46
1772812961569 1000.0 47
1772812971698 1000.0 48
1772812981827 1000.0 49
1772812995705 1000.0 50
1772813005991 1000.0 51
1772813016226 1000.0 52
1772813026378 1000.0 53
1772813036469 1000.0 54
1772813050306 1000.0 55
1772813060474 1000.0 56
1772813070699 1000.0 57
1772813080758 1000.0 58
1772813090735 1000.0 59
1772813104269 1000.0 60
1772813114240 1000.0 61
1772813124446 1000.0 62
1772813134408 1000.0 63
1772813144314 1000.0 64
1772813157798 1000.0 65
1772813167599 1000.0 66
1772813177516 1000.0 67
1772813187478 1000.0 68
1772813197454 1000.0 69
1772813210944 1000.0 70
1772813221009 1000.0 71
1772813230934 1000.0 72
1772813240867 1000.0 73
1772813250747 1000.0 74
1772813264143 1000.0 75
1772813274112 1000.0 76
1772813284201 1000.0 77
1772813294084 1000.0 78
1772813304020 1000.0 79
1772813317424 1000.0 80
1772813327310 1000.0 81
1772813337188 1000.0 82
1772813347098 1000.0 83
1772813357001 1000.0 84
1772813370511 1000.0 85
1772813380445 1000.0 86
1772813390341 1000.0 87
1772813400304 1000.0 88
1772813410212 1000.0 89
1772813423554 1000.0 90
1772813433486 1000.0 91
1772813443479 1000.0 92
1772813453574 1000.0 93
1772813463556 1000.0 94
1772813476999 1000.0 95
1772813486972 1000.0 96
1772813496920 1000.0 97
1772813506693 1000.0 98
1772813516660 1000.0 99
1772813530142 1000.0 100
