1772812359944 3.0 1
1772812369987 3.0 2
1772812379533 3.0 3
1772812389007 3.0 4
1772812404418 3.0 5
1772812413872 3.0 6
1772812423395 3.0 7
1772812432772 3.0 8
1772812442192 3.0 9
1772812455198 3.0 10
1772812464516 3.0 11
1772812473967 3.0 12
1772812483312 3.0 13
1772812492682 3.0 14
1772812505661 3.0 15
1772812515049 3.0 16
1772812524436 3.0 17
1772812533841 3.0 18
1772812543077 3.0 19
1772812555957 3.0 20
1772812572422 3.0 11
1772812582905 3.0 12
1772812593481 3.0 13
1772812603846 3.0 14
1772812619660 3.0 15
1772812629900 3.0 16
1772812639861 3.0 17
1772812649814 3.0 18
1772812659717 3.0 19
1772812673416 3.0 20
1772812683538 3.0 21
1772812693511 3.0 22
1772812703471 3.0 23
1772812713436 3.0 24
1772812726859 3.0 25
1772812736814 3.0 26
1772812746688 3.0 27
1772812756622 3.0 28
1772812766594 3.0 29
1772812780057 3.0 30
1772812789987 3.0 31
1772812799903 3.0 32
1772812809838 3.0 33
1772812819599 3.0 34
1772812833128 3.0 35
1772812843059 3.0 36
1772812852872 3.0 37
1772812862797 3.0 38
1772812872674 3.0 39
1772812886309 3.0 40
1772812896612 3.0 41
1772812906806 3.0 42
1772812916928 3.0 43
1772812927309 3.0 44
1772812941076 3.0 45
1772812951282 3.0 46
1772812961552 3.0 47
1772812971682 3.0 48
1772812981810 3.0 49
1772812995685 3.0 50
1772813005974 3.0 51
1772813016208 3.0 52
1772813026360 3.0 53
1772813036452 3.0 54
1772813050285 3.0 55
1772813060456 3.0 56
1772813070677 3.0 57
1772813080740 3.0 58
1772813090718 3.0 59
1772813104246 3.0 60
1772813114217 3.0 61
1772813124428 3.0 62
1772813134390 3.0 63
1772813144293 3.0 64
1772813157780 3.0 65
1772813167582 3.0 66
1772813177498 3.0 67
1772813187460 3.0 68
1772813197436 3.0 69
1772813210925 3.0 70
1772813220992 3.0 71
1772813230917 3.0 72
1772813240849 3.0 73
1772813250730 3.0 74
1772813264126 3.0 75
1772813274094 3.0 76
1772813284184 3.0 77
1772813294067 3.0 78
1772813304002 3.0 79
1772813317400 3.0 80
1772813327291 3.0 81
1772813337165 3.0 82
1772813347079 3.0 83
1772813356978 3.0 84
1772813370489 3.0 85
1772813380427 3.0 86
1772813390324 3.0 87
1772813400287 3.0 88
1772813410194 3.0 89
1772813423533 3.0 90
1772813433469 3.0 91
1772813443463 3.0 92
1772813453555 3.0 93
1772813463538 3.0 94
1772813476981 3.0 95
1772813486951 3.0 96
1772813496903 3.0 97
1772813506673 3.0 98
1772813516642 3.0 99
1772813530125 3.0 100
