1772812359966 100.0 1
1772812370003 100.0 2
1772812379552 100.0 3
1772812389023 100.0 4
1772812404433 100.0 5
1772812413888 100.0 6
1772812423409 100.0 7
1772812432786 100.0 8
1772812442207 100.0 9
1772812455212 100.0 10
1772812464531 100.0 11
1772812473982 100.0 12
1772812483327 100.0 13
1772812492697 100.0 14
1772812505676 100.0 15
1772812515063 100.0 16
1772812524451 100.0 17
1772812533856 100.0 18
1772812543092 100.0 19
1772812555973 100.0 20
1772812572439 100.0 11
1772812582924 100.0 12
1772812593498 100.0 13
1772812603864 100.0 14
1772812619676 100.0 15
1772812629919 100.0 16
1772812639877 100.0 17
1772812649832 100.0 18
1772812659732 100.0 19
1772812673431 100.0 20
1772812683553 100.0 21
1772812693526 100.0 22
1772812703490 100.0 23
1772812713451 100.0 24
1772812726880 100.0 25
1772812736829 100.0 26
1772812746703 100.0 27
1772812756637 100.0 28
1772812766609 100.0 29
1772812780073 100.0 30
1772812790002 100.0 31
1772812799921 100.0 32
1772812809853 100.0 33
1772812819614 100.0 34
1772812833144 100.0 35
1772812843077 100.0 36
1772812852888 100.0 37
1772812862811 100.0 38
1772812872689 100.0 39
1772812886332 100.0 40
1772812896627 100.0 41
1772812906820 100.0 42
1772812916955 100.0 43
1772812927324 100.0 44
1772812941090 100.0 45
1772812951297 100.0 46
1772812961566 100.0 47
1772812971696 100.0 48
1772812981824 100.0 49
1772812995702 100.0 50
1772813005989 100.0 51
1772813016223 100.0 52
1772813026375 100.0 53
1772813036466 100.0 54
1772813050303 100.0 55
1772813060471 100.0 56
1772813070696 100.0 57
1772813080755 100.0 58
1772813090732 100.0 59
1772813104266 100.0 60
1772813114236 100.0 61
1772813124443 100.0 62
1772813134405 100.0 63
1772813144311 100.0 64
1772813157795 100.0 65
1772813167597 100.0 66
1772813177514 100.0 67
1772813187475 100.0 68
1772813197451 100.0 69
1772813210941 100.0 70
1772813221007 100.0 71
1772813230932 100.0 72
1772813240865 100.0 73
1772813250745 100.0 74
1772813264141 100.0 75
1772813274109 100.0 76
1772813284199 100.0 77
1772813294082 100.0 78
1772813304017 100.0 79
1772813317421 100.0 80
1772813327308 100.0 81
1772813337185 100.0 82
1772813347096 100.0 83
1772813356998 100.0 84
1772813370509 100.0 85
1772813380442 100.0 86
1772813390339 100.0 87
1772813400302 100.0 88
1772813410209 100.0 89
1772813423551 100.0 90
1772813433484 100.0 91
1772813443477 100.0 92
1772813453571 100.0 93
1772813463553 100.0 94
1772813476996 100.0 95
1772813486969 100.0 96
1772813496918 100.0 97
1772813506690 100.0 98
1772813516657 100.0 99
1772813530140 100.0 100
