1772812359965 60.0 1
1772812370002 60.0 2
1772812379552 60.0 3
1772812389022 60.0 4
1772812404432 60.0 5
1772812413887 60.0 6
1772812423409 60.0 7
1772812432786 60.0 8
1772812442206 60.0 9
1772812455212 60.0 10
1772812464530 60.0 11
1772812473982 60.0 12
1772812483327 60.0 13
1772812492697 60.0 14
1772812505676 60.0 15
1772812515063 60.0 16
1772812524451 60.0 17
1772812533855 60.0 18
1772812543091 60.0 19
1772812555973 60.0 20
1772812572439 60.0 11
1772812582924 60.0 12
1772812593498 60.0 13
1772812603864 60.0 14
1772812619676 60.0 15
1772812629919 60.0 16
1772812639876 60.0 17
1772812649832 60.0 18
1772812659732 60.0 19
1772812673431 60.0 20
1772812683552 60.0 21
1772812693526 60.0 22
1772812703489 60.0 23
1772812713450 60.0 24
1772812726879 60.0 25
1772812736829 60.0 26
1772812746703 60.0 27
1772812756637 60.0 28
1772812766609 60.0 29
1772812780073 60.0 30
1772812790001 60.0 31
1772812799921 60.0 32
1772812809853 60.0 33
1772812819613 60.0 34
1772812833143 60.0 35
1772812843077 60.0 36
1772812852888 60.0 37
1772812862811 60.0 38
1772812872689 60.0 39
1772812886332 60.0 40
1772812896626 60.0 41
1772812906820 60.0 42
1772812916955 60.0 43
1772812927323 60.0 44
1772812941090 60.0 45
1772812951296 60.0 46
1772812961566 60.0 47
1772812971695 60.0 48
1772812981824 60.0 49
1772812995701 60.0 50
1772813005989 60.0 51
1772813016223 60.0 52
1772813026375 60.0 53
1772813036466 60.0 54
1772813050303 60.0 55
1772813060471 60.0 56
1772813070696 60.0 57
1772813080755 60.0 58
1772813090732 60.0 59
1772813104266 60.0 60
1772813114236 60.0 61
1772813124443 60.0 62
1772813134405 60.0 63
1772813144311 60.0 64
1772813157795 60.0 65
1772813167597 60.0 66
1772813177514 60.0 67
1772813187475 60.0 68
1772813197451 60.0 69
1772813210941 60.0 70
1772813221006 60.0 71
1772813230931 60.0 72
1772813240864 60.0 73
1772813250744 60.0 74
1772813264140 60.0 75
1772813274109 60.0 76
1772813284198 60.0 77
1772813294082 60.0 78
1772813304017 60.0 79
1772813317420 60.0 80
1772813327307 60.0 81
1772813337185 60.0 82
1772813347096 60.0 83
1772813356998 60.0 84
1772813370508 60.0 85
1772813380442 60.0 86
1772813390338 60.0 87
1772813400302 60.0 88
1772813410209 60.0 89
1772813423550 60.0 90
1772813433483 60.0 91
1772813443477 60.0 92
1772813453571 60.0 93
1772813463553 60.0 94
1772813476996 60.0 95
1772813486969 60.0 96
1772813496918 60.0 97
1772813506690 60.0 98
1772813516657 60.0 99
1772813530140 60.0 100
