1772812359966 0.0 1
1772812370003 0.0 2
1772812379553 0.0 3
1772812389023 0.0 4
1772812404433 0.0 5
1772812413888 0.0 6
1772812423410 0.0 7
1772812432787 0.0 8
1772812442207 0.0 9
1772812455213 0.0 10
1772812464531 0.0 11
1772812473983 0.0 12
1772812483328 0.0 13
1772812492698 0.0 14
1772812505676 0.0 15
1772812515064 0.0 16
1772812524451 0.0 17
1772812533856 0.0 18
1772812543092 0.0 19
1772812555974 0.0 20
1772812572439 0.0 11
1772812582925 0.0 12
1772812593499 0.0 13
1772812603865 0.0 14
1772812619677 0.0 15
1772812629920 0.0 16
1772812639877 0.0 17
1772812649833 0.0 18
1772812659732 0.0 19
1772812673432 0.0 20
1772812683553 0.0 21
1772812693526 0.0 22
1772812703490 0.0 23
1772812713451 0.0 24
1772812726880 0.0 25
1772812736830 0.0 26
1772812746703 0.0 27
1772812756638 0.0 28
1772812766610 0.0 29
1772812780074 0.0 30
1772812790002 0.0 31
1772812799922 0.0 32
1772812809854 0.0 33
1772812819614 0.0 34
1772812833144 0.0 35
1772812843078 0.0 36
1772812852888 0.0 37
1772812862812 0.0 38
1772812872689 0.0 39
1772812886333 0.0 40
1772812896627 0.0 41
1772812906821 0.0 42
1772812916956 0.0 43
1772812927324 0.0 44
1772812941090 0.0 45
1772812951297 0.0 46
1772812961567 0.0 47
1772812971696 0.0 48
1772812981825 0.0 49
1772812995702 0.0 50
1772813005989 0.0 51
1772813016224 0.0 52
1772813026376 0.0 53
1772813036467 0.0 54
1772813050304 0.0 55
1772813060472 0.0 56
1772813070697 0.0 57
1772813080756 0.0 58
1772813090733 0.0 59
1772813104267 0.0 60
1772813114237 0.0 61
1772813124444 0.0 62
1772813134406 0.0 63
1772813144312 0.0 64
1772813157796 0.0 65
1772813167597 0.0 66
1772813177514 0.0 67
1772813187476 0.0 68
1772813197452 0.0 69
1772813210941 0.0 70
1772813221007 0.0 71
1772813230932 0.0 72
1772813240865 0.0 73
1772813250745 0.0 74
1772813264141 0.0 75
1772813274110 0.0 76
1772813284199 0.0 77
1772813294082 0.0 78
1772813304018 0.0 79
1772813317421 0.0 80
1772813327308 0.0 81
1772813337186 0.0 82
1772813347096 0.0 83
1772813356998 0.0 84
1772813370509 0.0 85
1772813380443 0.0 86
1772813390339 0.0 87
1772813400302 0.0 88
1772813410210 0.0 89
1772813423552 0.0 90
1772813433484 0.0 91
1772813443477 0.0 92
1772813453572 0.0 93
1772813463553 0.0 94
1772813476997 0.0 95
1772813486970 0.0 96
1772813496918 0.0 97
1772813506691 0.0 98
1772813516658 0.0 99
1772813530140 0.0 100
