1772812359946 128.0 1
1772812369989 128.0 2
1772812379535 128.0 3
1772812389008 128.0 4
1772812404419 128.0 5
1772812413874 128.0 6
1772812423396 128.0 7
1772812432773 128.0 8
1772812442193 128.0 9
1772812455199 128.0 10
1772812464518 128.0 11
1772812473969 128.0 12
1772812483314 128.0 13
1772812492683 128.0 14
1772812505662 128.0 15
1772812515050 128.0 16
1772812524438 128.0 17
1772812533842 128.0 18
1772812543078 128.0 19
1772812555959 128.0 20
1772812572423 128.0 11
1772812582906 128.0 12
1772812593483 128.0 13
1772812603847 128.0 14
1772812619662 128.0 15
1772812629901 128.0 16
1772812639863 128.0 17
1772812649815 128.0 18
1772812659719 128.0 19
1772812673417 128.0 20
1772812683540 128.0 21
1772812693512 128.0 22
1772812703472 128.0 23
1772812713437 128.0 24
1772812726861 128.0 25
1772812736816 128.0 26
1772812746690 128.0 27
1772812756624 128.0 28
1772812766596 128.0 29
1772812780059 128.0 30
1772812789988 128.0 31
1772812799905 128.0 32
1772812809840 128.0 33
1772812819600 128.0 34
1772812833130 128.0 35
1772812843060 128.0 36
1772812852874 128.0 37
1772812862799 128.0 38
1772812872675 128.0 39
1772812886312 128.0 40
1772812896614 128.0 41
1772812906807 128.0 42
1772812916930 128.0 43
1772812927311 128.0 44
1772812941077 128.0 45
1772812951284 128.0 46
1772812961554 128.0 47
1772812971683 128.0 48
1772812981811 128.0 49
1772812995687 128.0 50
1772813005975 128.0 51
1772813016210 128.0 52
1772813026361 128.0 53
1772813036453 128.0 54
1772813050286 128.0 55
1772813060457 128.0 56
1772813070679 128.0 57
1772813080742 128.0 58
1772813090720 128.0 59
1772813104250 128.0 60
1772813114219 128.0 61
1772813124430 128.0 62
1772813134392 128.0 63
1772813144295 128.0 64
1772813157782 128.0 65
1772813167584 128.0 66
1772813177500 128.0 67
1772813187462 128.0 68
1772813197438 128.0 69
1772813210927 128.0 70
1772813220993 128.0 71
1772813230918 128.0 72
1772813240851 128.0 73
1772813250732 128.0 74
1772813264127 128.0 75
1772813274096 128.0 76
1772813284186 128.0 77
1772813294069 128.0 78
1772813304004 128.0 79
1772813317402 128.0 80
1772813327292 128.0 81
1772813337167 128.0 82
1772813347081 128.0 83
1772813356980 128.0 84
1772813370491 128.0 85
1772813380429 128.0 86
1772813390325 128.0 87
1772813400288 128.0 88
1772813410196 128.0 89
1772813423535 128.0 90
1772813433470 128.0 91
1772813443464 128.0 92
1772813453557 128.0 93
1772813463539 128.0 94
1772813476983 128.0 95
1772813486953 128.0 96
1772813496905 128.0 97
1772813506674 128.0 98
1772813516644 128.0 99
1772813530127 128.0 100
