1772812359935 1.0 1
1772812369979 1.0 2
1772812379525 1.0 3
1772812388998 1.0 4
1772812404410 1.0 5
1772812413865 1.0 6
1772812423387 1.0 7
1772812432764 1.0 8
1772812442184 1.0 9
1772812455191 1.0 10
1772812464508 1.0 11
1772812473959 1.0 12
1772812483305 1.0 13
1772812492674 1.0 14
1772812505653 1.0 15
1772812515041 1.0 16
1772812524428 1.0 17
1772812533833 1.0 18
1772812543069 1.0 19
1772812555950 1.0 20
1772812572415 1.0 11
1772812582896 1.0 12
1772812593473 1.0 13
1772812603838 1.0 14
1772812619653 1.0 15
1772812629893 1.0 16
1772812639854 1.0 17
1772812649807 1.0 18
1772812659710 1.0 19
1772812673408 1.0 20
1772812683531 1.0 21
1772812693503 1.0 22
1772812703464 1.0 23
1772812713428 1.0 24
1772812726852 1.0 25
1772812736807 1.0 26
1772812746681 1.0 27
1772812756615 1.0 28
1772812766587 1.0 29
1772812780044 1.0 30
1772812789980 1.0 31
1772812799896 1.0 32
1772812809831 1.0 33
1772812819592 1.0 34
1772812833121 1.0 35
1772812843051 1.0 36
1772812852865 1.0 37
1772812862790 1.0 38
1772812872667 1.0 39
1772812886295 1.0 40
1772812896605 1.0 41
1772812906799 1.0 42
1772812916920 1.0 43
1772812927301 1.0 44
1772812941069 1.0 45
1772812951275 1.0 46
1772812961545 1.0 47
1772812971674 1.0 48
1772812981803 1.0 49
1772812995678 1.0 50
1772813005967 1.0 51
1772813016200 1.0 52
1772813026353 1.0 53
1772813036445 1.0 54
1772813050278 1.0 55
1772813060449 1.0 56
1772813070670 1.0 57
1772813080733 1.0 58
1772813090711 1.0 59
1772813104236 1.0 60
1772813114207 1.0 61
1772813124420 1.0 62
1772813134382 1.0 63
1772813144285 1.0 64
1772813157773 1.0 65
1772813167575 1.0 66
1772813177468 1.0 67
1772813187453 1.0 68
1772813197429 1.0 69
1772813210917 1.0 70
1772813220985 1.0 71
1772813230909 1.0 72
1772813240842 1.0 73
1772813250723 1.0 74
1772813264118 1.0 75
1772813274087 1.0 76
1772813284177 1.0 77
1772813294060 1.0 78
1772813303995 1.0 79
1772813317392 1.0 80
1772813327284 1.0 81
1772813337157 1.0 82
1772813347072 1.0 83
1772813356971 1.0 84
1772813370482 1.0 85
1772813380420 1.0 86
1772813390316 1.0 87
1772813400280 1.0 88
1772813410187 1.0 89
1772813423525 1.0 90
1772813433462 1.0 91
1772813443456 1.0 92
1772813453548 1.0 93
1772813463530 1.0 94
1772813476974 1.0 95
1772813486944 1.0 96
1772813496896 1.0 97
1772813506666 1.0 98
1772813516630 1.0 99
1772813530118 1.0 100
