1772812359933 1.0 1
1772812369977 1.0 2
1772812379523 1.0 3
1772812388996 1.0 4
1772812404409 1.0 5
1772812413864 1.0 6
1772812423385 1.0 7
1772812432763 1.0 8
1772812442183 1.0 9
1772812455190 1.0 10
1772812464506 1.0 11
1772812473957 1.0 12
1772812483303 1.0 13
1772812492672 1.0 14
1772812505652 1.0 15
1772812515040 1.0 16
1772812524426 1.0 17
1772812533832 1.0 18
1772812543068 1.0 19
1772812555948 1.0 20
1772812572413 1.0 11
1772812582895 1.0 12
1772812593472 1.0 13
1772812603837 1.0 14
1772812619651 1.0 15
1772812629891 1.0 16
1772812639853 1.0 17
1772812649805 1.0 18
1772812659709 1.0 19
1772812673406 1.0 20
1772812683529 1.0 21
1772812693502 1.0 22
1772812703462 1.0 23
1772812713427 1.0 24
1772812726850 1.0 25
1772812736806 1.0 26
1772812746680 1.0 27
1772812756614 1.0 28
1772812766585 1.0 29
1772812780043 1.0 30
1772812789978 1.0 31
1772812799895 1.0 32
1772812809829 1.0 33
1772812819590 1.0 34
1772812833119 1.0 35
1772812843050 1.0 36
1772812852863 1.0 37
1772812862788 1.0 38
1772812872665 1.0 39
1772812886293 1.0 40
1772812896604 1.0 41
1772812906797 1.0 42
1772812916919 1.0 43
1772812927300 1.0 44
1772812941068 1.0 45
1772812951273 1.0 46
1772812961544 1.0 47
1772812971673 1.0 48
1772812981801 1.0 49
1772812995676 1.0 50
1772813005965 1.0 51
1772813016198 1.0 52
1772813026351 1.0 53
1772813036443 1.0 54
1772813050276 1.0 55
1772813060447 1.0 56
1772813070668 1.0 57
1772813080731 1.0 58
1772813090710 1.0 59
1772813104235 1.0 60
1772813114205 1.0 61
1772813124418 1.0 62
1772813134381 1.0 63
1772813144284 1.0 64
1772813157772 1.0 65
1772813167573 1.0 66
1772813177467 1.0 67
1772813187452 1.0 68
1772813197427 1.0 69
1772813210915 1.0 70
1772813220983 1.0 71
1772813230908 1.0 72
1772813240841 1.0 73
1772813250721 1.0 74
1772813264116 1.0 75
1772813274086 1.0 76
1772813284175 1.0 77
1772813294058 1.0 78
1772813303993 1.0 79
1772813317390 1.0 80
1772813327282 1.0 81
1772813337156 1.0 82
1772813347070 1.0 83
1772813356969 1.0 84
1772813370481 1.0 85
1772813380418 1.0 86
1772813390315 1.0 87
1772813400278 1.0 88
1772813410186 1.0 89
1772813423522 1.0 90
1772813433460 1.0 91
1772813443454 1.0 92
1772813453546 1.0 93
1772813463529 1.0 94
1772813476972 1.0 95
1772813486942 1.0 96
1772813496894 1.0 97
1772813506664 1.0 98
1772813516629 1.0 99
1772813530116 1.0 100
