1772812359936 2.0 1
1772812369980 2.0 2
1772812379526 2.0 3
1772812388999 2.0 4
1772812404411 2.0 5
1772812413866 2.0 6
1772812423388 2.0 7
1772812432765 2.0 8
1772812442185 2.0 9
1772812455192 2.0 10
1772812464509 2.0 11
1772812473960 2.0 12
1772812483306 2.0 13
1772812492675 2.0 14
1772812505654 2.0 15
1772812515042 2.0 16
1772812524429 2.0 17
1772812533834 2.0 18
1772812543070 2.0 19
1772812555951 2.0 20
1772812572416 2.0 11
1772812582897 2.0 12
1772812593474 2.0 13
1772812603839 2.0 14
1772812619653 2.0 15
1772812629894 2.0 16
1772812639855 2.0 17
1772812649808 2.0 18
1772812659711 2.0 19
1772812673409 2.0 20
1772812683532 2.0 21
1772812693504 2.0 22
1772812703464 2.0 23
1772812713429 2.0 24
1772812726853 2.0 25
1772812736808 2.0 26
1772812746682 2.0 27
1772812756616 2.0 28
1772812766588 2.0 29
1772812780050 2.0 30
1772812789981 2.0 31
1772812799897 2.0 32
1772812809832 2.0 33
1772812819593 2.0 34
1772812833122 2.0 35
1772812843052 2.0 36
1772812852866 2.0 37
1772812862791 2.0 38
1772812872668 2.0 39
1772812886297 2.0 40
1772812896606 2.0 41
1772812906800 2.0 42
1772812916921 2.0 43
1772812927302 2.0 44
1772812941070 2.0 45
1772812951276 2.0 46
1772812961546 2.0 47
1772812971675 2.0 48
1772812981804 2.0 49
1772812995679 2.0 50
1772813005967 2.0 51
1772813016201 2.0 52
1772813026354 2.0 53
1772813036446 2.0 54
1772813050279 2.0 55
1772813060449 2.0 56
1772813070671 2.0 57
1772813080734 2.0 58
1772813090712 2.0 59
1772813104237 2.0 60
1772813114210 2.0 61
1772813124421 2.0 62
1772813134383 2.0 63
1772813144286 2.0 64
1772813157774 2.0 65
1772813167576 2.0 66
1772813177488 2.0 67
1772813187454 2.0 68
1772813197430 2.0 69
1772813210918 2.0 70
1772813220986 2.0 71
1772813230910 2.0 72
1772813240843 2.0 73
1772813250724 2.0 74
1772813264119 2.0 75
1772813274088 2.0 76
1772813284178 2.0 77
1772813294061 2.0 78
1772813303996 2.0 79
1772813317393 2.0 80
1772813327285 2.0 81
1772813337158 2.0 82
1772813347073 2.0 83
1772813356972 2.0 84
1772813370483 2.0 85
1772813380421 2.0 86
1772813390317 2.0 87
1772813400281 2.0 88
1772813410188 2.0 89
1772813423526 2.0 90
1772813433463 2.0 91
1772813443457 2.0 92
1772813453549 2.0 93
1772813463531 2.0 94
1772813476975 2.0 95
1772813486945 2.0 96
1772813496897 2.0 97
1772813506667 2.0 98
1772813516631 2.0 99
1772813530119 2.0 100
