1772812359943 0.0 1
1772812369986 0.0 2
1772812379532 0.0 3
1772812389005 0.0 4
1772812404417 0.0 5
1772812413871 0.0 6
1772812423394 0.0 7
1772812432771 0.0 8
1772812442191 0.0 9
1772812455197 0.0 10
1772812464515 0.0 11
1772812473966 0.0 12
1772812483311 0.0 13
1772812492680 0.0 14
1772812505660 0.0 15
1772812515048 0.0 16
1772812524435 0.0 17
1772812533840 0.0 18
1772812543076 0.0 19
1772812555956 0.0 20
1772812572421 0.0 11
1772812582904 0.0 12
1772812593480 0.0 13
1772812603845 0.0 14
1772812619659 0.0 15
1772812629899 0.0 16
1772812639860 0.0 17
1772812649813 0.0 18
1772812659716 0.0 19
1772812673415 0.0 20
1772812683537 0.0 21
1772812693510 0.0 22
1772812703470 0.0 23
1772812713435 0.0 24
1772812726858 0.0 25
1772812736813 0.0 26
1772812746687 0.0 27
1772812756622 0.0 28
1772812766593 0.0 29
1772812780056 0.0 30
1772812789986 0.0 31
1772812799902 0.0 32
1772812809837 0.0 33
1772812819598 0.0 34
1772812833127 0.0 35
1772812843058 0.0 36
1772812852871 0.0 37
1772812862796 0.0 38
1772812872673 0.0 39
1772812886306 0.0 40
1772812896611 0.0 41
1772812906805 0.0 42
1772812916927 0.0 43
1772812927308 0.0 44
1772812941075 0.0 45
1772812951281 0.0 46
1772812961551 0.0 47
1772812971681 0.0 48
1772812981809 0.0 49
1772812995684 0.0 50
1772813005973 0.0 51
1772813016207 0.0 52
1772813026359 0.0 53
1772813036451 0.0 54
1772813050284 0.0 55
1772813060455 0.0 56
1772813070676 0.0 57
1772813080739 0.0 58
1772813090717 0.0 59
1772813104244 0.0 60
1772813114216 0.0 61
1772813124427 0.0 62
1772813134389 0.0 63
1772813144292 0.0 64
1772813157779 0.0 65
1772813167581 0.0 66
1772813177497 0.0 67
1772813187459 0.0 68
1772813197435 0.0 69
1772813210924 0.0 70
1772813220991 0.0 71
1772813230916 0.0 72
1772813240849 0.0 73
1772813250729 0.0 74
1772813264125 0.0 75
1772813274093 0.0 76
1772813284183 0.0 77
1772813294066 0.0 78
1772813304001 0.0 79
1772813317399 0.0 80
1772813327290 0.0 81
1772813337164 0.0 82
1772813347078 0.0 83
1772813356977 0.0 84
1772813370488 0.0 85
1772813380426 0.0 86
1772813390323 0.0 87
1772813400286 0.0 88
1772813410193 0.0 89
1772813423532 0.0 90
1772813433468 0.0 91
1772813443462 0.0 92
1772813453554 0.0 93
1772813463537 0.0 94
1772813476980 0.0 95
1772813486950 0.0 96
1772813496902 0.0 97
1772813506672 0.0 98
1772813516641 0.0 99
1772813530124 0.0 100
