1772812359946 30.0 1
1772812369988 30.0 2
1772812379534 30.0 3
1772812389008 30.0 4
1772812404419 30.0 5
1772812413874 30.0 6
1772812423396 30.0 7
1772812432773 30.0 8
1772812442193 30.0 9
1772812455199 30.0 10
1772812464517 30.0 11
1772812473969 30.0 12
1772812483314 30.0 13
1772812492683 30.0 14
1772812505662 30.0 15
1772812515050 30.0 16
1772812524437 30.0 17
1772812533842 30.0 18
1772812543078 30.0 19
1772812555959 30.0 20
1772812572423 30.0 11
1772812582906 30.0 12
1772812593482 30.0 13
1772812603847 30.0 14
1772812619661 30.0 15
1772812629901 30.0 16
1772812639862 30.0 17
1772812649815 30.0 18
1772812659719 30.0 19
1772812673417 30.0 20
1772812683540 30.0 21
1772812693512 30.0 22
1772812703472 30.0 23
1772812713437 30.0 24
1772812726861 30.0 25
1772812736816 30.0 26
1772812746690 30.0 27
1772812756624 30.0 28
1772812766595 30.0 29
1772812780058 30.0 30
1772812789988 30.0 31
1772812799905 30.0 32
1772812809840 30.0 33
1772812819600 30.0 34
1772812833130 30.0 35
1772812843060 30.0 36
1772812852873 30.0 37
1772812862798 30.0 38
1772812872675 30.0 39
1772812886312 30.0 40
1772812896613 30.0 41
1772812906807 30.0 42
1772812916930 30.0 43
1772812927310 30.0 44
1772812941077 30.0 45
1772812951283 30.0 46
1772812961553 30.0 47
1772812971683 30.0 48
1772812981811 30.0 49
1772812995687 30.0 50
1772813005975 30.0 51
1772813016209 30.0 52
1772813026361 30.0 53
1772813036453 30.0 54
1772813050286 30.0 55
1772813060457 30.0 56
1772813070678 30.0 57
1772813080741 30.0 58
1772813090719 30.0 59
1772813104249 30.0 60
1772813114218 30.0 61
1772813124429 30.0 62
1772813134391 30.0 63
1772813144295 30.0 64
1772813157782 30.0 65
1772813167583 30.0 66
1772813177500 30.0 67
1772813187462 30.0 68
1772813197438 30.0 69
1772813210927 30.0 70
1772813220993 30.0 71
1772813230918 30.0 72
1772813240851 30.0 73
1772813250731 30.0 74
1772813264127 30.0 75
1772813274095 30.0 76
1772813284185 30.0 77
1772813294068 30.0 78
1772813304004 30.0 79
1772813317401 30.0 80
1772813327292 30.0 81
1772813337166 30.0 82
1772813347081 30.0 83
1772813356980 30.0 84
1772813370491 30.0 85
1772813380429 30.0 86
1772813390325 30.0 87
1772813400288 30.0 88
1772813410195 30.0 89
1772813423534 30.0 90
1772813433470 30.0 91
1772813443464 30.0 92
1772813453556 30.0 93
1772813463539 30.0 94
1772813476982 30.0 95
1772813486952 30.0 96
1772813496904 30.0 97
1772813506674 30.0 98
1772813516643 30.0 99
1772813530126 30.0 100
