1772812359937 1.0 1
1772812369981 1.0 2
1772812379527 1.0 3
1772812388999 1.0 4
1772812404412 1.0 5
1772812413867 1.0 6
1772812423388 1.0 7
1772812432766 1.0 8
1772812442186 1.0 9
1772812455192 1.0 10
1772812464509 1.0 11
1772812473961 1.0 12
1772812483306 1.0 13
1772812492675 1.0 14
1772812505655 1.0 15
1772812515043 1.0 16
1772812524429 1.0 17
1772812533835 1.0 18
1772812543071 1.0 19
1772812555951 1.0 20
1772812572416 1.0 11
1772812582898 1.0 12
1772812593475 1.0 13
1772812603840 1.0 14
1772812619654 1.0 15
1772812629894 1.0 16
1772812639856 1.0 17
1772812649808 1.0 18
1772812659712 1.0 19
1772812673409 1.0 20
1772812683533 1.0 21
1772812693505 1.0 22
1772812703465 1.0 23
1772812713430 1.0 24
1772812726854 1.0 25
1772812736809 1.0 26
1772812746683 1.0 27
1772812756617 1.0 28
1772812766588 1.0 29
1772812780050 1.0 30
1772812789981 1.0 31
1772812799898 1.0 32
1772812809833 1.0 33
1772812819593 1.0 34
1772812833122 1.0 35
1772812843053 1.0 36
1772812852866 1.0 37
1772812862791 1.0 38
1772812872668 1.0 39
1772812886297 1.0 40
1772812896607 1.0 41
1772812906800 1.0 42
1772812916922 1.0 43
1772812927303 1.0 44
1772812941071 1.0 45
1772812951276 1.0 46
1772812961547 1.0 47
1772812971676 1.0 48
1772812981804 1.0 49
1772812995679 1.0 50
1772813005968 1.0 51
1772813016202 1.0 52
1772813026354 1.0 53
1772813036446 1.0 54
1772813050279 1.0 55
1772813060450 1.0 56
1772813070671 1.0 57
1772813080734 1.0 58
1772813090713 1.0 59
1772813104238 1.0 60
1772813114210 1.0 61
1772813124421 1.0 62
1772813134384 1.0 63
1772813144287 1.0 64
1772813157775 1.0 65
1772813167576 1.0 66
1772813177488 1.0 67
1772813187455 1.0 68
1772813197430 1.0 69
1772813210918 1.0 70
1772813220986 1.0 71
1772813230911 1.0 72
1772813240844 1.0 73
1772813250724 1.0 74
1772813264119 1.0 75
1772813274089 1.0 76
1772813284178 1.0 77
1772813294061 1.0 78
1772813303996 1.0 79
1772813317393 1.0 80
1772813327285 1.0 81
1772813337159 1.0 82
1772813347074 1.0 83
1772813356973 1.0 84
1772813370484 1.0 85
1772813380421 1.0 86
1772813390318 1.0 87
1772813400281 1.0 88
1772813410189 1.0 89
1772813423526 1.0 90
1772813433463 1.0 91
1772813443457 1.0 92
1772813453549 1.0 93
1772813463532 1.0 94
1772813476975 1.0 95
1772813486945 1.0 96
1772813496898 1.0 97
1772813506667 1.0 98
1772813516632 1.0 99
1772813530119 1.0 100
