1772812359938 0.0 1
1772812369982 0.0 2
1772812379527 0.0 3
1772812389000 0.0 4
1772812404412 0.0 5
1772812413867 0.0 6
1772812423389 0.0 7
1772812432766 0.0 8
1772812442186 0.0 9
1772812455193 0.0 10
1772812464510 0.0 11
1772812473961 0.0 12
1772812483307 0.0 13
1772812492676 0.0 14
1772812505655 0.0 15
1772812515043 0.0 16
1772812524430 0.0 17
1772812533836 0.0 18
1772812543071 0.0 19
1772812555952 0.0 20
1772812572417 0.0 11
1772812582899 0.0 12
1772812593475 0.0 13
1772812603840 0.0 14
1772812619654 0.0 15
1772812629895 0.0 16
1772812639856 0.0 17
1772812649809 0.0 18
1772812659712 0.0 19
1772812673410 0.0 20
1772812683533 0.0 21
1772812693505 0.0 22
1772812703465 0.0 23
1772812713431 0.0 24
1772812726854 0.0 25
1772812736809 0.0 26
1772812746683 0.0 27
1772812756617 0.0 28
1772812766589 0.0 29
1772812780051 0.0 30
1772812789982 0.0 31
1772812799898 0.0 32
1772812809833 0.0 33
1772812819594 0.0 34
1772812833123 0.0 35
1772812843053 0.0 36
1772812852867 0.0 37
1772812862792 0.0 38
1772812872669 0.0 39
1772812886298 0.0 40
1772812896607 0.0 41
1772812906801 0.0 42
1772812916922 0.0 43
1772812927303 0.0 44
1772812941071 0.0 45
1772812951277 0.0 46
1772812961547 0.0 47
1772812971677 0.0 48
1772812981805 0.0 49
1772812995680 0.0 50
1772813005968 0.0 51
1772813016202 0.0 52
1772813026355 0.0 53
1772813036447 0.0 54
1772813050279 0.0 55
1772813060450 0.0 56
1772813070672 0.0 57
1772813080735 0.0 58
1772813090713 0.0 59
1772813104239 0.0 60
1772813114211 0.0 61
1772813124422 0.0 62
1772813134384 0.0 63
1772813144287 0.0 64
1772813157775 0.0 65
1772813167577 0.0 66
1772813177489 0.0 67
1772813187455 0.0 68
1772813197431 0.0 69
1772813210919 0.0 70
1772813220987 0.0 71
1772813230911 0.0 72
1772813240844 0.0 73
1772813250725 0.0 74
1772813264120 0.0 75
1772813274089 0.0 76
1772813284179 0.0 77
1772813294062 0.0 78
1772813303997 0.0 79
1772813317394 0.0 80
1772813327286 0.0 81
1772813337160 0.0 82
1772813347074 0.0 83
1772813356973 0.0 84
1772813370484 0.0 85
1772813380422 0.0 86
1772813390318 0.0 87
1772813400282 0.0 88
1772813410189 0.0 89
1772813423527 0.0 90
1772813433464 0.0 91
1772813443458 0.0 92
1772813453550 0.0 93
1772813463532 0.0 94
1772813476976 0.0 95
1772813486946 0.0 96
1772813496898 0.0 97
1772813506668 0.0 98
1772813516632 0.0 99
1772813530120 0.0 100
