1772812359970 100.0 1
1772812370006 100.0 2
1772812379555 100.0 3
1772812389026 100.0 4
1772812404436 100.0 5
1772812413891 100.0 6
1772812423412 100.0 7
1772812432790 100.0 8
1772812442210 100.0 9
1772812455215 100.0 10
1772812464534 100.0 11
1772812473986 100.0 12
1772812483331 100.0 13
1772812492701 100.0 14
1772812505679 100.0 15
1772812515066 100.0 16
1772812524454 100.0 17
1772812533859 100.0 18
1772812543095 100.0 19
1772812555979 100.0 20
1772812572443 100.0 11
1772812582928 100.0 12
1772812593502 100.0 13
1772812603868 100.0 14
1772812619679 100.0 15
1772812629923 100.0 16
1772812639880 100.0 17
1772812649835 100.0 18
1772812659735 100.0 19
1772812673435 100.0 20
1772812683556 100.0 21
1772812693529 100.0 22
1772812703493 100.0 23
1772812713454 100.0 24
1772812726883 100.0 25
1772812736832 100.0 26
1772812746706 100.0 27
1772812756640 100.0 28
1772812766613 100.0 29
1772812780077 100.0 30
1772812790005 100.0 31
1772812799925 100.0 32
1772812809856 100.0 33
1772812819617 100.0 34
1772812833147 100.0 35
1772812843080 100.0 36
1772812852892 100.0 37
1772812862815 100.0 38
1772812872692 100.0 39
1772812886337 100.0 40
1772812896630 100.0 41
1772812906824 100.0 42
1772812916959 100.0 43
1772812927327 100.0 44
1772812941093 100.0 45
1772812951300 100.0 46
1772812961570 100.0 47
1772812971699 100.0 48
1772812981827 100.0 49
1772812995705 100.0 50
1772813005992 100.0 51
1772813016226 100.0 52
1772813026378 100.0 53
1772813036470 100.0 54
1772813050307 100.0 55
1772813060475 100.0 56
1772813070700 100.0 57
1772813080758 100.0 58
1772813090736 100.0 59
1772813104270 100.0 60
1772813114241 100.0 61
1772813124447 100.0 62
1772813134409 100.0 63
1772813144315 100.0 64
1772813157798 100.0 65
1772813167600 100.0 66
1772813177517 100.0 67
1772813187479 100.0 68
1772813197455 100.0 69
1772813210944 100.0 70
1772813221010 100.0 71
1772813230935 100.0 72
1772813240868 100.0 73
1772813250748 100.0 74
1772813264144 100.0 75
1772813274113 100.0 76
1772813284202 100.0 77
1772813294085 100.0 78
1772813304021 100.0 79
1772813317426 100.0 80
1772813327311 100.0 81
1772813337189 100.0 82
1772813347099 100.0 83
1772813357001 100.0 84
1772813370512 100.0 85
1772813380445 100.0 86
1772813390342 100.0 87
1772813400305 100.0 88
1772813410213 100.0 89
1772813423555 100.0 90
1772813433487 100.0 91
1772813443480 100.0 92
1772813453575 100.0 93
1772813463557 100.0 94
1772813477000 100.0 95
1772813486973 100.0 96
1772813496921 100.0 97
1772813506693 100.0 98
1772813516660 100.0 99
1772813530143 100.0 100
