1772812359955 1.0 1
1772812369997 1.0 2
1772812379543 1.0 3
1772812389017 1.0 4
1772812404427 1.0 5
1772812413882 1.0 6
1772812423403 1.0 7
1772812432781 1.0 8
1772812442201 1.0 9
1772812455207 1.0 10
1772812464525 1.0 11
1772812473977 1.0 12
1772812483322 1.0 13
1772812492691 1.0 14
1772812505670 1.0 15
1772812515057 1.0 16
1772812524445 1.0 17
1772812533850 1.0 18
1772812543086 1.0 19
1772812555967 1.0 20
1772812572432 1.0 11
1772812582914 1.0 12
1772812593492 1.0 13
1772812603854 1.0 14
1772812619670 1.0 15
1772812629909 1.0 16
1772812639871 1.0 17
1772812649826 1.0 18
1772812659726 1.0 19
1772812673425 1.0 20
1772812683547 1.0 21
1772812693520 1.0 22
1772812703480 1.0 23
1772812713445 1.0 24
1772812726869 1.0 25
1772812736823 1.0 26
1772812746697 1.0 27
1772812756631 1.0 28
1772812766603 1.0 29
1772812780067 1.0 30
1772812789996 1.0 31
1772812799912 1.0 32
1772812809847 1.0 33
1772812819608 1.0 34
1772812833137 1.0 35
1772812843067 1.0 36
1772812852882 1.0 37
1772812862806 1.0 38
1772812872683 1.0 39
1772812886325 1.0 40
1772812896621 1.0 41
1772812906815 1.0 42
1772812916941 1.0 43
1772812927318 1.0 44
1772812941084 1.0 45
1772812951291 1.0 46
1772812961561 1.0 47
1772812971690 1.0 48
1772812981818 1.0 49
1772812995695 1.0 50
1772813005983 1.0 51
1772813016217 1.0 52
1772813026369 1.0 53
1772813036461 1.0 54
1772813050293 1.0 55
1772813060465 1.0 56
1772813070686 1.0 57
1772813080749 1.0 58
1772813090727 1.0 59
1772813104259 1.0 60
1772813114229 1.0 61
1772813124437 1.0 62
1772813134399 1.0 63
1772813144304 1.0 64
1772813157789 1.0 65
1772813167591 1.0 66
1772813177508 1.0 67
1772813187469 1.0 68
1772813197445 1.0 69
1772813210935 1.0 70
1772813221001 1.0 71
1772813230925 1.0 72
1772813240859 1.0 73
1772813250739 1.0 74
1772813264135 1.0 75
1772813274103 1.0 76
1772813284193 1.0 77
1772813294076 1.0 78
1772813304011 1.0 79
1772813317409 1.0 80
1772813327301 1.0 81
1772813337175 1.0 82
1772813347089 1.0 83
1772813356988 1.0 84
1772813370499 1.0 85
1772813380436 1.0 86
1772813390333 1.0 87
1772813400296 1.0 88
1772813410203 1.0 89
1772813423543 1.0 90
1772813433477 1.0 91
1772813443471 1.0 92
1772813453565 1.0 93
1772813463547 1.0 94
1772813476990 1.0 95
1772813486960 1.0 96
1772813496912 1.0 97
1772813506681 1.0 98
1772813516651 1.0 99
1772813530134 1.0 100
