1772812359952 67108864.0 1
1772812369994 67108864.0 2
1772812379540 67108864.0 3
1772812389014 67108864.0 4
1772812404424 67108864.0 5
1772812413879 67108864.0 6
1772812423401 67108864.0 7
1772812432778 67108864.0 8
1772812442198 67108864.0 9
1772812455204 67108864.0 10
1772812464522 67108864.0 11
1772812473974 67108864.0 12
1772812483319 67108864.0 13
1772812492688 67108864.0 14
1772812505667 67108864.0 15
1772812515055 67108864.0 16
1772812524443 67108864.0 17
1772812533847 67108864.0 18
1772812543083 67108864.0 19
1772812555964 67108864.0 20
1772812572429 67108864.0 11
1772812582912 67108864.0 12
1772812593489 67108864.0 13
1772812603852 67108864.0 14
1772812619667 67108864.0 15
1772812629906 67108864.0 16
1772812639868 67108864.0 17
1772812649820 67108864.0 18
1772812659724 67108864.0 19
1772812673422 67108864.0 20
1772812683544 67108864.0 21
1772812693517 67108864.0 22
1772812703477 67108864.0 23
1772812713442 67108864.0 24
1772812726866 67108864.0 25
1772812736821 67108864.0 26
1772812746695 67108864.0 27
1772812756629 67108864.0 28
1772812766601 67108864.0 29
1772812780064 67108864.0 30
1772812789993 67108864.0 31
1772812799909 67108864.0 32
1772812809845 67108864.0 33
1772812819605 67108864.0 34
1772812833135 67108864.0 35
1772812843065 67108864.0 36
1772812852879 67108864.0 37
1772812862803 67108864.0 38
1772812872680 67108864.0 39
1772812886322 67108864.0 40
1772812896618 67108864.0 41
1772812906812 67108864.0 42
1772812916938 67108864.0 43
1772812927315 67108864.0 44
1772812941082 67108864.0 45
1772812951288 67108864.0 46
1772812961558 67108864.0 47
1772812971688 67108864.0 48
1772812981816 67108864.0 49
1772812995692 67108864.0 50
1772813005980 67108864.0 51
1772813016214 67108864.0 52
1772813026366 67108864.0 53
1772813036458 67108864.0 54
1772813050291 67108864.0 55
1772813060462 67108864.0 56
1772813070683 67108864.0 57
1772813080746 67108864.0 58
1772813090724 67108864.0 59
1772813104256 67108864.0 60
1772813114225 67108864.0 61
1772813124434 67108864.0 62
1772813134397 67108864.0 63
1772813144301 67108864.0 64
1772813157787 67108864.0 65
1772813167588 67108864.0 66
1772813177505 67108864.0 67
1772813187467 67108864.0 68
1772813197443 67108864.0 69
1772813210932 67108864.0 70
1772813220998 67108864.0 71
1772813230923 67108864.0 72
1772813240856 67108864.0 73
1772813250736 67108864.0 74
1772813264132 67108864.0 75
1772813274101 67108864.0 76
1772813284190 67108864.0 77
1772813294073 67108864.0 78
1772813304009 67108864.0 79
1772813317407 67108864.0 80
1772813327298 67108864.0 81
1772813337172 67108864.0 82
1772813347086 67108864.0 83
1772813356986 67108864.0 84
1772813370496 67108864.0 85
1772813380434 67108864.0 86
1772813390330 67108864.0 87
1772813400293 67108864.0 88
1772813410201 67108864.0 89
1772813423540 67108864.0 90
1772813433475 67108864.0 91
1772813443469 67108864.0 92
1772813453562 67108864.0 93
1772813463544 67108864.0 94
1772813476988 67108864.0 95
1772813486957 67108864.0 96
1772813496909 67108864.0 97
1772813506679 67108864.0 98
1772813516649 67108864.0 99
1772813530131 67108864.0 100
