1772812359952 0.0 1
1772812369994 0.0 2
1772812379540 0.0 3
1772812389014 0.0 4
1772812404424 0.0 5
1772812413879 0.0 6
1772812423401 0.0 7
1772812432778 0.0 8
1772812442198 0.0 9
1772812455204 0.0 10
1772812464523 0.0 11
1772812473974 0.0 12
1772812483319 0.0 13
1772812492689 0.0 14
1772812505667 0.0 15
1772812515055 0.0 16
1772812524443 0.0 17
1772812533848 0.0 18
1772812543084 0.0 19
1772812555964 0.0 20
1772812572430 0.0 11
1772812582912 0.0 12
1772812593489 0.0 13
1772812603852 0.0 14
1772812619667 0.0 15
1772812629906 0.0 16
1772812639868 0.0 17
1772812649820 0.0 18
1772812659724 0.0 19
1772812673422 0.0 20
1772812683545 0.0 21
1772812693517 0.0 22
1772812703477 0.0 23
1772812713442 0.0 24
1772812726866 0.0 25
1772812736821 0.0 26
1772812746695 0.0 27
1772812756629 0.0 28
1772812766601 0.0 29
1772812780064 0.0 30
1772812789993 0.0 31
1772812799910 0.0 32
1772812809845 0.0 33
1772812819605 0.0 34
1772812833135 0.0 35
1772812843065 0.0 36
1772812852879 0.0 37
1772812862803 0.0 38
1772812872681 0.0 39
1772812886322 0.0 40
1772812896618 0.0 41
1772812906813 0.0 42
1772812916938 0.0 43
1772812927316 0.0 44
1772812941082 0.0 45
1772812951288 0.0 46
1772812961558 0.0 47
1772812971688 0.0 48
1772812981816 0.0 49
1772812995693 0.0 50
1772813005980 0.0 51
1772813016215 0.0 52
1772813026367 0.0 53
1772813036459 0.0 54
1772813050291 0.0 55
1772813060462 0.0 56
1772813070684 0.0 57
1772813080747 0.0 58
1772813090725 0.0 59
1772813104256 0.0 60
1772813114225 0.0 61
1772813124435 0.0 62
1772813134397 0.0 63
1772813144301 0.0 64
1772813157787 0.0 65
1772813167589 0.0 66
1772813177505 0.0 67
1772813187467 0.0 68
1772813197443 0.0 69
1772813210932 0.0 70
1772813220999 0.0 71
1772813230923 0.0 72
1772813240856 0.0 73
1772813250737 0.0 74
1772813264133 0.0 75
1772813274101 0.0 76
1772813284191 0.0 77
1772813294074 0.0 78
1772813304009 0.0 79
1772813317407 0.0 80
1772813327298 0.0 81
1772813337172 0.0 82
1772813347086 0.0 83
1772813356986 0.0 84
1772813370497 0.0 85
1772813380434 0.0 86
1772813390330 0.0 87
1772813400294 0.0 88
1772813410201 0.0 89
1772813423540 0.0 90
1772813433475 0.0 91
1772813443469 0.0 92
1772813453562 0.0 93
1772813463544 0.0 94
1772813476988 0.0 95
1772813486958 0.0 96
1772813496910 0.0 97
1772813506679 0.0 98
1772813516649 0.0 99
1772813530132 0.0 100
