1772812359952 1.0 1
1772812369994 1.0 2
1772812379541 1.0 3
1772812389015 1.0 4
1772812404424 1.0 5
1772812413880 1.0 6
1772812423402 1.0 7
1772812432779 1.0 8
1772812442199 1.0 9
1772812455205 1.0 10
1772812464523 1.0 11
1772812473975 1.0 12
1772812483320 1.0 13
1772812492689 1.0 14
1772812505667 1.0 15
1772812515056 1.0 16
1772812524443 1.0 17
1772812533848 1.0 18
1772812543084 1.0 19
1772812555964 1.0 20
1772812572430 1.0 11
1772812582912 1.0 12
1772812593490 1.0 13
1772812603852 1.0 14
1772812619668 1.0 15
1772812629907 1.0 16
1772812639868 1.0 17
1772812649821 1.0 18
1772812659724 1.0 19
1772812673423 1.0 20
1772812683545 1.0 21
1772812693518 1.0 22
1772812703478 1.0 23
1772812713443 1.0 24
1772812726867 1.0 25
1772812736821 1.0 26
1772812746695 1.0 27
1772812756629 1.0 28
1772812766601 1.0 29
1772812780065 1.0 30
1772812789994 1.0 31
1772812799910 1.0 32
1772812809845 1.0 33
1772812819606 1.0 34
1772812833135 1.0 35
1772812843065 1.0 36
1772812852880 1.0 37
1772812862804 1.0 38
1772812872681 1.0 39
1772812886322 1.0 40
1772812896619 1.0 41
1772812906813 1.0 42
1772812916938 1.0 43
1772812927316 1.0 44
1772812941082 1.0 45
1772812951289 1.0 46
1772812961559 1.0 47
1772812971688 1.0 48
1772812981816 1.0 49
1772812995693 1.0 50
1772813005981 1.0 51
1772813016215 1.0 52
1772813026367 1.0 53
1772813036459 1.0 54
1772813050291 1.0 55
1772813060463 1.0 56
1772813070684 1.0 57
1772813080747 1.0 58
1772813090725 1.0 59
1772813104257 1.0 60
1772813114226 1.0 61
1772813124435 1.0 62
1772813134397 1.0 63
1772813144301 1.0 64
1772813157787 1.0 65
1772813167589 1.0 66
1772813177506 1.0 67
1772813187467 1.0 68
1772813197443 1.0 69
1772813210933 1.0 70
1772813220999 1.0 71
1772813230923 1.0 72
1772813240857 1.0 73
1772813250737 1.0 74
1772813264133 1.0 75
1772813274101 1.0 76
1772813284191 1.0 77
1772813294074 1.0 78
1772813304009 1.0 79
1772813317407 1.0 80
1772813327298 1.0 81
1772813337172 1.0 82
1772813347086 1.0 83
1772813356986 1.0 84
1772813370497 1.0 85
1772813380434 1.0 86
1772813390331 1.0 87
1772813400294 1.0 88
1772813410201 1.0 89
1772813423541 1.0 90
1772813433475 1.0 91
1772813443469 1.0 92
1772813453562 1.0 93
1772813463544 1.0 94
1772813476988 1.0 95
1772813486958 1.0 96
1772813496910 1.0 97
1772813506679 1.0 98
1772813516649 1.0 99
1772813530132 1.0 100
