1772812359948 100.0 1
1772812369990 100.0 2
1772812379536 100.0 3
1772812389010 100.0 4
1772812404421 100.0 5
1772812413876 100.0 6
1772812423398 100.0 7
1772812432775 100.0 8
1772812442195 100.0 9
1772812455201 100.0 10
1772812464519 100.0 11
1772812473971 100.0 12
1772812483316 100.0 13
1772812492685 100.0 14
1772812505664 100.0 15
1772812515052 100.0 16
1772812524439 100.0 17
1772812533844 100.0 18
1772812543080 100.0 19
1772812555960 100.0 20
1772812572426 100.0 11
1772812582908 100.0 12
1772812593484 100.0 13
1772812603849 100.0 14
1772812619663 100.0 15
1772812629903 100.0 16
1772812639864 100.0 17
1772812649817 100.0 18
1772812659720 100.0 19
1772812673419 100.0 20
1772812683541 100.0 21
1772812693514 100.0 22
1772812703474 100.0 23
1772812713439 100.0 24
1772812726863 100.0 25
1772812736817 100.0 26
1772812746691 100.0 27
1772812756626 100.0 28
1772812766597 100.0 29
1772812780060 100.0 30
1772812789990 100.0 31
1772812799906 100.0 32
1772812809842 100.0 33
1772812819602 100.0 34
1772812833132 100.0 35
1772812843062 100.0 36
1772812852875 100.0 37
1772812862800 100.0 38
1772812872677 100.0 39
1772812886314 100.0 40
1772812896615 100.0 41
1772812906809 100.0 42
1772812916932 100.0 43
1772812927312 100.0 44
1772812941079 100.0 45
1772812951285 100.0 46
1772812961555 100.0 47
1772812971685 100.0 48
1772812981813 100.0 49
1772812995689 100.0 50
1772813005977 100.0 51
1772813016211 100.0 52
1772813026363 100.0 53
1772813036455 100.0 54
1772813050288 100.0 55
1772813060459 100.0 56
1772813070680 100.0 57
1772813080743 100.0 58
1772813090721 100.0 59
1772813104252 100.0 60
1772813114221 100.0 61
1772813124431 100.0 62
1772813134393 100.0 63
1772813144297 100.0 64
1772813157784 100.0 65
1772813167585 100.0 66
1772813177502 100.0 67
1772813187463 100.0 68
1772813197439 100.0 69
1772813210928 100.0 70
1772813220995 100.0 71
1772813230920 100.0 72
1772813240853 100.0 73
1772813250733 100.0 74
1772813264129 100.0 75
1772813274097 100.0 76
1772813284187 100.0 77
1772813294070 100.0 78
1772813304005 100.0 79
1772813317403 100.0 80
1772813327294 100.0 81
1772813337168 100.0 82
1772813347083 100.0 83
1772813356982 100.0 84
1772813370493 100.0 85
1772813380431 100.0 86
1772813390327 100.0 87
1772813400290 100.0 88
1772813410197 100.0 89
1772813423537 100.0 90
1772813433472 100.0 91
1772813443466 100.0 92
1772813453558 100.0 93
1772813463541 100.0 94
1772813476984 100.0 95
1772813486954 100.0 96
1772813496906 100.0 97
1772813506676 100.0 98
1772813516645 100.0 99
1772813530128 100.0 100
