1772812359974 -1.0 1
1772812370009 -1.0 2
1772812379558 -1.0 3
1772812389029 -1.0 4
1772812404439 -1.0 5
1772812413894 -1.0 6
1772812423416 -1.0 7
1772812432793 -1.0 8
1772812442213 -1.0 9
1772812455219 -1.0 10
1772812464537 -1.0 11
1772812473989 -1.0 12
1772812483334 -1.0 13
1772812492705 -1.0 14
1772812505683 -1.0 15
1772812515069 -1.0 16
1772812524458 -1.0 17
1772812533862 -1.0 18
1772812543098 -1.0 19
1772812555984 -1.0 20
1772812572446 -1.0 11
1772812582932 -1.0 12
1772812593506 -1.0 13
1772812603871 -1.0 14
1772812619682 -1.0 15
1772812629926 -1.0 16
1772812639883 -1.0 17
1772812649839 -1.0 18
1772812659738 -1.0 19
1772812673438 -1.0 20
1772812683559 -1.0 21
1772812693533 -1.0 22
1772812703497 -1.0 23
1772812713457 -1.0 24
1772812726886 -1.0 25
1772812736835 -1.0 26
1772812746709 -1.0 27
1772812756644 -1.0 28
1772812766616 -1.0 29
1772812780081 -1.0 30
1772812790008 -1.0 31
1772812799928 -1.0 32
1772812809860 -1.0 33
1772812819620 -1.0 34
1772812833150 -1.0 35
1772812843084 -1.0 36
1772812852896 -1.0 37
1772812862818 -1.0 38
1772812872695 -1.0 39
1772812886347 -1.0 40
1772812896633 -1.0 41
1772812906827 -1.0 42
1772812916964 -1.0 43
1772812927331 -1.0 44
1772812941096 -1.0 45
1772812951303 -1.0 46
1772812961573 -1.0 47
1772812971702 -1.0 48
1772812981831 -1.0 49
1772812995710 -1.0 50
1772813005996 -1.0 51
1772813016230 -1.0 52
1772813026382 -1.0 53
1772813036473 -1.0 54
1772813050310 -1.0 55
1772813060478 -1.0 56
1772813070703 -1.0 57
1772813080762 -1.0 58
1772813090739 -1.0 59
1772813104273 -1.0 60
1772813114245 -1.0 61
1772813124450 -1.0 62
1772813134412 -1.0 63
1772813144319 -1.0 64
1772813157802 -1.0 65
1772813167604 -1.0 66
1772813177520 -1.0 67
1772813187483 -1.0 68
1772813197458 -1.0 69
1772813210948 -1.0 70
1772813221013 -1.0 71
1772813230938 -1.0 72
1772813240871 -1.0 73
1772813250751 -1.0 74
1772813264147 -1.0 75
1772813274116 -1.0 76
1772813284206 -1.0 77
1772813294088 -1.0 78
1772813304024 -1.0 79
1772813317430 -1.0 80
1772813327315 -1.0 81
1772813337192 -1.0 82
1772813347102 -1.0 83
1772813357005 -1.0 84
1772813370515 -1.0 85
1772813380449 -1.0 86
1772813390345 -1.0 87
1772813400308 -1.0 88
1772813410216 -1.0 89
1772813423559 -1.0 90
1772813433490 -1.0 91
1772813443483 -1.0 92
1772813453578 -1.0 93
1772813463560 -1.0 94
1772813477003 -1.0 95
1772813486976 -1.0 96
1772813496925 -1.0 97
1772813506697 -1.0 98
1772813516664 -1.0 99
1772813530146 -1.0 100
