1772812359950 10.0 1
1772812369992 10.0 2
1772812379539 10.0 3
1772812389013 10.0 4
1772812404423 10.0 5
1772812413878 10.0 6
1772812423400 10.0 7
1772812432777 10.0 8
1772812442197 10.0 9
1772812455203 10.0 10
1772812464521 10.0 11
1772812473973 10.0 12
1772812483318 10.0 13
1772812492687 10.0 14
1772812505666 10.0 15
1772812515054 10.0 16
1772812524441 10.0 17
1772812533846 10.0 18
1772812543082 10.0 19
1772812555963 10.0 20
1772812572428 10.0 11
1772812582910 10.0 12
1772812593487 10.0 13
1772812603851 10.0 14
1772812619666 10.0 15
1772812629905 10.0 16
1772812639867 10.0 17
1772812649819 10.0 18
1772812659722 10.0 19
1772812673421 10.0 20
1772812683543 10.0 21
1772812693516 10.0 22
1772812703476 10.0 23
1772812713441 10.0 24
1772812726865 10.0 25
1772812736819 10.0 26
1772812746693 10.0 27
1772812756628 10.0 28
1772812766599 10.0 29
1772812780063 10.0 30
1772812789992 10.0 31
1772812799908 10.0 32
1772812809844 10.0 33
1772812819604 10.0 34
1772812833134 10.0 35
1772812843064 10.0 36
1772812852878 10.0 37
1772812862802 10.0 38
1772812872679 10.0 39
1772812886318 10.0 40
1772812896617 10.0 41
1772812906811 10.0 42
1772812916935 10.0 43
1772812927314 10.0 44
1772812941081 10.0 45
1772812951287 10.0 46
1772812961557 10.0 47
1772812971686 10.0 48
1772812981814 10.0 49
1772812995691 10.0 50
1772813005979 10.0 51
1772813016213 10.0 52
1772813026365 10.0 53
1772813036457 10.0 54
1772813050290 10.0 55
1772813060461 10.0 56
1772813070682 10.0 57
1772813080745 10.0 58
1772813090723 10.0 59
1772813104254 10.0 60
1772813114223 10.0 61
1772813124433 10.0 62
1772813134395 10.0 63
1772813144299 10.0 64
1772813157786 10.0 65
1772813167587 10.0 66
1772813177504 10.0 67
1772813187465 10.0 68
1772813197441 10.0 69
1772813210931 10.0 70
1772813220997 10.0 71
1772813230922 10.0 72
1772813240855 10.0 73
1772813250735 10.0 74
1772813264131 10.0 75
1772813274099 10.0 76
1772813284189 10.0 77
1772813294072 10.0 78
1772813304008 10.0 79
1772813317405 10.0 80
1772813327296 10.0 81
1772813337170 10.0 82
1772813347085 10.0 83
1772813356984 10.0 84
1772813370495 10.0 85
1772813380433 10.0 86
1772813390329 10.0 87
1772813400292 10.0 88
1772813410200 10.0 89
1772813423539 10.0 90
1772813433474 10.0 91
1772813443467 10.0 92
1772813453560 10.0 93
1772813463543 10.0 94
1772813476986 10.0 95
1772813486956 10.0 96
1772813496908 10.0 97
1772813506678 10.0 98
1772813516647 10.0 99
1772813530130 10.0 100
