1772812359970 0.0 1
1772812370006 0.0 2
1772812379555 0.0 3
1772812389026 0.0 4
1772812404436 0.0 5
1772812413890 0.0 6
1772812423412 0.0 7
1772812432789 0.0 8
1772812442210 0.0 9
1772812455215 0.0 10
1772812464534 0.0 11
1772812473985 0.0 12
1772812483330 0.0 13
1772812492700 0.0 14
1772812505679 0.0 15
1772812515066 0.0 16
1772812524454 0.0 17
1772812533858 0.0 18
1772812543095 0.0 19
1772812555977 0.0 20
1772812572442 0.0 11
1772812582928 0.0 12
1772812593502 0.0 13
1772812603867 0.0 14
1772812619679 0.0 15
1772812629922 0.0 16
1772812639880 0.0 17
1772812649835 0.0 18
1772812659735 0.0 19
1772812673434 0.0 20
1772812683555 0.0 21
1772812693529 0.0 22
1772812703493 0.0 23
1772812713454 0.0 24
1772812726883 0.0 25
1772812736832 0.0 26
1772812746706 0.0 27
1772812756640 0.0 28
1772812766612 0.0 29
1772812780076 0.0 30
1772812790005 0.0 31
1772812799924 0.0 32
1772812809856 0.0 33
1772812819617 0.0 34
1772812833147 0.0 35
1772812843080 0.0 36
1772812852891 0.0 37
1772812862815 0.0 38
1772812872692 0.0 39
1772812886337 0.0 40
1772812896630 0.0 41
1772812906823 0.0 42
1772812916959 0.0 43
1772812927327 0.0 44
1772812941093 0.0 45
1772812951300 0.0 46
1772812961569 0.0 47
1772812971699 0.0 48
1772812981827 0.0 49
1772812995705 0.0 50
1772813005992 0.0 51
1772813016226 0.0 52
1772813026378 0.0 53
1772813036469 0.0 54
1772813050306 0.0 55
1772813060474 0.0 56
1772813070699 0.0 57
1772813080758 0.0 58
1772813090735 0.0 59
1772813104269 0.0 60
1772813114241 0.0 61
1772813124446 0.0 62
1772813134409 0.0 63
1772813144314 0.0 64
1772813157798 0.0 65
1772813167600 0.0 66
1772813177517 0.0 67
1772813187479 0.0 68
1772813197454 0.0 69
1772813210944 0.0 70
1772813221009 0.0 71
1772813230935 0.0 72
1772813240868 0.0 73
1772813250748 0.0 74
1772813264144 0.0 75
1772813274112 0.0 76
1772813284202 0.0 77
1772813294085 0.0 78
1772813304020 0.0 79
1772813317425 0.0 80
1772813327311 0.0 81
1772813337188 0.0 82
1772813347099 0.0 83
1772813357001 0.0 84
1772813370512 0.0 85
1772813380445 0.0 86
1772813390342 0.0 87
1772813400305 0.0 88
1772813410212 0.0 89
1772813423555 0.0 90
1772813433487 0.0 91
1772813443480 0.0 92
1772813453574 0.0 93
1772813463557 0.0 94
1772813476999 0.0 95
1772813486972 0.0 96
1772813496921 0.0 97
1772813506693 0.0 98
1772813516660 0.0 99
1772813530143 0.0 100
