1772812359968 1.0 1
1772812370005 1.0 2
1772812379554 1.0 3
1772812389025 1.0 4
1772812404435 1.0 5
1772812413889 1.0 6
1772812423411 1.0 7
1772812432788 1.0 8
1772812442208 1.0 9
1772812455214 1.0 10
1772812464533 1.0 11
1772812473984 1.0 12
1772812483329 1.0 13
1772812492699 1.0 14
1772812505678 1.0 15
1772812515065 1.0 16
1772812524453 1.0 17
1772812533857 1.0 18
1772812543094 1.0 19
1772812555976 1.0 20
1772812572441 1.0 11
1772812582927 1.0 12
1772812593500 1.0 13
1772812603866 1.0 14
1772812619678 1.0 15
1772812629921 1.0 16
1772812639879 1.0 17
1772812649834 1.0 18
1772812659734 1.0 19
1772812673433 1.0 20
1772812683554 1.0 21
1772812693528 1.0 22
1772812703492 1.0 23
1772812713453 1.0 24
1772812726882 1.0 25
1772812736831 1.0 26
1772812746705 1.0 27
1772812756639 1.0 28
1772812766611 1.0 29
1772812780075 1.0 30
1772812790003 1.0 31
1772812799923 1.0 32
1772812809855 1.0 33
1772812819616 1.0 34
1772812833146 1.0 35
1772812843079 1.0 36
1772812852890 1.0 37
1772812862813 1.0 38
1772812872691 1.0 39
1772812886335 1.0 40
1772812896629 1.0 41
1772812906822 1.0 42
1772812916958 1.0 43
1772812927326 1.0 44
1772812941092 1.0 45
1772812951299 1.0 46
1772812961568 1.0 47
1772812971698 1.0 48
1772812981826 1.0 49
1772812995704 1.0 50
1772813005991 1.0 51
1772813016225 1.0 52
1772813026377 1.0 53
1772813036468 1.0 54
1772813050305 1.0 55
1772813060473 1.0 56
1772813070698 1.0 57
1772813080757 1.0 58
1772813090734 1.0 59
1772813104268 1.0 60
1772813114240 1.0 61
1772813124445 1.0 62
1772813134407 1.0 63
1772813144313 1.0 64
1772813157797 1.0 65
1772813167599 1.0 66
1772813177516 1.0 67
1772813187478 1.0 68
1772813197453 1.0 69
1772813210943 1.0 70
1772813221008 1.0 71
1772813230934 1.0 72
1772813240867 1.0 73
1772813250747 1.0 74
1772813264143 1.0 75
1772813274111 1.0 76
1772813284201 1.0 77
1772813294084 1.0 78
1772813304019 1.0 79
1772813317423 1.0 80
1772813327310 1.0 81
1772813337187 1.0 82
1772813347098 1.0 83
1772813357000 1.0 84
1772813370511 1.0 85
1772813380444 1.0 86
1772813390341 1.0 87
1772813400304 1.0 88
1772813410211 1.0 89
1772813423554 1.0 90
1772813433486 1.0 91
1772813443479 1.0 92
1772813453573 1.0 93
1772813463556 1.0 94
1772813476998 1.0 95
1772813486972 1.0 96
1772813496920 1.0 97
1772813506692 1.0 98
1772813516659 1.0 99
1772813530142 1.0 100
