1772812359939 60.0 1
1772812369983 60.0 2
1772812379528 60.0 3
1772812389002 60.0 4
1772812404413 60.0 5
1772812413868 60.0 6
1772812423390 60.0 7
1772812432767 60.0 8
1772812442187 60.0 9
1772812455194 60.0 10
1772812464511 60.0 11
1772812473963 60.0 12
1772812483308 60.0 13
1772812492677 60.0 14
1772812505656 60.0 15
1772812515044 60.0 16
1772812524431 60.0 17
1772812533837 60.0 18
1772812543072 60.0 19
1772812555953 60.0 20
1772812572417 60.0 11
1772812582900 60.0 12
1772812593476 60.0 13
1772812603841 60.0 14
1772812619655 60.0 15
1772812629896 60.0 16
1772812639857 60.0 17
1772812649810 60.0 18
1772812659713 60.0 19
1772812673411 60.0 20
1772812683534 60.0 21
1772812693506 60.0 22
1772812703466 60.0 23
1772812713432 60.0 24
1772812726855 60.0 25
1772812736810 60.0 26
1772812746684 60.0 27
1772812756618 60.0 28
1772812766590 60.0 29
1772812780052 60.0 30
1772812789983 60.0 31
1772812799899 60.0 32
1772812809834 60.0 33
1772812819595 60.0 34
1772812833124 60.0 35
1772812843054 60.0 36
1772812852868 60.0 37
1772812862793 60.0 38
1772812872670 60.0 39
1772812886300 60.0 40
1772812896608 60.0 41
1772812906802 60.0 42
1772812916923 60.0 43
1772812927304 60.0 44
1772812941072 60.0 45
1772812951278 60.0 46
1772812961548 60.0 47
1772812971677 60.0 48
1772812981805 60.0 49
1772812995681 60.0 50
1772813005969 60.0 51
1772813016203 60.0 52
1772813026356 60.0 53
1772813036448 60.0 54
1772813050280 60.0 55
1772813060451 60.0 56
1772813070673 60.0 57
1772813080736 60.0 58
1772813090714 60.0 59
1772813104240 60.0 60
1772813114213 60.0 61
1772813124423 60.0 62
1772813134385 60.0 63
1772813144288 60.0 64
1772813157776 60.0 65
1772813167578 60.0 66
1772813177490 60.0 67
1772813187456 60.0 68
1772813197432 60.0 69
1772813210920 60.0 70
1772813220988 60.0 71
1772813230912 60.0 72
1772813240845 60.0 73
1772813250726 60.0 74
1772813264121 60.0 75
1772813274090 60.0 76
1772813284180 60.0 77
1772813294063 60.0 78
1772813303998 60.0 79
1772813317395 60.0 80
1772813327287 60.0 81
1772813337161 60.0 82
1772813347075 60.0 83
1772813356974 60.0 84
1772813370485 60.0 85
1772813380423 60.0 86
1772813390319 60.0 87
1772813400282 60.0 88
1772813410190 60.0 89
1772813423528 60.0 90
1772813433465 60.0 91
1772813443458 60.0 92
1772813453551 60.0 93
1772813463533 60.0 94
1772813476977 60.0 95
1772813486947 60.0 96
1772813496899 60.0 97
1772813506669 60.0 98
1772813516633 60.0 99
1772813530121 60.0 100
