1772812359946 1.0 1
1772812369989 1.0 2
1772812379535 1.0 3
1772812389009 1.0 4
1772812404419 1.0 5
1772812413874 1.0 6
1772812423396 1.0 7
1772812432773 1.0 8
1772812442193 1.0 9
1772812455200 1.0 10
1772812464518 1.0 11
1772812473969 1.0 12
1772812483314 1.0 13
1772812492684 1.0 14
1772812505662 1.0 15
1772812515050 1.0 16
1772812524438 1.0 17
1772812533843 1.0 18
1772812543079 1.0 19
1772812555959 1.0 20
1772812572424 1.0 11
1772812582907 1.0 12
1772812593483 1.0 13
1772812603847 1.0 14
1772812619662 1.0 15
1772812629902 1.0 16
1772812639863 1.0 17
1772812649816 1.0 18
1772812659719 1.0 19
1772812673417 1.0 20
1772812683540 1.0 21
1772812693512 1.0 22
1772812703472 1.0 23
1772812713438 1.0 24
1772812726861 1.0 25
1772812736816 1.0 26
1772812746690 1.0 27
1772812756624 1.0 28
1772812766596 1.0 29
1772812780059 1.0 30
1772812789989 1.0 31
1772812799905 1.0 32
1772812809840 1.0 33
1772812819601 1.0 34
1772812833130 1.0 35
1772812843061 1.0 36
1772812852874 1.0 37
1772812862799 1.0 38
1772812872676 1.0 39
1772812886312 1.0 40
1772812896614 1.0 41
1772812906808 1.0 42
1772812916931 1.0 43
1772812927311 1.0 44
1772812941078 1.0 45
1772812951284 1.0 46
1772812961554 1.0 47
1772812971683 1.0 48
1772812981811 1.0 49
1772812995687 1.0 50
1772813005976 1.0 51
1772813016210 1.0 52
1772813026362 1.0 53
1772813036454 1.0 54
1772813050286 1.0 55
1772813060457 1.0 56
1772813070679 1.0 57
1772813080742 1.0 58
1772813090720 1.0 59
1772813104250 1.0 60
1772813114219 1.0 61
1772813124430 1.0 62
1772813134392 1.0 63
1772813144295 1.0 64
1772813157782 1.0 65
1772813167584 1.0 66
1772813177500 1.0 67
1772813187462 1.0 68
1772813197438 1.0 69
1772813210927 1.0 70
1772813220994 1.0 71
1772813230918 1.0 72
1772813240851 1.0 73
1772813250732 1.0 74
1772813264127 1.0 75
1772813274096 1.0 76
1772813284186 1.0 77
1772813294069 1.0 78
1772813304004 1.0 79
1772813317402 1.0 80
1772813327293 1.0 81
1772813337167 1.0 82
1772813347081 1.0 83
1772813356980 1.0 84
1772813370491 1.0 85
1772813380429 1.0 86
1772813390325 1.0 87
1772813400289 1.0 88
1772813410196 1.0 89
1772813423535 1.0 90
1772813433471 1.0 91
1772813443464 1.0 92
1772813453557 1.0 93
1772813463539 1.0 94
1772813476983 1.0 95
1772813486953 1.0 96
1772813496905 1.0 97
1772813506674 1.0 98
1772813516644 1.0 99
1772813530127 1.0 100
