1772812359935 0.0 1
1772812369979 0.0 2
1772812379525 0.0 3
1772812388997 0.0 4
1772812404410 0.0 5
1772812413865 0.0 6
1772812423387 0.0 7
1772812432764 0.0 8
1772812442184 0.0 9
1772812455191 0.0 10
1772812464508 0.0 11
1772812473959 0.0 12
1772812483305 0.0 13
1772812492674 0.0 14
1772812505653 0.0 15
1772812515041 0.0 16
1772812524427 0.0 17
1772812533833 0.0 18
1772812543069 0.0 19
1772812555950 0.0 20
1772812572414 0.0 11
1772812582896 0.0 12
1772812593473 0.0 13
1772812603838 0.0 14
1772812619652 0.0 15
1772812629892 0.0 16
1772812639854 0.0 17
1772812649806 0.0 18
1772812659710 0.0 19
1772812673407 0.0 20
1772812683531 0.0 21
1772812693503 0.0 22
1772812703463 0.0 23
1772812713428 0.0 24
1772812726852 0.0 25
1772812736807 0.0 26
1772812746681 0.0 27
1772812756615 0.0 28
1772812766586 0.0 29
1772812780044 0.0 30
1772812789979 0.0 31
1772812799896 0.0 32
1772812809831 0.0 33
1772812819591 0.0 34
1772812833120 0.0 35
1772812843051 0.0 36
1772812852865 0.0 37
1772812862789 0.0 38
1772812872667 0.0 39
1772812886295 0.0 40
1772812896605 0.0 41
1772812906799 0.0 42
1772812916920 0.0 43
1772812927301 0.0 44
1772812941069 0.0 45
1772812951275 0.0 46
1772812961545 0.0 47
1772812971674 0.0 48
1772812981802 0.0 49
1772812995677 0.0 50
1772813005966 0.0 51
1772813016200 0.0 52
1772813026352 0.0 53
1772813036445 0.0 54
1772813050277 0.0 55
1772813060448 0.0 56
1772813070669 0.0 57
1772813080732 0.0 58
1772813090711 0.0 59
1772813104236 0.0 60
1772813114207 0.0 61
1772813124420 0.0 62
1772813134382 0.0 63
1772813144285 0.0 64
1772813157773 0.0 65
1772813167574 0.0 66
1772813177468 0.0 67
1772813187453 0.0 68
1772813197428 0.0 69
1772813210916 0.0 70
1772813220985 0.0 71
1772813230909 0.0 72
1772813240842 0.0 73
1772813250723 0.0 74
1772813264117 0.0 75
1772813274087 0.0 76
1772813284177 0.0 77
1772813294060 0.0 78
1772813303994 0.0 79
1772813317392 0.0 80
1772813327283 0.0 81
1772813337157 0.0 82
1772813347072 0.0 83
1772813356971 0.0 84
1772813370482 0.0 85
1772813380420 0.0 86
1772813390316 0.0 87
1772813400279 0.0 88
1772813410187 0.0 89
1772813423524 0.0 90
1772813433462 0.0 91
1772813443455 0.0 92
1772813453548 0.0 93
1772813463530 0.0 94
1772813476973 0.0 95
1772813486943 0.0 96
1772813496896 0.0 97
1772813506666 0.0 98
1772813516630 0.0 99
1772813530117 0.0 100
