1772812359945 4000.0 1
1772812369988 4000.0 2
1772812379534 4000.0 3
1772812389008 4000.0 4
1772812404418 4000.0 5
1772812413873 4000.0 6
1772812423396 4000.0 7
1772812432773 4000.0 8
1772812442193 4000.0 9
1772812455199 4000.0 10
1772812464517 4000.0 11
1772812473969 4000.0 12
1772812483314 4000.0 13
1772812492683 4000.0 14
1772812505662 4000.0 15
1772812515050 4000.0 16
1772812524437 4000.0 17
1772812533842 4000.0 18
1772812543078 4000.0 19
1772812555958 4000.0 20
1772812572423 4000.0 11
1772812582906 4000.0 12
1772812593482 4000.0 13
1772812603847 4000.0 14
1772812619661 4000.0 15
1772812629901 4000.0 16
1772812639862 4000.0 17
1772812649815 4000.0 18
1772812659718 4000.0 19
1772812673417 4000.0 20
1772812683539 4000.0 21
1772812693512 4000.0 22
1772812703472 4000.0 23
1772812713437 4000.0 24
1772812726860 4000.0 25
1772812736815 4000.0 26
1772812746689 4000.0 27
1772812756623 4000.0 28
1772812766595 4000.0 29
1772812780058 4000.0 30
1772812789988 4000.0 31
1772812799904 4000.0 32
1772812809840 4000.0 33
1772812819600 4000.0 34
1772812833129 4000.0 35
1772812843060 4000.0 36
1772812852873 4000.0 37
1772812862798 4000.0 38
1772812872675 4000.0 39
1772812886311 4000.0 40
1772812896613 4000.0 41
1772812906807 4000.0 42
1772812916930 4000.0 43
1772812927310 4000.0 44
1772812941077 4000.0 45
1772812951283 4000.0 46
1772812961553 4000.0 47
1772812971683 4000.0 48
1772812981811 4000.0 49
1772812995686 4000.0 50
1772813005975 4000.0 51
1772813016209 4000.0 52
1772813026361 4000.0 53
1772813036453 4000.0 54
1772813050286 4000.0 55
1772813060457 4000.0 56
1772813070678 4000.0 57
1772813080741 4000.0 58
1772813090719 4000.0 59
1772813104249 4000.0 60
1772813114218 4000.0 61
1772813124429 4000.0 62
1772813134391 4000.0 63
1772813144294 4000.0 64
1772813157781 4000.0 65
1772813167583 4000.0 66
1772813177499 4000.0 67
1772813187461 4000.0 68
1772813197437 4000.0 69
1772813210926 4000.0 70
1772813220993 4000.0 71
1772813230918 4000.0 72
1772813240850 4000.0 73
1772813250731 4000.0 74
1772813264127 4000.0 75
1772813274095 4000.0 76
1772813284185 4000.0 77
1772813294068 4000.0 78
1772813304003 4000.0 79
1772813317401 4000.0 80
1772813327292 4000.0 81
1772813337166 4000.0 82
1772813347080 4000.0 83
1772813356979 4000.0 84
1772813370490 4000.0 85
1772813380428 4000.0 86
1772813390325 4000.0 87
1772813400288 4000.0 88
1772813410195 4000.0 89
1772813423534 4000.0 90
1772813433470 4000.0 91
1772813443464 4000.0 92
1772813453556 4000.0 93
1772813463539 4000.0 94
1772813476982 4000.0 95
1772813486952 4000.0 96
1772813496904 4000.0 97
1772813506674 4000.0 98
1772813516643 4000.0 99
1772813530126 4000.0 100
