1772812359942 1.0 1
1772812369985 1.0 2
1772812379531 1.0 3
1772812389004 1.0 4
1772812404416 1.0 5
1772812413870 1.0 6
1772812423393 1.0 7
1772812432770 1.0 8
1772812442190 1.0 9
1772812455196 1.0 10
1772812464514 1.0 11
1772812473965 1.0 12
1772812483310 1.0 13
1772812492679 1.0 14
1772812505659 1.0 15
1772812515047 1.0 16
1772812524434 1.0 17
1772812533839 1.0 18
1772812543075 1.0 19
1772812555955 1.0 20
1772812572420 1.0 11
1772812582903 1.0 12
1772812593479 1.0 13
1772812603844 1.0 14
1772812619658 1.0 15
1772812629898 1.0 16
1772812639859 1.0 17
1772812649812 1.0 18
1772812659716 1.0 19
1772812673414 1.0 20
1772812683536 1.0 21
1772812693509 1.0 22
1772812703469 1.0 23
1772812713434 1.0 24
1772812726857 1.0 25
1772812736812 1.0 26
1772812746686 1.0 27
1772812756621 1.0 28
1772812766592 1.0 29
1772812780055 1.0 30
1772812789985 1.0 31
1772812799901 1.0 32
1772812809836 1.0 33
1772812819597 1.0 34
1772812833126 1.0 35
1772812843057 1.0 36
1772812852870 1.0 37
1772812862795 1.0 38
1772812872672 1.0 39
1772812886305 1.0 40
1772812896610 1.0 41
1772812906804 1.0 42
1772812916926 1.0 43
1772812927307 1.0 44
1772812941074 1.0 45
1772812951280 1.0 46
1772812961550 1.0 47
1772812971680 1.0 48
1772812981808 1.0 49
1772812995683 1.0 50
1772813005972 1.0 51
1772813016206 1.0 52
1772813026358 1.0 53
1772813036450 1.0 54
1772813050283 1.0 55
1772813060454 1.0 56
1772813070675 1.0 57
1772813080738 1.0 58
1772813090716 1.0 59
1772813104242 1.0 60
1772813114215 1.0 61
1772813124425 1.0 62
1772813134388 1.0 63
1772813144291 1.0 64
1772813157778 1.0 65
1772813167580 1.0 66
1772813177495 1.0 67
1772813187458 1.0 68
1772813197434 1.0 69
1772813210922 1.0 70
1772813220990 1.0 71
1772813230914 1.0 72
1772813240847 1.0 73
1772813250728 1.0 74
1772813264123 1.0 75
1772813274092 1.0 76
1772813284182 1.0 77
1772813294065 1.0 78
1772813304000 1.0 79
1772813317398 1.0 80
1772813327289 1.0 81
1772813337163 1.0 82
1772813347077 1.0 83
1772813356976 1.0 84
1772813370487 1.0 85
1772813380425 1.0 86
1772813390321 1.0 87
1772813400285 1.0 88
1772813410192 1.0 89
1772813423530 1.0 90
1772813433467 1.0 91
1772813443461 1.0 92
1772813453553 1.0 93
1772813463536 1.0 94
1772813476979 1.0 95
1772813486949 1.0 96
1772813496901 1.0 97
1772813506671 1.0 98
1772813516640 1.0 99
1772813530123 1.0 100
