1772812359977 1.0 1
1772812370011 1.0 2
1772812379561 1.0 3
1772812389031 1.0 4
1772812404441 1.0 5
1772812413897 1.0 6
1772812423418 1.0 7
1772812432795 1.0 8
1772812442216 1.0 9
1772812455221 1.0 10
1772812464540 1.0 11
1772812473991 1.0 12
1772812483336 1.0 13
1772812492707 1.0 14
1772812505685 1.0 15
1772812515072 1.0 16
1772812524460 1.0 17
1772812533864 1.0 18
1772812543101 1.0 19
1772812555988 1.0 20
1772812572449 1.0 11
1772812582934 1.0 12
1772812593509 1.0 13
1772812603873 1.0 14
1772812619685 1.0 15
1772812629928 1.0 16
1772812639886 1.0 17
1772812649841 1.0 18
1772812659741 1.0 19
1772812673441 1.0 20
1772812683561 1.0 21
1772812693535 1.0 22
1772812703499 1.0 23
1772812713460 1.0 24
1772812726889 1.0 25
1772812736837 1.0 26
1772812746711 1.0 27
1772812756646 1.0 28
1772812766619 1.0 29
1772812780084 1.0 30
1772812790011 1.0 31
1772812799930 1.0 32
1772812809862 1.0 33
1772812819623 1.0 34
1772812833153 1.0 35
1772812843087 1.0 36
1772812852898 1.0 37
1772812862821 1.0 38
1772812872698 1.0 39
1772812886350 1.0 40
1772812896635 1.0 41
1772812906829 1.0 42
1772812916967 1.0 43
1772812927333 1.0 44
1772812941098 1.0 45
1772812951305 1.0 46
1772812961575 1.0 47
1772812971704 1.0 48
1772812981833 1.0 49
1772812995712 1.0 50
1772813005998 1.0 51
1772813016232 1.0 52
1772813026384 1.0 53
1772813036475 1.0 54
1772813050312 1.0 55
1772813060480 1.0 56
1772813070705 1.0 57
1772813080764 1.0 58
1772813090741 1.0 59
1772813104277 1.0 60
1772813114247 1.0 61
1772813124452 1.0 62
1772813134414 1.0 63
1772813144321 1.0 64
1772813157805 1.0 65
1772813167606 1.0 66
1772813177523 1.0 67
1772813187485 1.0 68
1772813197460 1.0 69
1772813210951 1.0 70
1772813221016 1.0 71
1772813230941 1.0 72
1772813240873 1.0 73
1772813250754 1.0 74
1772813264149 1.0 75
1772813274118 1.0 76
1772813284208 1.0 77
1772813294091 1.0 78
1772813304026 1.0 79
1772813317433 1.0 80
1772813327317 1.0 81
1772813337194 1.0 82
1772813347105 1.0 83
1772813357007 1.0 84
1772813370517 1.0 85
1772813380452 1.0 86
1772813390347 1.0 87
1772813400311 1.0 88
1772813410218 1.0 89
1772813423562 1.0 90
1772813433493 1.0 91
1772813443486 1.0 92
1772813453580 1.0 93
1772813463563 1.0 94
1772813477005 1.0 95
1772813486978 1.0 96
1772813496927 1.0 97
1772813506699 1.0 98
1772813516667 1.0 99
1772813530149 1.0 100
