1772812359979 10.0 1
1772812370014 10.0 2
1772812379563 10.0 3
1772812389033 10.0 4
1772812404443 10.0 5
1772812413899 10.0 6
1772812423420 10.0 7
1772812432797 10.0 8
1772812442217 10.0 9
1772812455223 10.0 10
1772812464542 10.0 11
1772812473993 10.0 12
1772812483338 10.0 13
1772812492709 10.0 14
1772812505687 10.0 15
1772812515074 10.0 16
1772812524462 10.0 17
1772812533866 10.0 18
1772812543103 10.0 19
1772812555992 10.0 20
1772812572452 10.0 11
1772812582936 10.0 12
1772812593512 10.0 13
1772812603875 10.0 14
1772812619687 10.0 15
1772812629930 10.0 16
1772812639888 10.0 17
1772812649843 10.0 18
1772812659743 10.0 19
1772812673443 10.0 20
1772812683563 10.0 21
1772812693537 10.0 22
1772812703501 10.0 23
1772812713462 10.0 24
1772812726891 10.0 25
1772812736839 10.0 26
1772812746714 10.0 27
1772812756648 10.0 28
1772812766621 10.0 29
1772812780086 10.0 30
1772812790013 10.0 31
1772812799932 10.0 32
1772812809864 10.0 33
1772812819625 10.0 34
1772812833155 10.0 35
1772812843088 10.0 36
1772812852900 10.0 37
1772812862822 10.0 38
1772812872700 10.0 39
1772812886352 10.0 40
1772812896638 10.0 41
1772812906832 10.0 42
1772812916970 10.0 43
1772812927335 10.0 44
1772812941100 10.0 45
1772812951307 10.0 46
1772812961577 10.0 47
1772812971706 10.0 48
1772812981835 10.0 49
1772812995714 10.0 50
1772813006000 10.0 51
1772813016234 10.0 52
1772813026386 10.0 53
1772813036477 10.0 54
1772813050314 10.0 55
1772813060482 10.0 56
1772813070707 10.0 57
1772813080766 10.0 58
1772813090743 10.0 59
1772813104279 10.0 60
1772813114249 10.0 61
1772813124454 10.0 62
1772813134416 10.0 63
1772813144323 10.0 64
1772813157807 10.0 65
1772813167608 10.0 66
1772813177525 10.0 67
1772813187487 10.0 68
1772813197462 10.0 69
1772813210954 10.0 70
1772813221018 10.0 71
1772813230943 10.0 72
1772813240876 10.0 73
1772813250756 10.0 74
1772813264151 10.0 75
1772813274120 10.0 76
1772813284210 10.0 77
1772813294093 10.0 78
1772813304028 10.0 79
1772813317436 10.0 80
1772813327319 10.0 81
1772813337196 10.0 82
1772813347107 10.0 83
1772813357009 10.0 84
1772813370520 10.0 85
1772813380454 10.0 86
1772813390349 10.0 87
1772813400313 10.0 88
1772813410220 10.0 89
1772813423564 10.0 90
1772813433495 10.0 91
1772813443488 10.0 92
1772813453582 10.0 93
1772813463565 10.0 94
1772813477007 10.0 95
1772813486980 10.0 96
1772813496929 10.0 97
1772813506701 10.0 98
1772813516669 10.0 99
1772813530151 10.0 100
