1772812359978 1.0 1
1772812370013 1.0 2
1772812379563 1.0 3
1772812389033 1.0 4
1772812404443 1.0 5
1772812413898 1.0 6
1772812423419 1.0 7
1772812432797 1.0 8
1772812442217 1.0 9
1772812455222 1.0 10
1772812464541 1.0 11
1772812473992 1.0 12
1772812483338 1.0 13
1772812492709 1.0 14
1772812505686 1.0 15
1772812515073 1.0 16
1772812524461 1.0 17
1772812533866 1.0 18
1772812543102 1.0 19
1772812555991 1.0 20
1772812572451 1.0 11
1772812582935 1.0 12
1772812593511 1.0 13
1772812603875 1.0 14
1772812619686 1.0 15
1772812629930 1.0 16
1772812639887 1.0 17
1772812649842 1.0 18
1772812659742 1.0 19
1772812673442 1.0 20
1772812683563 1.0 21
1772812693536 1.0 22
1772812703500 1.0 23
1772812713461 1.0 24
1772812726890 1.0 25
1772812736839 1.0 26
1772812746713 1.0 27
1772812756648 1.0 28
1772812766620 1.0 29
1772812780085 1.0 30
1772812790012 1.0 31
1772812799932 1.0 32
1772812809864 1.0 33
1772812819624 1.0 34
1772812833154 1.0 35
1772812843088 1.0 36
1772812852900 1.0 37
1772812862822 1.0 38
1772812872699 1.0 39
1772812886352 1.0 40
1772812896637 1.0 41
1772812906831 1.0 42
1772812916969 1.0 43
1772812927334 1.0 44
1772812941099 1.0 45
1772812951307 1.0 46
1772812961577 1.0 47
1772812971706 1.0 48
1772812981834 1.0 49
1772812995714 1.0 50
1772813005999 1.0 51
1772813016233 1.0 52
1772813026385 1.0 53
1772813036476 1.0 54
1772813050313 1.0 55
1772813060481 1.0 56
1772813070707 1.0 57
1772813080765 1.0 58
1772813090742 1.0 59
1772813104278 1.0 60
1772813114248 1.0 61
1772813124454 1.0 62
1772813134416 1.0 63
1772813144322 1.0 64
1772813157806 1.0 65
1772813167607 1.0 66
1772813177524 1.0 67
1772813187486 1.0 68
1772813197462 1.0 69
1772813210953 1.0 70
1772813221017 1.0 71
1772813230942 1.0 72
1772813240875 1.0 73
1772813250755 1.0 74
1772813264151 1.0 75
1772813274119 1.0 76
1772813284209 1.0 77
1772813294092 1.0 78
1772813304027 1.0 79
1772813317435 1.0 80
1772813327318 1.0 81
1772813337196 1.0 82
1772813347106 1.0 83
1772813357008 1.0 84
1772813370519 1.0 85
1772813380453 1.0 86
1772813390349 1.0 87
1772813400312 1.0 88
1772813410219 1.0 89
1772813423563 1.0 90
1772813433494 1.0 91
1772813443487 1.0 92
1772813453582 1.0 93
1772813463564 1.0 94
1772813477006 1.0 95
1772813486980 1.0 96
1772813496928 1.0 97
1772813506700 1.0 98
1772813516668 1.0 99
1772813530150 1.0 100
