1772812359980 -1.0 1
1772812370014 -1.0 2
1772812379564 -1.0 3
1772812389034 -1.0 4
1772812404444 -1.0 5
1772812413899 -1.0 6
1772812423420 -1.0 7
1772812432798 -1.0 8
1772812442218 -1.0 9
1772812455223 -1.0 10
1772812464542 -1.0 11
1772812473994 -1.0 12
1772812483339 -1.0 13
1772812492710 -1.0 14
1772812505688 -1.0 15
1772812515074 -1.0 16
1772812524462 -1.0 17
1772812533867 -1.0 18
1772812543103 -1.0 19
1772812555993 -1.0 20
1772812572452 -1.0 11
1772812582937 -1.0 12
1772812593512 -1.0 13
1772812603876 -1.0 14
1772812619688 -1.0 15
1772812629931 -1.0 16
1772812639888 -1.0 17
1772812649843 -1.0 18
1772812659743 -1.0 19
1772812673443 -1.0 20
1772812683564 -1.0 21
1772812693537 -1.0 22
1772812703501 -1.0 23
1772812713462 -1.0 24
1772812726891 -1.0 25
1772812736840 -1.0 26
1772812746714 -1.0 27
1772812756649 -1.0 28
1772812766621 -1.0 29
1772812780087 -1.0 30
1772812790013 -1.0 31
1772812799933 -1.0 32
1772812809865 -1.0 33
1772812819625 -1.0 34
1772812833155 -1.0 35
1772812843089 -1.0 36
1772812852901 -1.0 37
1772812862823 -1.0 38
1772812872701 -1.0 39
1772812886353 -1.0 40
1772812896638 -1.0 41
1772812906832 -1.0 42
1772812916970 -1.0 43
1772812927336 -1.0 44
1772812941100 -1.0 45
1772812951308 -1.0 46
1772812961578 -1.0 47
1772812971707 -1.0 48
1772812981835 -1.0 49
1772812995715 -1.0 50
1772813006001 -1.0 51
1772813016235 -1.0 52
1772813026387 -1.0 53
1772813036478 -1.0 54
1772813050315 -1.0 55
1772813060483 -1.0 56
1772813070708 -1.0 57
1772813080767 -1.0 58
1772813090743 -1.0 59
1772813104280 -1.0 60
1772813114250 -1.0 61
1772813124455 -1.0 62
1772813134417 -1.0 63
1772813144324 -1.0 64
1772813157808 -1.0 65
1772813167609 -1.0 66
1772813177525 -1.0 67
1772813187487 -1.0 68
1772813197463 -1.0 69
1772813210954 -1.0 70
1772813221018 -1.0 71
1772813230943 -1.0 72
1772813240876 -1.0 73
1772813250756 -1.0 74
1772813264152 -1.0 75
1772813274121 -1.0 76
1772813284211 -1.0 77
1772813294093 -1.0 78
1772813304029 -1.0 79
1772813317437 -1.0 80
1772813327320 -1.0 81
1772813337197 -1.0 82
1772813347108 -1.0 83
1772813357010 -1.0 84
1772813370520 -1.0 85
1772813380454 -1.0 86
1772813390350 -1.0 87
1772813400313 -1.0 88
1772813410221 -1.0 89
1772813423565 -1.0 90
1772813433495 -1.0 91
1772813443488 -1.0 92
1772813453583 -1.0 93
1772813463565 -1.0 94
1772813477008 -1.0 95
1772813486981 -1.0 96
1772813496929 -1.0 97
1772813506702 -1.0 98
1772813516669 -1.0 99
1772813530151 -1.0 100
