1772812360034 0.40374554198933765 1
1772812370062 0.3615256669872906 2
1772812379608 0.3588860419986304 3
1772812389078 0.33588050000253133 4
1772812404485 0.33623620800790377 5
1772812413946 0.36408704199129716 6
1772812423464 0.3799346669984516 7
1772812432845 0.35180591701646335 8
1772812442262 0.35057041599065997 9
1772812455266 0.35445662500569597 10
1772812464589 0.25652416597586125 11
1772812474036 0.2573479580169078 12
1772812483385 0.3563167089887429 13
1772812492753 0.3539473750279285 14
1772812505732 0.3606322919949889 15
1772812515121 0.36301850000745617 16
1772812524505 0.354904500010889 17
1772812533913 0.3574068749730941 18
1772812543146 0.25552425000933 19
1772812556040 0.25899270799709484 20
1772812572495 0.3234857909847051 11
1772812582982 0.3627272500016261 12
1772812593565 0.3444071249978151 13
1772812603918 0.4025570410012733 14
1772812619729 0.32164604199351743 15
1772812629974 0.3950807499932125 16
1772812639931 0.24134845801745541 17
1772812649886 0.2425907920114696 18
1772812659784 0.3349428329966031 19
1772812673488 0.3415359999926295 20
1772812683608 0.36975112499203533 21
1772812693580 0.33728795900242403 22
1772812703544 0.36609495800803415 23
1772812713504 0.3383270000049379 24
1772812726935 0.24313204200007021 25
1772812736883 0.24267541599692777 26
1772812746757 0.3240939999814145 27
1772812756694 0.35236104199429974 28
1772812766664 0.34135512498323806 29
1772812780133 0.3384020410012454 30
1772812790056 0.33243341598426923 31
1772812799974 0.34752554100123234 32
1772812809911 0.3582464580249507 33
1772812819668 0.24248899999656714 34
1772812833197 0.24539633400854655 35
1772812843132 0.3364007920026779 36
1772812852945 0.33524291700450704 37
1772812862866 0.34103004101780243 38
1772812872746 0.3392687499872409 39
1772812886396 0.33303570799762383 40
1772812896683 0.3653440419875551 41
1772812906873 0.35440220800228417 42
1772812917018 0.23898716701660305 43
1772812927383 0.3915162089979276 44
1772812941140 0.34222754201618955 45
1772812951354 0.3424444590054918 46
1772812961619 0.3539185830159113 47
1772812971745 0.3419037499988917 48
1772812981880 0.3303777079854626 49
1772812995767 0.24565245799021795 50
1772813006044 0.2675765000167303 51
1772813016277 0.3492898750118911 52
1772813026432 0.34992925002006814 53
1772813036521 0.34564787498675287 54
1772813050358 0.3433287920197472 55
1772813060525 0.3383693750074599 56
1772813070750 0.35953204199904576 57
1772813080808 0.2427581670053769 58
1772813090784 0.2462165000033565 59
1772813104323 0.3261595419899095 60
1772813114473 0.3782431250147056 61
1772813124497 0.3443792920152191 62
1772813134462 0.3374066250107717 63
1772813144367 0.34872441698098555 64
1772813157849 0.32286370897782035 65
1772813167654 0.2515678750060033 66
1772813177568 0.2570491659862455 67
1772813187532 0.3442263329925481 68
1772813197508 0.3524620830139611 69
1772813210995 0.3333882500010077 70
1772813221064 0.3497746249777265 71
1772813230986 0.3406919159751851 72
1772813240921 0.35031779200653546 73
1772813250799 0.25349154201103374 74
1772813264193 0.23818954100715928 75
1772813274166 0.33696758301812224 76
1772813284253 0.34488962500472553 77
1772813294138 0.33468529098900035 78
1772813304071 0.33465741598047316 79
1772813317484 0.3510718749894295 80
1772813327362 0.33632416700129397 81
1772813337240 0.2427283340075519 82
1772813347149 0.24244475000887178 83
1772813357053 0.33789670799160376 84
1772813370562 0.33573141699889675 85
1772813380499 0.3359137910010759 86
1772813390392 0.3410692079924047 87
1772813400360 0.33716987498337403 88
1772813410263 0.3346291669877246 89
1772813423613 0.24244775000261143 90
1772813433536 0.36642337500234134 91
1772813443530 0.35429645801195875 92
1772813453625 0.3393470000009984 93
1772813463611 0.35555529201519676 94
1772813477050 0.3398637499776669 95
1772813487023 0.3328549170109909 96
1772813496972 0.35524154201266356 97
1772813506743 0.24397920799674466 98
1772813516711 0.3346787500195205 99
1772813530194 0.34862850001081824 100
