1772812359827 31.39285714285714 1
1772812369867 46.57857142857142 2
1772812379425 44.74285714285713 3
1772812388891 38.869230769230775 4
1772812404583 38.09285714285714 5
1772812414039 28.80909090909091 6
1772812423604 31.89285714285715 7
1772812432999 33.44615384615385 8
1772812442484 33.19230769230769 9
1772812455479 46.707142857142856 10
1772812464934 33.59444444444444 11
1772812474257 34.50714285714286 12
1772812483611 32.2 13
1772812493018 32.276923076923076 14
1772812505979 34.09285714285714 15
1772812515373 41.472222222222214 16
1772812524771 33.01538461538462 17
1772812534185 33.49285714285714 18
1772812543522 33.44615384615384 19
1772812556272 33.7 20
1772812579169 36.36000000000001 21
1772812589585 37.83333333333334 22
1772812600152 49.03333333333333 23
1772812610079 35.74285714285714 24
1772812626166 33.25714285714286 25
1772812636098 38.69130434782608 26
1772812646090 33.79285714285714 27
1772812656027 34.221428571428575 28
1772812665902 32.67857142857143 29
1772812679709 37.686666666666675 30
1772812696720 29.95714285714286 21
1772812706707 34.05714285714286 22
1772812716621 38.86 23
1772812726427 32.676923076923075 24
1772812742227 34.13333333333333 25
1772812752146 31.59090909090909 26
1772812762124 33.10714285714286 27
1772812772114 34.22857142857142 28
1772812781981 33.69285714285714 29
1772812795528 34.08571428571428 30
1772812812369 31.492857142857144 31
1772812822227 30.514285714285716 32
1772812832060 32.15714285714286 33
1772812841953 47.15714285714286 34
1772812857728 33.285714285714285 35
1772812867641 30.90434782608696 36
1772812877511 30.357142857142858 37
1772812887738 37.52857142857143 38
1772812897955 37.89333333333333 39
1772812911760 28.41428571428571 40
1772812929387 38.06000000000001 41
1772812939462 33.44285714285714 42
1772812949603 38.91428571428571 43
1772812959856 57.019999999999996 44
1772812976077 47.01428571428571 45
1772812986308 42.75652173913044 46
1772812996560 44.58 47
1772813006819 43.43571428571429 48
1772813017055 43.64666666666666 49
1772813030823 37.90714285714286 50
1772813048095 31.52142857142857 51
1772813058189 32.46 52
1772813068350 35.26428571428571 53
1772813078576 40.92 54
1772813094514 32.93571428571428 55
1772813104445 34.07272727272727 56
1772813114582 37.84285714285714 57
1772813124649 39.04285714285714 58
1772813134610 34.121428571428574 59
1772813148108 32.28571428571429 60
1772813158056 35.025 61
1772813167967 33.45714285714286 62
1772813177863 33.02142857142857 63
1772813187829 33.41428571428572 64
1772813201287 43.2 65
1772813211221 35.68947368421053 66
1772813221314 36.73571428571428 67
1772813231302 34.35 68
1772813241277 33.971428571428575 69
1772813254851 33.72857142857143 70
1772813271188 30.821428571428566 71
1772813281189 35.40714285714286 72
1772813291079 33.55714285714286 73
1772813300937 32.57142857142857 74
1772813316689 33.871428571428574 75
1772813326601 41.03181818181818 76
1772813336582 32.378571428571426 77
1772813346514 30.935714285714283 78
1772813356413 30.421428571428567 79
1772813369931 33.55714285714286 80
1772813386423 29.578571428571426 81
1772813396366 34.30714285714286 82
1772813406269 34.978571428571435 83
1772813416141 33.7 84
1772813431851 33.99285714285714 85
1772813441840 40.95909090909091 86
1772813451761 31.671428571428567 87
1772813461805 32.285714285714285 88
1772813471727 29.878571428571423 89
1772813485188 29.842857142857145 90
1772813495163 33.22500000000001 91
1772813505051 32.753846153846155 92
1772813514986 32.14666666666666 93
1772813524953 32.978571428571435 94
1772813537818 35.07692307692307 95
1772813547127 23.094444444444445 96
1772813556543 27.830769230769228 97
1772813565826 37.646153846153844 98
1772813575375 28.007142857142856 99
1772813588394 52.93076923076923 100
