1772812359828 76.52142857142857 1
1772812369868 77.56428571428572 2
1772812379425 77.42857142857143 3
1772812388891 77.43846153846154 4
1772812404583 77.26428571428572 5
1772812414039 77.65909090909089 6
1772812423604 76.57142857142858 7
1772812433000 76.32307692307693 8
1772812442485 76.79230769230769 9
1772812455480 77.12857142857142 10
1772812464935 77.03888888888889 11
1772812474257 77.0857142857143 12
1772812483611 76.33846153846153 13
1772812493018 76.72307692307692 14
1772812505979 77.14285714285714 15
1772812515373 76.52222222222221 16
1772812524771 76.8923076923077 17
1772812534185 77.02857142857142 18
1772812543522 76.13076923076923 19
1772812556273 76.37692307692306 20
1772812579169 77.04 21
1772812589586 77.78 22
1772812600152 78.22666666666667 23
1772812610079 76.52857142857144 24
1772812626167 77.29285714285713 25
1772812636099 77.10000000000001 26
1772812646091 75.85714285714288 27
1772812656027 76.20714285714284 28
1772812665902 75.71428571428571 29
1772812679710 77.38000000000002 30
1772812696721 77.4142857142857 21
1772812706708 77.72857142857143 22
1772812716621 77.80666666666667 23
1772812726427 77.79230769230769 24
1772812742228 77.7 25
1772812752146 77.32272727272726 26
1772812762124 77.0142857142857 27
1772812772114 77.66428571428571 28
1772812781981 77.20714285714287 29
1772812795528 77.0 30
1772812812369 77.17857142857143 31
1772812822228 76.73571428571428 32
1772812832060 77.2357142857143 33
1772812841954 76.57857142857142 34
1772812857728 76.42857142857143 35
1772812867641 76.45652173913045 36
1772812877512 76.12857142857142 37
1772812887738 76.97857142857141 38
1772812897955 78.08666666666667 39
1772812911760 77.66428571428571 40
1772812929388 78.31333333333333 41
1772812939462 77.70714285714287 42
1772812949603 78.25714285714287 43
1772812959856 78.95333333333333 44
1772812976077 78.5 45
1772812986308 79.01739130434783 46
1772812996560 79.06 47
1772813006819 79.05714285714285 48
1772813017055 79.4 49
1772813030823 78.75714285714285 50
1772813048095 78.54285714285713 51
1772813058189 78.15333333333332 52
1772813068351 78.55 53
1772813078576 78.75999999999999 54
1772813094514 78.3 55
1772813104445 78.18636363636364 56
1772813114582 77.2642857142857 57
1772813124649 77.62857142857145 58
1772813134610 78.32142857142857 59
1772813148108 78.07142857142857 60
1772813158056 78.395 61
1772813167967 78.53571428571429 62
1772813177864 78.04285714285716 63
1772813187830 78.5642857142857 64
1772813201287 77.90714285714286 65
1772813211222 77.87368421052632 66
1772813221314 78.52142857142859 67
1772813231303 77.77857142857144 68
1772813241277 77.6857142857143 69
1772813254851 78.71428571428571 70
1772813271188 77.38571428571427 71
1772813281189 77.60000000000001 72
1772813291080 77.07142857142857 73
1772813300937 76.73571428571428 74
1772813316689 77.11428571428571 75
1772813326601 76.7 76
1772813336582 76.53571428571429 77
1772813346515 76.83571428571429 78
1772813356413 76.33571428571427 79
1772813369931 76.17857142857143 80
1772813386424 76.4357142857143 81
1772813396366 76.52142857142857 82
1772813406270 76.7 83
1772813416141 75.74285714285715 84
1772813431852 76.35000000000001 85
1772813441840 76.36363636363636 86
1772813451762 76.08571428571429 87
1772813461805 77.66428571428571 88
1772813471728 77.12857142857142 89
1772813485189 76.68571428571428 90
1772813495164 77.87 91
1772813505051 76.90769230769232 92
1772813514987 77.40666666666667 93
1772813524954 77.79285714285713 94
1772813537819 76.20769230769231 95
1772813547128 74.15 96
1772813556543 75.46923076923078 97
1772813565826 75.53846153846153 98
1772813575375 75.52142857142859 99
1772813588395 76.3 100
