1772812359928 0.0003141459892503917 1
1772812369970 nan 2
1772812379518 nan 3
1772812388990 nan 4
1772812404404 nan 5
1772812413858 nan 6
1772812423380 nan 7
1772812432757 nan 8
1772812442177 nan 9
1772812455185 nan 10
1772812464501 nan 11
1772812473952 nan 12
1772812483298 nan 13
1772812492666 nan 14
1772812505646 nan 15
1772812515034 nan 16
1772812524420 nan 17
1772812533826 nan 18
1772812543062 nan 19
1772812555942 nan 20
1772812572404 0.0004516460030572489 11
1772812582886 nan 12
1772812593462 nan 13
1772812603828 nan 14
1772812619643 nan 15
1772812629883 nan 16
1772812639845 nan 17
1772812649796 nan 18
1772812659700 nan 19
1772812673398 nan 20
1772812683521 nan 21
1772812693494 nan 22
1772812703454 nan 23
1772812713418 nan 24
1772812726842 nan 25
1772812736798 nan 26
1772812746672 nan 27
1772812756605 nan 28
1772812766576 nan 29
1772812780033 nan 30
1772812789968 nan 31
1772812799886 nan 32
1772812809821 nan 33
1772812819581 nan 34
1772812833111 nan 35
1772812843041 nan 36
1772812852855 nan 37
1772812862779 nan 38
1772812872657 nan 39
1772812886282 nan 40
1772812896595 nan 41
1772812906789 nan 42
1772812916907 nan 43
1772812927291 nan 44
1772812941060 nan 45
1772812951265 nan 46
1772812961536 nan 47
1772812971665 nan 48
1772812981793 nan 49
1772812995667 nan 50
1772813005957 nan 51
1772813016190 nan 52
1772813026343 nan 53
1772813036436 nan 54
1772813050268 nan 55
1772813060439 nan 56
1772813070659 nan 57
1772813080723 nan 58
1772813090702 nan 59
1772813104226 nan 60
1772813114193 nan 61
1772813124410 nan 62
1772813134373 nan 63
1772813144275 nan 64
1772813157763 nan 65
1772813167565 nan 66
1772813177459 nan 67
1772813187444 nan 68
1772813197419 nan 69
1772813210906 nan 70
1772813220975 nan 71
1772813230900 nan 72
1772813240833 nan 73
1772813250714 nan 74
1772813264108 nan 75
1772813274077 nan 76
1772813284167 nan 77
1772813294051 nan 78
1772813303985 nan 79
1772813317381 nan 80
1772813327274 nan 81
1772813337147 nan 82
1772813347062 nan 83
1772813356961 nan 84
1772813370473 nan 85
1772813380410 nan 86
1772813390307 nan 87
1772813400270 nan 88
1772813410178 nan 89
1772813423513 nan 90
1772813433452 nan 91
1772813443447 nan 92
1772813453538 nan 93
1772813463519 nan 94
1772813476964 nan 95
1772813486934 nan 96
1772813496886 nan 97
1772813506656 nan 98
1772813516621 nan 99
1772813530108 nan 100
