1772812359929 2.477692442799343e-05 1
1772812369972 2.483928894349936e-05 2
1772812379519 2.4024266246510908e-05 3
1772812388991 2.115832181648649e-05 4
1772812404405 2.099518088389853e-05 5
1772812413860 2.4063441027883867e-05 6
1772812423381 2.2761940560455588e-05 7
1772812432759 2.315229094676879e-05 8
1772812442179 2.3483043174462512e-05 9
1772812455186 2.3075219358113527e-05 10
1772812464502 2.3154340438650773e-05 11
1772812473954 2.358395194330698e-05 12
1772812483299 2.236317266736776e-05 13
1772812492668 2.206533305925782e-05 14
1772812505648 2.229702740335603e-05 15
1772812515036 2.262306891915424e-05 16
1772812524422 2.148463375332922e-05 17
1772812533828 2.311820148071206e-05 18
1772812543064 2.1115770294134586e-05 19
1772812555945 2.1327557510071458e-05 20
1772812572405 2.1988168284521335e-05 11
1772812582887 2.2894003722090908e-05 12
1772812593463 2.5318119661224794e-05 13
1772812603829 2.4630865991482818e-05 14
1772812619644 2.169867439471749e-05 15
1772812629884 2.1081069264037658e-05 16
1772812639845 2.190221745862461e-05 17
1772812649797 2.2615331510103012e-05 18
1772812659701 2.2098999338038073e-05 19
1772812673398 2.1248259181326084e-05 20
1772812683522 2.2948786989461376e-05 21
1772812693494 2.205552157771106e-05 22
1772812703454 2.2567375502541837e-05 23
1772812713418 2.229373081354906e-05 24
1772812726843 2.1896269301980084e-05 25
1772812736799 2.1988794656689403e-05 26
1772812746672 2.088632688411759e-05 27
1772812756606 2.1620997314755983e-05 28
1772812766576 2.1427617041712433e-05 29
1772812780034 2.265662165946443e-05 30
1772812789969 2.203466753375911e-05 31
1772812799887 2.216374050406021e-05 32
1772812809821 2.1808095736150864e-05 33
1772812819582 2.1500633111897686e-05 34
1772812833111 2.185018067254688e-05 35
1772812843041 2.1448367232273215e-05 36
1772812852856 2.2060735883941896e-05 37
1772812862779 2.1604075019331925e-05 38
1772812872658 2.1290029474791105e-05 39
1772812886283 2.177385435545108e-05 40
1772812896596 2.3180804911992044e-05 41
1772812906789 2.1722469884258998e-05 42
1772812916907 2.3498758731259093e-05 43
1772812927292 2.280959321931638e-05 44
1772812941060 2.2811773212521776e-05 45
1772812951265 2.3316899952762613e-05 46
1772812961536 2.3709603147573352e-05 47
1772812971665 2.362436688983764e-05 48
1772812981794 2.2101661386084155e-05 49
1772812995668 2.2826766196877196e-05 50
1772813005958 2.4451440818859046e-05 51
1772813016191 2.50796466651086e-05 52
1772813026344 2.4243197706971317e-05 53
1772813036436 2.258822059727376e-05 54
1772813050268 2.241835607112031e-05 55
1772813060439 2.2222862612803824e-05 56
1772813070660 2.2575313207120046e-05 57
1772813080723 2.2635746792944262e-05 58
1772813090703 2.2280103953300547e-05 59
1772813104226 2.1808466953702093e-05 60
1772813114194 2.2468114521910393e-05 61
1772813124411 2.2561990116933594e-05 62
1772813134373 2.2873501897441172e-05 63
1772813144275 2.2922563289406105e-05 64
1772813157764 2.1636282573660777e-05 65
1772813167565 2.2545382025089363e-05 66
1772813177460 2.2379432579959765e-05 67
1772813187444 2.2580943855514488e-05 68
1772813197419 2.1816849719631662e-05 69
1772813210907 2.0607785275494093e-05 70
1772813220975 2.2455556925461315e-05 71
1772813230900 2.281590155839334e-05 72
1772813240833 2.2016556910238737e-05 73
1772813250714 2.3156972563864336e-05 74
1772813264109 2.0243803656830668e-05 75
1772813274078 2.0319295183808826e-05 76
1772813284168 2.126703606068906e-05 77
1772813294051 2.0815026517560916e-05 78
1772813303986 2.0724235778623e-05 79
1772813317381 2.1410224071600345e-05 80
1772813327274 2.1376806777034576e-05 81
1772813337148 2.1651178480733007e-05 82
1772813347063 2.119614228179142e-05 83
1772813356962 2.1096776035186195e-05 84
1772813370473 2.0524826623667118e-05 85
1772813380411 1.953497463664804e-05 86
1772813390307 2.0007173122136777e-05 87
1772813400270 2.1314036353978983e-05 88
1772813410178 2.0679462805499568e-05 89
1772813423513 2.055578096173148e-05 90
1772813433453 2.2104485783337364e-05 91
1772813443447 2.1617750832945148e-05 92
1772813453538 2.0316032127676577e-05 93
1772813463519 2.2188068185576493e-05 94
1772813476964 2.1164025906580777e-05 95
1772813486935 2.043147245020997e-05 96
1772813496887 2.137361365664702e-05 97
1772813506657 2.0207227078225115e-05 98
1772813516621 2.0454839004233518e-05 99
1772813530108 2.1396315781368542e-05 100
