1772812359929 187.74234404133796 1
1772812369972 170.13655584869906 2
1772812379519 153.93357541737979 3
1772812388991 139.4982140859732 4
1772812404405 127.29015528643087 5
1772812413860 117.88862679010548 6
1772812423381 112.02348916578359 7
1772812432758 110.61440903895375 8
1772812442178 114.82021966929487 9
1772812455186 126.10111813966205 10
1772812464502 146.29703741967836 11
1772812473953 177.72639970896003 12
1772812483299 198.2018426237852 13
1772812492668 179.93537722257554 14
1772812505648 162.8999047813996 15
1772812515036 147.41555525937937 16
1772812524422 133.88571053154237 17
1772812533828 122.8186551438074 18
1772812543064 114.85485708845219 19
1772812555944 110.80134316262385 20
1772812572405 187.74234404133796 11
1772812582887 170.13655584869906 12
1772812593463 153.93357541737979 13
1772812603829 139.4982140859732 14
1772812619644 127.29015528643087 15
1772812629884 117.88862679010548 16
1772812639845 112.02348916578359 17
1772812649797 110.61440903895375 18
1772812659701 114.82021966929487 19
1772812673399 126.10111813966205 20
1772812683522 146.29703741967836 21
1772812693494 177.72639970896003 22
1772812703455 198.2018426237852 23
1772812713418 179.93537722257554 24
1772812726843 162.8999047813996 25
1772812736799 147.41555525937937 26
1772812746672 133.88571053154237 27
1772812756606 122.8186551438074 28
1772812766577 114.85485708845219 29
1772812780034 110.80134316262385 30
1772812789969 111.67501391274486 31
1772812799887 118.75722297536113 32
1772812809822 133.66255021048602 33
1772812819582 158.42545983627681 34
1772812833111 195.60949470215988 35
1772812843042 190.12627559556128 36
1772812852856 172.36027400228826 37
1772812862779 155.9554152911193 38
1772812872658 141.2656756245497 39
1772812886283 128.7370853768081 40
1772812896596 118.93166867507011 41
1772812906790 112.55760849919281 42
1772812916907 110.5072564559989 43
1772812927292 113.90502729824229 44
1772812941060 124.16774879486759 45
1772812951266 143.0807060659231 46
1772812961536 172.89346185271435 47
1772812971665 200.66122962021583 48
1772812981794 182.254173583312 49
1772812995668 165.0415487076719 50
1772813005958 149.3339768489913 51
1772813016191 135.52285903713016 52
1772813026344 124.10138325858641 53
1772813036436 115.6909949656443 54
1772813050269 111.07475145235436 55
1772813060440 111.23935030176426 56
1772813070660 117.4280876657517 57
1772813080724 131.2075887675178 58
1772813090703 154.55189220298544 59
1772813104227 189.94840103479171 60
1772813114194 192.52850499973212 61
1772813124411 174.60704850318538 62
1772813134373 158.00630749900503 63
1772813144276 143.06974478826652 64
1772813157764 130.23014319694576 65
1772813167566 120.03283417348162 66
1772813177460 113.16496695487542 67
1772813187444 110.49238941266044 68
1772813197420 113.10612005674736 69
1772813210907 122.38090545417357 70
1772813220976 140.0490059712059 71
1772813230900 168.29317008562757 72
1772813240834 203.13667336587176 73
1772813250714 184.59320237350258 74
1772813264109 167.2086866678971 75
1772813274078 151.28452239923115 76
1772813284168 137.20048559528243 77
1772813294051 125.43511606604278 78
1772813303986 116.59140171226827 79
1772813317381 111.42914224312968 80
1772813327275 110.90572933652251 81
1772813337148 116.22753200501766 82
1772813347063 128.91464513568346 83
1772813356962 150.88247640362943 84
1772813370473 184.54455051252853 85
1772813380411 194.94848879103023 86
1772813390307 176.8761945548128 87
1772813400271 160.08538915765322 88
1772813410178 144.9093342940404 89
1772813423514 131.76795870713127 90
1772813433453 121.19039695588329 91
1772813443447 113.84338925764337 92
1772813453539 110.56706693610376 93
1772813463519 112.4200441601488 94
1772813476964 120.73623614869675 95
1772813486935 137.19645340245762 96
1772813496887 163.91861458614915 97
1772813506657 205.62769695917245 98
1772813516622 186.95186266801815 99
1772813530109 169.40056146376662 100
