1772812359931 -1.621246337890625e-05 1
1772812369974 -1.9073486328125e-05 2
1772812379521 -2.384185791015625e-05 3
1772812388994 -1.6689300537109375e-05 4
1772812404407 -2.6226043701171875e-05 5
1772812413862 -1.239776611328125e-05 6
1772812423383 -1.239776611328125e-05 7
1772812432761 -8.106231689453125e-06 8
1772812442181 -2.5272369384765625e-05 9
1772812455188 -2.7179718017578125e-05 10
1772812464504 -3.0040740966796875e-05 11
1772812473955 -1.71661376953125e-05 12
1772812483301 -1.9550323486328125e-05 13
1772812492670 -1.4781951904296875e-05 14
1772812505650 -2.4318695068359375e-05 15
1772812515038 -1.621246337890625e-05 16
1772812524424 -1.621246337890625e-05 17
1772812533830 -1.9073486328125e-05 18
1772812543066 -7.62939453125e-06 19
1772812555947 -1.71661376953125e-05 20
1772812572407 -2.1457672119140625e-05 11
1772812582889 -2.193450927734375e-05 12
1772812593466 -1.3828277587890625e-05 13
1772812603831 -1.430511474609375e-05 14
1772812619646 -2.574920654296875e-05 15
1772812629886 -1.621246337890625e-05 16
1772812639847 -1.0967254638671875e-05 17
1772812649799 -3.24249267578125e-05 18
1772812659703 -1.430511474609375e-05 19
1772812673400 -1.52587890625e-05 20
1772812683524 -1.1920928955078125e-05 21
1772812693497 -1.1444091796875e-05 22
1772812703457 -2.288818359375e-05 23
1772812713421 -1.9550323486328125e-05 24
1772812726845 -2.0503997802734375e-05 25
1772812736801 -9.5367431640625e-06 26
1772812746674 -2.3365020751953125e-05 27
1772812756609 -1.6689300537109375e-05 28
1772812766579 -1.9073486328125e-05 29
1772812780037 -1.5735626220703125e-05 30
1772812789972 -2.09808349609375e-05 31
1772812799889 -2.288818359375e-05 32
1772812809824 -3.0517578125e-05 33
1772812819584 -6.67572021484375e-06 34
1772812833113 -1.52587890625e-05 35
1772812843044 -6.67572021484375e-06 36
1772812852858 -1.2874603271484375e-05 37
1772812862782 -9.5367431640625e-06 38
1772812872660 -2.3365020751953125e-05 39
1772812886285 -1.9550323486328125e-05 40
1772812896598 -1.8596649169921875e-05 41
1772812906792 -2.6702880859375e-05 42
1772812916910 -2.09808349609375e-05 43
1772812927294 -1.6689300537109375e-05 44
1772812941063 -2.002716064453125e-05 45
1772812951268 -2.574920654296875e-05 46
1772812961538 -1.621246337890625e-05 47
1772812971667 -1.71661376953125e-05 48
1772812981796 -3.337860107421875e-05 49
1772812995670 -2.384185791015625e-05 50
1772813005960 -1.33514404296875e-05 51
1772813016193 -2.384185791015625e-05 52
1772813026346 -3.2901763916015625e-05 53
1772813036438 -3.5762786865234375e-05 54
1772813050271 -1.9550323486328125e-05 55
1772813060442 -1.1920928955078125e-05 56
1772813070663 -5.7220458984375e-06 57
1772813080726 -2.6226043701171875e-05 58
1772813090705 -6.67572021484375e-06 59
1772813104229 -3.4809112548828125e-05 60
1772813114198 -3.337860107421875e-05 61
1772813124413 -2.7179718017578125e-05 62
1772813134375 -4.3392181396484375e-05 63
1772813144278 -2.8133392333984375e-05 64
1772813157766 -3.147125244140625e-05 65
1772813167568 -7.581710815429688e-05 66
1772813177462 -2.6226043701171875e-05 67
1772813187446 -3.0517578125e-05 68
1772813197422 -4.0531158447265625e-05 69
1772813210909 -4.00543212890625e-05 70
1772813220978 -4.76837158203125e-05 71
1772813230902 -1.33514404296875e-05 72
1772813240835 -4.57763671875e-05 73
1772813250716 -3.0517578125e-05 74
1772813264111 -1.52587890625e-05 75
1772813274080 -3.2901763916015625e-05 76
1772813284170 0.0 77
1772813294053 -1.9073486328125e-05 78
1772813303988 0.0 79
1772813317383 -1.52587890625e-05 80
1772813327277 0.0 81
1772813337150 0.0 82
1772813347065 0.0 83
1772813356964 0.0 84
1772813370476 0.0 85
1772813380413 0.0 86
1772813390309 0.0 87
1772813400273 0.0 88
1772813410180 0.0 89
1772813423516 0.0 90
1772813433455 0.0 91
1772813443449 0.0 92
1772813453541 0.0 93
1772813463521 0.0 94
1772813476966 0.0 95
1772813486937 0.0 96
1772813496889 0.0 97
1772813506659 0.0 98
1772813516623 0.0 99
1772813530111 0.0 100
