1772812359930 0.19735602774987152 1
1772812369973 0.21469601178458625 2
1772812379520 0.191506907645297 3
1772812388992 0.18909530049755371 4
1772812404406 0.1859331992101423 5
1772812413860 0.18849799399946018 6
1772812423382 0.20277538993520594 7
1772812432759 0.1860304287173286 8
1772812442179 0.18858725307758767 9
1772812455186 0.19145890478726607 10
1772812464503 0.1880991250031262 11
1772812473954 0.188507830283405 12
1772812483300 0.1840712430008959 13
1772812492668 0.18453308614802416 14
1772812505648 0.19036844964388625 15
1772812515036 0.18543549099662673 16
1772812524422 0.18402240771268097 17
1772812533828 0.18773576792695426 18
1772812543064 0.18468456264443894 19
1772812555945 0.18275462807546966 20
1772812572405 0.17864328833820764 11
1772812582888 0.1945489672902373 12
1772812593464 0.18930128571602317 13
1772812603829 0.19408759828365874 14
1772812619644 0.18222708921114517 15
1772812629884 0.20865300300231737 16
1772812639846 0.19959011899481993 17
1772812649798 0.17978563100457123 18
1772812659702 0.1806954137822946 19
1772812673399 0.1803955117149079 20
1772812683522 0.18381364000171224 21
1772812693495 0.17917993164363516 22
1772812703455 0.18002866667181178 23
1772812713419 0.18511427071643993 24
1772812726844 0.18190291049540974 25
1772812736799 0.1875917261412334 26
1772812746673 0.1781301280716434 27
1772812756607 0.18056781243025657 28
1772812766577 0.18018835714194992 29
1772812780035 0.18200547307164275 30
1772812789970 0.17973473799897227 31
1772812799887 0.18123111878438586 32
1772812809822 0.1792720804286156 33
1772812819583 0.17917181250855457 34
1772812833112 0.17955099100072403 35
1772812843042 0.18147152433327088 36
1772812852857 0.181723979216518 37
1772812862780 0.18294478542728548 38
1772812872658 0.18103934535507246 39
1772812886284 0.18162607442978435 40
1772812896596 0.19371362799886682 41
1772812906790 0.1852172618590495 42
1772812916908 0.1849235031466898 43
1772812927292 0.19737188979343046 44
1772812941061 0.18415405950301128 45
1772812951266 0.1858548065730637 46
1772812961537 0.18453039286084405 47
1772812971666 0.18579364933490677 48
1772812981794 0.18191223200535334 49
1772812995669 0.18598265464243013 50
1772813005958 0.18789520535210613 51
1772813016191 0.1890984792179162 52
1772813026344 0.18814310728547362 53
1772813036437 0.18364404464331788 54
1772813050269 0.1848943602152368 55
1772813060440 0.18444168449786957 56
1772813070661 0.18526281242832607 57
1772813080724 0.19640985721239954 58
1772813090703 0.18156648793124727 59
1772813104227 0.17814438092838308 60
1772813114195 0.18761201049831774 61
1772813124412 0.1878587529354263 62
1772813134374 0.1899920239333629 63
1772813144276 0.18840489849805764 64
1772813157764 0.17961354171399893 65
1772813167566 0.1856275835037065 66
1772813177461 0.18576426478726457 67
1772813187445 0.18545599720839945 68
1772813197420 0.18819659842535785 69
1772813210907 0.17954680642495596 70
1772813220976 0.18768933335793136 71
1772813230901 0.18572662800267736 72
1772813240834 0.18423374324872083 73
1772813250715 0.18738668464357033 74
1772813264110 0.1800065803524506 75
1772813274079 0.1827488510753028 76
1772813284169 0.20245844935665705 77
1772813294052 0.18146960114245303 78
1772813303987 0.18064095257640084 79
1772813317382 0.18440319935325533 80
1772813327275 0.18224372328300628 81
1772813337149 0.18204750285700094 82
1772813347064 0.18360535114646023 83
1772813356962 0.18206844056424287 84
1772813370474 0.18410334806997397 85
1772813380411 0.17642049991021244 86
1772813390308 0.1793670952798233 87
1772813400271 0.18005576186364386 88
1772813410179 0.1789871667112623 89
1772813423514 0.18024585707046625 90
1772813433454 0.1846181876441863 91
1772813443448 0.18065958035627513 92
1772813453539 0.17964921714155935 93
1772813463520 0.18156255343222127 94
1772813476965 0.1793871607161626 95
1772813486935 0.17929879486161682 96
1772813496887 0.18286214878649584 97
1772813506657 0.1790808821679093 98
1772813516622 0.17956259228438803 99
1772813530109 0.18155397320931244 100
