1772812359931 1.811981201171875e-05 1
1772812369974 1.52587890625e-05 2
1772812379521 3.24249267578125e-05 3
1772812388993 1.9073486328125e-05 4
1772812404407 2.0503997802734375e-05 5
1772812413861 2.3365020751953125e-05 6
1772812423383 1.239776611328125e-05 7
1772812432760 1.8596649169921875e-05 8
1772812442180 3.0517578125e-05 9
1772812455187 1.4781951904296875e-05 10
1772812464504 2.956390380859375e-05 11
1772812473955 1.9550323486328125e-05 12
1772812483301 1.52587890625e-05 13
1772812492669 2.7179718017578125e-05 14
1772812505649 1.33514404296875e-05 15
1772812515037 2.6702880859375e-05 16
1772812524423 2.288818359375e-05 17
1772812533829 1.811981201171875e-05 18
1772812543065 1.1444091796875e-05 19
1772812555946 9.5367431640625e-07 20
1772812572407 1.430511474609375e-05 11
1772812582889 8.106231689453125e-06 12
1772812593465 2.1457672119140625e-05 13
1772812603830 1.33514404296875e-05 14
1772812619645 1.811981201171875e-05 15
1772812629885 1.4781951904296875e-05 16
1772812639847 3.24249267578125e-05 17
1772812649799 3.1948089599609375e-05 18
1772812659703 1.52587890625e-05 19
1772812673400 3.4809112548828125e-05 20
1772812683523 2.0503997802734375e-05 21
1772812693496 1.71661376953125e-05 22
1772812703456 3.814697265625e-05 23
1772812713420 1.430511474609375e-05 24
1772812726845 1.430511474609375e-05 25
1772812736800 4.7206878662109375e-05 26
1772812746674 2.4318695068359375e-05 27
1772812756608 1.1444091796875e-05 28
1772812766578 3.719329833984375e-05 29
1772812780037 2.7179718017578125e-05 30
1772812789971 2.86102294921875e-05 31
1772812799888 1.239776611328125e-05 32
1772812809823 1.239776611328125e-05 33
1772812819584 2.0503997802734375e-05 34
1772812833113 9.5367431640625e-06 35
1772812843043 2.4318695068359375e-05 36
1772812852858 1.52587890625e-05 37
1772812862781 6.67572021484375e-06 38
1772812872659 1.621246337890625e-05 39
1772812886285 1.1444091796875e-05 40
1772812896597 1.8596649169921875e-05 41
1772812906791 9.059906005859375e-06 42
1772812916909 3.62396240234375e-05 43
1772812927293 2.0503997802734375e-05 44
1772812941062 3.7670135498046875e-05 45
1772812951267 1.52587890625e-05 46
1772812961538 2.6226043701171875e-05 47
1772812971667 7.152557373046875e-06 48
1772812981795 1.1444091796875e-05 49
1772812995670 1.52587890625e-05 50
1772813005959 8.58306884765625e-06 51
1772813016193 2.288818359375e-05 52
1772813026346 2.8133392333984375e-05 53
1772813036438 3.0040740966796875e-05 54
1772813050270 2.193450927734375e-05 55
1772813060441 2.09808349609375e-05 56
1772813070662 2.2411346435546875e-05 57
1772813080725 2.193450927734375e-05 58
1772813090704 3.3855438232421875e-05 59
1772813104228 1.049041748046875e-05 60
1772813114196 8.58306884765625e-06 61
1772813124412 1.4781951904296875e-05 62
1772813134375 1.4781951904296875e-05 63
1772813144277 2.47955322265625e-05 64
1772813157765 4.291534423828125e-05 65
1772813167567 2.574920654296875e-05 66
1772813177461 3.0994415283203125e-05 67
1772813187446 1.52587890625e-05 68
1772813197421 1.9550323486328125e-05 69
1772813210908 6.246566772460938e-05 70
1772813220977 4.38690185546875e-05 71
1772813230902 3.24249267578125e-05 72
1772813240835 2.47955322265625e-05 73
1772813250716 2.47955322265625e-05 74
1772813264110 1.52587890625e-05 75
1772813274080 1.9073486328125e-05 76
1772813284170 1.52587890625e-05 77
1772813294053 4.57763671875e-05 78
1772813303988 1.52587890625e-05 79
1772813317383 3.814697265625e-05 80
1772813327276 1.9073486328125e-05 81
1772813337150 3.0517578125e-05 82
1772813347065 0.0 83
1772813356963 7.62939453125e-06 84
1772813370475 0.0 85
1772813380412 0.0 86
1772813390309 0.0 87
1772813400272 0.0 88
1772813410180 0.0 89
1772813423515 0.0 90
1772813433455 0.0 91
1772813443449 0.0 92
1772813453540 0.0 93
1772813463521 0.0 94
1772813476966 0.0 95
1772813486936 0.0 96
1772813496888 0.0 97
1772813506658 0.0 98
1772813516623 0.0 99
1772813530110 0.0 100
