1772812359927 289.0 1
1772812369969 289.0 2
1772812379517 289.0 3
1772812388989 289.0 4
1772812404403 289.0 5
1772812413858 289.0 6
1772812423379 289.0 7
1772812432756 289.0 8
1772812442176 289.0 9
1772812455184 289.0 10
1772812464500 289.0 11
1772812473951 289.0 12
1772812483297 289.0 13
1772812492665 289.0 14
1772812505646 289.0 15
1772812515033 289.0 16
1772812524419 289.0 17
1772812533826 289.0 18
1772812543061 289.0 19
1772812555941 289.0 20
1772812572406 289.0 11
1772812582888 289.0 12
1772812593464 289.0 13
1772812603830 289.0 14
1772812619645 289.0 15
1772812629885 289.0 16
1772812639846 289.0 17
1772812649798 289.0 18
1772812659702 289.0 19
1772812673399 289.0 20
1772812683523 289.0 21
1772812693495 289.0 22
1772812703455 289.0 23
1772812713419 289.0 24
1772812726844 289.0 25
1772812736800 289.0 26
1772812746673 289.0 27
1772812756607 289.0 28
1772812766578 289.0 29
1772812780035 289.0 30
1772812789970 289.0 31
1772812799888 289.0 32
1772812809822 289.0 33
1772812819583 289.0 34
1772812833112 289.0 35
1772812843042 289.0 36
1772812852857 289.0 37
1772812862780 289.0 38
1772812872659 289.0 39
1772812886284 289.0 40
1772812896597 289.0 41
1772812906790 289.0 42
1772812916908 289.0 43
1772812927293 289.0 44
1772812941061 289.0 45
1772812951267 289.0 46
1772812961537 289.0 47
1772812971666 289.0 48
1772812981795 289.0 49
1772812995669 289.0 50
1772813005958 289.0 51
1772813016192 289.0 52
1772813026345 289.0 53
1772813036437 289.0 54
1772813050269 289.0 55
1772813060440 289.0 56
1772813070661 289.0 57
1772813080725 289.0 58
1772813090704 289.0 59
1772813104227 289.0 60
1772813114195 289.0 61
1772813124412 289.0 62
1772813134374 289.0 63
1772813144276 289.0 64
1772813157765 289.0 65
1772813167567 289.0 66
1772813177461 289.0 67
1772813187445 289.0 68
1772813197420 289.0 69
1772813210908 289.0 70
1772813220976 289.0 71
1772813230901 289.0 72
1772813240834 289.0 73
1772813250715 289.0 74
1772813264110 289.0 75
1772813274079 289.0 76
1772813284169 289.0 77
1772813294052 289.0 78
1772813303987 289.0 79
1772813317382 289.0 80
1772813327275 289.0 81
1772813337149 289.0 82
1772813347064 289.0 83
1772813356963 289.0 84
1772813370474 289.0 85
1772813380412 289.0 86
1772813390308 289.0 87
1772813400271 289.0 88
1772813410179 289.0 89
1772813423514 289.0 90
1772813433454 289.0 91
1772813443448 289.0 92
1772813453539 289.0 93
1772813463520 289.0 94
1772813476965 289.0 95
1772813486936 289.0 96
1772813496888 289.0 97
1772813506658 289.0 98
1772813516622 289.0 99
1772813530109 289.0 100
