1772812359928 3.5762786865234375e-07 1
1772812369971 -8.855547223772321e-07 2
1772812379518 3.4059797014508935e-07 3
1772812388990 1.1580330984933035e-06 4
1772812404404 -2.486365182059152e-06 5
1772812413859 1.5667506626674107e-06 6
1772812423380 6.471361432756697e-07 7
1772812432757 5.9604644775390625e-06 8
1772812442177 3.916876656668526e-06 9
1772812455185 -4.257474626813616e-06 10
1772812464501 -1.1239733014787947e-06 11
1772812473952 2.1798270089285713e-06 12
1772812483298 -7.54992167154948e-07 13
1772812492666 2.929142543247768e-06 14
1772812505647 -1.1920928955078125e-06 15
1772812515035 8.855547223772322e-07 16
1772812524421 3.405979701450889e-07 17
1772812533827 6.130763462611609e-07 18
1772812543063 -2.384185791015625e-06 19
1772812555942 -3.814697265625e-06 20
1772812572407 -2.463658650716146e-06 11
1772812582889 -3.848757062639509e-06 12
1772812593465 -8.514949253627233e-07 13
1772812603831 -1.5667506626674107e-06 14
1772812619646 -6.471361432756696e-06 15
1772812629886 -3.371919904436384e-06 16
1772812639847 3.1335013253348217e-06 17
1772812649799 1.2261526925223217e-06 18
1772812659703 6.811959402901783e-07 19
1772812673400 2.282006399972098e-06 20
1772812683524 1.5326908656529018e-06 21
1772812693496 5.449567522321428e-07 22
1772812703456 -2.9007593790690103e-06 23
1772812713421 -3.5081590924944195e-06 24
1772812726845 8.514949253627233e-07 25
1772812736801 4.5299530029296875e-06 26
1772812746674 2.3160661969866074e-06 27
1772812756608 -2.5885445731026787e-06 28
1772812766579 7.527215140206473e-06 29
1772812780037 2.4182455880301342e-06 30
1772812789971 -1.362391880580357e-07 31
1772812799889 4.4277736118861603e-07 32
1772812809823 -1.4986310686383928e-06 33
1772812819584 3.4400394984654014e-06 34
1772812833113 -3.303800310407366e-06 35
1772812843043 1.9868214925130206e-06 36
1772812852858 1.941408429827009e-06 37
1772812862782 -1.0899135044642857e-06 38
1772812872660 2.0435878208705356e-07 39
1772812886285 -5.790165492466518e-07 40
1772812896598 1.7711094447544643e-06 41
1772812906791 -2.282006399972098e-06 42
1772812916909 -6.811959402901783e-08 43
1772812927294 2.5204249790736607e-06 44
1772812941062 1.5667506626674109e-06 45
1772812951268 -4.4277736118861603e-07 46
1772812961538 5.994524274553571e-06 47
1772812971667 0.0 48
1772812981796 -4.76837158203125e-06 49
1772812995670 -2.0435878208705359e-07 50
1772813005959 -4.0531158447265625e-06 51
1772813016193 1.021793910435268e-06 52
1772813026346 -3.50815909249442e-06 53
1772813036438 3.4059797014508935e-07 54
1772813050270 -2.350125994001116e-06 55
1772813060441 0.0 56
1772813070662 1.5326908656529018e-06 57
1772813080726 5.108969552176339e-07 58
1772813090705 6.4373016357421875e-06 59
1772813104229 -8.88960702078683e-06 60
1772813114197 -8.066495259602863e-06 61
1772813124413 -4.972730364118304e-06 62
1772813134375 -5.313328334263393e-06 63
1772813144277 -1.5667506626674107e-06 64
1772813157766 3.950936453683036e-06 65
1772813167568 -3.542218889508929e-06 66
1772813177462 9.877341134207592e-07 67
1772813187446 -5.415507725306919e-06 68
1772813197421 -5.245208740234375e-06 69
1772813210909 3.371919904436384e-06 70
1772813220977 -1.6008104596819195e-06 71
1772813230902 8.855547223772322e-06 72
1772813240835 0.0 73
1772813250716 -3.1335013253348213e-06 74
1772813264111 -2.0435878208705348e-07 75
1772813274080 -2.4523053850446426e-06 76
1772813284170 5.585806710379465e-06 77
1772813294053 3.269740513392857e-06 78
1772813303988 1.0899135044642857e-06 79
1772813317383 3.746577671595982e-06 80
1772813327276 1.3623918805803572e-06 81
1772813337150 2.1798270089285713e-06 82
1772813347065 0.0 83
1772813356964 5.449567522321428e-07 84
1772813370475 0.0 85
1772813380413 0.0 86
1772813390309 0.0 87
1772813400272 0.0 88
1772813410180 0.0 89
1772813423515 0.0 90
1772813433455 0.0 91
1772813443449 0.0 92
1772813453540 0.0 93
1772813463521 0.0 94
1772813476966 0.0 95
1772813486936 0.0 96
1772813496889 0.0 97
1772813506659 0.0 98
1772813516623 0.0 99
1772813530110 0.0 100
