1772812359931 4000.0 1
1772812369973 8000.0 2
1772812379521 12000.0 3
1772812388993 16000.0 4
1772812404406 20000.0 5
1772812413861 24000.0 6
1772812423382 28000.0 7
1772812432760 32000.0 8
1772812442180 36000.0 9
1772812455187 40000.0 10
1772812464503 44000.0 11
1772812473955 48000.0 12
1772812483300 52000.0 13
1772812492669 56000.0 14
1772812505649 60000.0 15
1772812515037 64000.0 16
1772812524423 68000.0 17
1772812533829 72000.0 18
1772812543065 76000.0 19
1772812555946 80000.0 20
1772812572408 44000.0 11
1772812582890 48000.0 12
1772812593466 52000.0 13
1772812603831 56000.0 14
1772812619646 60000.0 15
1772812629887 64000.0 16
1772812639848 68000.0 17
1772812649800 72000.0 18
1772812659704 76000.0 19
1772812673401 80000.0 20
1772812683524 84000.0 21
1772812693497 88000.0 22
1772812703457 92000.0 23
1772812713421 96000.0 24
1772812726846 100000.0 25
1772812736801 104000.0 26
1772812746675 108000.0 27
1772812756609 112000.0 28
1772812766580 116000.0 29
1772812780038 120000.0 30
1772812789972 124000.0 31
1772812799889 128000.0 32
1772812809824 132000.0 33
1772812819585 136000.0 34
1772812833114 140000.0 35
1772812843044 144000.0 36
1772812852859 148000.0 37
1772812862783 152000.0 38
1772812872660 156000.0 39
1772812886286 160000.0 40
1772812896598 164000.0 41
1772812906792 168000.0 42
1772812916913 172000.0 43
1772812927295 176000.0 44
1772812941063 180000.0 45
1772812951268 184000.0 46
1772812961539 188000.0 47
1772812971668 192000.0 48
1772812981796 196000.0 49
1772812995671 200000.0 50
1772813005960 204000.0 51
1772813016194 208000.0 52
1772813026347 212000.0 53
1772813036439 216000.0 54
1772813050271 220000.0 55
1772813060442 224000.0 56
1772813070663 228000.0 57
1772813080726 232000.0 58
1772813090705 236000.0 59
1772813104229 240000.0 60
1772813114199 244000.0 61
1772813124413 248000.0 62
1772813134376 252000.0 63
1772813144278 256000.0 64
1772813157766 260000.0 65
1772813167568 264000.0 66
1772813177462 268000.0 67
1772813187447 272000.0 68
1772813197422 276000.0 69
1772813210909 280000.0 70
1772813220978 284000.0 71
1772813230903 288000.0 72
1772813240836 292000.0 73
1772813250717 296000.0 74
1772813264112 300000.0 75
1772813274080 304000.0 76
1772813284171 308000.0 77
1772813294054 312000.0 78
1772813303989 316000.0 79
1772813317384 320000.0 80
1772813327277 324000.0 81
1772813337151 328000.0 82
1772813347065 332000.0 83
1772813356964 336000.0 84
1772813370476 340000.0 85
1772813380413 344000.0 86
1772813390310 348000.0 87
1772813400273 352000.0 88
1772813410181 356000.0 89
1772813423516 360000.0 90
1772813433456 364000.0 91
1772813443450 368000.0 92
1772813453541 372000.0 93
1772813463522 376000.0 94
1772813476967 380000.0 95
1772813486937 384000.0 96
1772813496889 388000.0 97
1772813506659 392000.0 98
1772813516624 396000.0 99
1772813530111 400000.0 100
