1772812359926 4000.0 1
1772812369969 4000.0 2
1772812379516 4000.0 3
1772812388988 4000.0 4
1772812404403 4000.0 5
1772812413857 4000.0 6
1772812423378 4000.0 7
1772812432755 4000.0 8
1772812442176 4000.0 9
1772812455183 4000.0 10
1772812464499 4000.0 11
1772812473951 4000.0 12
1772812483296 4000.0 13
1772812492665 4000.0 14
1772812505645 4000.0 15
1772812515033 4000.0 16
1772812524419 4000.0 17
1772812533825 4000.0 18
1772812543061 4000.0 19
1772812555941 4000.0 20
1772812572408 4000.0 11
1772812582889 4000.0 12
1772812593466 4000.0 13
1772812603831 4000.0 14
1772812619646 4000.0 15
1772812629886 4000.0 16
1772812639848 4000.0 17
1772812649800 4000.0 18
1772812659704 4000.0 19
1772812673401 4000.0 20
1772812683524 4000.0 21
1772812693497 4000.0 22
1772812703457 4000.0 23
1772812713421 4000.0 24
1772812726845 4000.0 25
1772812736801 4000.0 26
1772812746675 4000.0 27
1772812756609 4000.0 28
1772812766579 4000.0 29
1772812780037 4000.0 30
1772812789972 4000.0 31
1772812799889 4000.0 32
1772812809824 4000.0 33
1772812819585 4000.0 34
1772812833114 4000.0 35
1772812843044 4000.0 36
1772812852858 4000.0 37
1772812862782 4000.0 38
1772812872660 4000.0 39
1772812886286 4000.0 40
1772812896598 4000.0 41
1772812906792 4000.0 42
1772812916910 4000.0 43
1772812927294 4000.0 44
1772812941063 4000.0 45
1772812951268 4000.0 46
1772812961538 4000.0 47
1772812971668 4000.0 48
1772812981796 4000.0 49
1772812995670 4000.0 50
1772813005960 4000.0 51
1772813016193 4000.0 52
1772813026346 4000.0 53
1772813036439 4000.0 54
1772813050271 4000.0 55
1772813060442 4000.0 56
1772813070663 4000.0 57
1772813080726 4000.0 58
1772813090705 4000.0 59
1772813104229 4000.0 60
1772813114198 4000.0 61
1772813124413 4000.0 62
1772813134376 4000.0 63
1772813144278 4000.0 64
1772813157766 4000.0 65
1772813167568 4000.0 66
1772813177462 4000.0 67
1772813187447 4000.0 68
1772813197422 4000.0 69
1772813210909 4000.0 70
1772813220978 4000.0 71
1772813230903 4000.0 72
1772813240836 4000.0 73
1772813250716 4000.0 74
1772813264111 4000.0 75
1772813274080 4000.0 76
1772813284170 4000.0 77
1772813294053 4000.0 78
1772813303988 4000.0 79
1772813317384 4000.0 80
1772813327277 4000.0 81
1772813337151 4000.0 82
1772813347065 4000.0 83
1772813356964 4000.0 84
1772813370476 4000.0 85
1772813380413 4000.0 86
1772813390310 4000.0 87
1772813400273 4000.0 88
1772813410181 4000.0 89
1772813423516 4000.0 90
1772813433455 4000.0 91
1772813443450 4000.0 92
1772813453541 4000.0 93
1772813463521 4000.0 94
1772813476966 4000.0 95
1772813486937 4000.0 96
1772813496889 4000.0 97
1772813506659 4000.0 98
1772813516624 4000.0 99
1772813530111 4000.0 100
