1772812359927 12.0 1
1772812369969 26.0 2
1772812379516 40.0 3
1772812388988 54.0 4
1772812404403 68.0 5
1772812413857 82.0 6
1772812423379 96.0 7
1772812432756 110.0 8
1772812442176 124.0 9
1772812455184 138.0 10
1772812464500 152.0 11
1772812473951 166.0 12
1772812483296 178.0 13
1772812492665 192.0 14
1772812505645 206.0 15
1772812515033 220.0 16
1772812524419 234.0 17
1772812533825 248.0 18
1772812543061 262.0 19
1772812555941 276.0 20
1772812572408 150.0 11
1772812582890 164.0 12
1772812593467 178.0 13
1772812603832 192.0 14
1772812619647 206.0 15
1772812629887 220.0 16
1772812639848 234.0 17
1772812649801 248.0 18
1772812659705 262.0 19
1772812673402 276.0 20
1772812683525 290.0 21
1772812693498 304.0 22
1772812703458 316.0 23
1772812713422 330.0 24
1772812726846 344.0 25
1772812736802 358.0 26
1772812746675 372.0 27
1772812756610 386.0 28
1772812766580 400.0 29
1772812780038 414.0 30
1772812789973 428.0 31
1772812799890 442.0 32
1772812809825 456.0 33
1772812819585 470.0 34
1772812833115 484.0 35
1772812843045 496.0 36
1772812852859 510.0 37
1772812862783 524.0 38
1772812872661 538.0 39
1772812886288 552.0 40
1772812896599 566.0 41
1772812906793 580.0 42
1772812916914 594.0 43
1772812927295 608.0 44
1772812941064 622.0 45
1772812951269 636.0 46
1772812961539 650.0 47
1772812971668 662.0 48
1772812981797 676.0 49
1772812995671 690.0 50
1772813005961 704.0 51
1772813016194 718.0 52
1772813026347 732.0 53
1772813036439 746.0 54
1772813050272 760.0 55
1772813060443 774.0 56
1772813070664 788.0 57
1772813080727 802.0 58
1772813090706 816.0 59
1772813104230 830.0 60
1772813114199 842.0 61
1772813124414 856.0 62
1772813134376 870.0 63
1772813144279 884.0 64
1772813157767 898.0 65
1772813167569 912.0 66
1772813177463 926.0 67
1772813187447 940.0 68
1772813197423 954.0 69
1772813210910 968.0 70
1772813220979 982.0 71
1772813230903 996.0 72
1772813240836 1008.0 73
1772813250717 1022.0 74
1772813264112 1036.0 75
1772813274081 1050.0 76
1772813284171 1064.0 77
1772813294054 1078.0 78
1772813303989 1092.0 79
1772813317385 1106.0 80
1772813327278 1120.0 81
1772813337151 1134.0 82
1772813347066 1148.0 83
1772813356965 1162.0 84
1772813370477 1176.0 85
1772813380414 1188.0 86
1772813390310 1202.0 87
1772813400274 1216.0 88
1772813410181 1230.0 89
1772813423517 1244.0 90
1772813433456 1258.0 91
1772813443450 1272.0 92
1772813453542 1286.0 93
1772813463523 1300.0 94
1772813476967 1314.0 95
1772813486938 1328.0 96
1772813496890 1342.0 97
1772813506660 1354.0 98
1772813516624 1368.0 99
1772813530112 1382.0 100
