1772812359927 12.0 1
1772812369970 14.0 2
1772812379517 14.0 3
1772812388989 14.0 4
1772812404404 14.0 5
1772812413858 14.0 6
1772812423379 14.0 7
1772812432756 14.0 8
1772812442177 14.0 9
1772812455184 14.0 10
1772812464500 14.0 11
1772812473952 14.0 12
1772812483297 12.0 13
1772812492666 14.0 14
1772812505646 14.0 15
1772812515034 14.0 16
1772812524420 14.0 17
1772812533826 14.0 18
1772812543062 14.0 19
1772812555942 14.0 20
1772812572408 12.0 11
1772812582890 14.0 12
1772812593466 14.0 13
1772812603832 14.0 14
1772812619647 14.0 15
1772812629887 14.0 16
1772812639848 14.0 17
1772812649800 14.0 18
1772812659704 14.0 19
1772812673401 14.0 20
1772812683525 14.0 21
1772812693497 14.0 22
1772812703457 12.0 23
1772812713422 14.0 24
1772812726846 14.0 25
1772812736802 14.0 26
1772812746675 14.0 27
1772812756609 14.0 28
1772812766580 14.0 29
1772812780038 14.0 30
1772812789973 14.0 31
1772812799890 14.0 32
1772812809825 14.0 33
1772812819585 14.0 34
1772812833114 14.0 35
1772812843045 12.0 36
1772812852859 14.0 37
1772812862783 14.0 38
1772812872661 14.0 39
1772812886287 14.0 40
1772812896599 14.0 41
1772812906792 14.0 42
1772812916914 14.0 43
1772812927295 14.0 44
1772812941063 14.0 45
1772812951269 14.0 46
1772812961539 14.0 47
1772812971668 12.0 48
1772812981797 14.0 49
1772812995671 14.0 50
1772813005960 14.0 51
1772813016194 14.0 52
1772813026347 14.0 53
1772813036439 14.0 54
1772813050271 14.0 55
1772813060442 14.0 56
1772813070663 14.0 57
1772813080727 14.0 58
1772813090706 14.0 59
1772813104230 14.0 60
1772813114199 12.0 61
1772813124414 14.0 62
1772813134376 14.0 63
1772813144279 14.0 64
1772813157767 14.0 65
1772813167569 14.0 66
1772813177463 14.0 67
1772813187447 14.0 68
1772813197422 14.0 69
1772813210910 14.0 70
1772813220979 14.0 71
1772813230903 14.0 72
1772813240836 12.0 73
1772813250717 14.0 74
1772813264112 14.0 75
1772813274081 14.0 76
1772813284171 14.0 77
1772813294054 14.0 78
1772813303989 14.0 79
1772813317384 14.0 80
1772813327278 14.0 81
1772813337151 14.0 82
1772813347066 14.0 83
1772813356965 14.0 84
1772813370476 14.0 85
1772813380414 12.0 86
1772813390310 14.0 87
1772813400273 14.0 88
1772813410181 14.0 89
1772813423516 14.0 90
1772813433456 14.0 91
1772813443450 14.0 92
1772813453541 14.0 93
1772813463522 14.0 94
1772813476967 14.0 95
1772813486937 14.0 96
1772813496890 14.0 97
1772813506660 12.0 98
1772813516624 14.0 99
1772813530111 14.0 100
