1772812359929 0.00012843338204598259 1
1772812369971 0.00012957366979229375 2
1772812379519 0.00012416426496522772 3
1772812388991 0.00011854857872689703 4
1772812404405 0.0001180840676237389 5
1772812413859 0.00012358404841238097 6
1772812423380 0.0001215779847963284 7
1772812432758 0.00012148385040451282 8
1772812442178 0.00012373738017950996 9
1772812455185 0.00012085512376845144 10
1772812464502 0.0001222799016262435 11
1772812473953 0.00012381014908966354 12
1772812483298 0.00012246177399004196 13
1772812492667 0.00012028371231283308 14
1772812505647 0.0001230203322407899 15
1772812515035 0.00012297475803923596 16
1772812524421 0.00012028792921303405 17
1772812533827 0.0001237188195491972 18
1772812543063 0.00012177293416219416 19
1772812555944 0.00012050418482019884 20
1772812572409 0.00011765123075236892 11
1772812582891 0.00012122358302512539 12
1772812593467 0.00012968057583107956 13
1772812603833 0.0001277076040376854 14
1772812619647 0.0001177568327385606 15
1772812629887 0.0001186033379855742 16
1772812639849 0.00011822602174255684 17
1772812649801 0.00012092227311068013 18
1772812659705 0.00012050394201985269 19
1772812673402 0.0001187043392875342 20
1772812683525 0.00012464036634192153 21
1772812693498 0.00012293280399343825 22
1772812703458 0.00011995671217480561 23
1772812713422 0.0001219347070762146 24
1772812726846 0.00012022678860520868 25
1772812736802 0.00011976070961195834 26
1772812746676 0.00011859584383514646 27
1772812756610 0.00011888457842052237 28
1772812766580 0.00011853618780167287 29
1772812780039 0.00011950370932614766 30
1772812789973 0.00011857905028473333 31
1772812799890 0.00012125630491829127 32
1772812809825 0.0001209427799333943 33
1772812819586 0.00011762565724077179 34
1772812833115 0.00011886741222036904 35
1772812843045 0.00011892064798391481 36
1772812852859 0.00011905697677156568 37
1772812862783 0.00011901620499938502 38
1772812872661 0.00011877561200050607 39
1772812886288 0.00011952785573505318 40
1772812896599 0.0001249113317739706 41
1772812906793 0.00012245250561774426 42
1772812916915 0.00012277982769340145 43
1772812927296 0.0001243656608583511 44
1772812941064 0.00012215542237253578 45
1772812951269 0.00012196288534589399 46
1772812961540 0.00012356692727769015 47
1772812971669 0.00012116491412041171 48
1772812981797 0.00012021530252759563 49
1772812995672 0.00012199243548318344 50
1772813005961 0.00012706230465809232 51
1772813016194 0.0001287179004197515 52
1772813026347 0.00012736818175571374 53
1772813036439 0.0001197801471817926 54
1772813050272 0.00012282916938848444 55
1772813060443 0.00012121349823806153 56
1772813070664 0.0001228736755167201 57
1772813080727 0.00012002272366201495 58
1772813090706 0.0001196442434648522 59
1772813104230 0.00011896587643692704 60
1772813114199 0.000122096573893835 61
1772813124414 0.0001233247881720141 62
1772813134377 0.00012357867112361475 63
1772813144279 0.00012381514155074963 64
1772813157767 0.00012018474179098839 65
1772813167569 0.00012320427020221525 66
1772813177463 0.00012168726021356854 67
1772813187448 0.00012400157541842476 68
1772813197423 0.0001224730752964574 69
1772813210910 0.00011949693966223062 70
1772813220979 0.0001238444352675084 71
1772813230904 0.00012360754879842356 72
1772813240837 0.00012149872703686654 73
1772813250717 0.00012553819714843795 74
1772813264112 0.00011726192771029895 75
1772813274081 0.00011953038416537558 76
1772813284171 0.00011994310291891711 77
1772813294054 0.00011804838348065537 78
1772813303989 0.00011871789181100124 79
1772813317385 0.00011973640795081823 80
1772813327278 0.00011875923618519051 81
1772813337152 0.00011770506499090091 82
1772813347066 0.00011934128130842826 83
1772813356965 0.00011945985974675305 84
1772813370477 0.00011914563699460279 85
1772813380414 0.00012085351661624103 86
1772813390311 0.00012010794590204028 87
1772813400274 0.00012150795117812779 88
1772813410182 0.00011797872809774852 89
1772813423517 0.00011902278010010619 90
1772813433456 0.00012133168548928863 91
1772813443451 0.00012015772616406876 92
1772813453542 0.00012033550854244785 93
1772813463524 0.00012281476446529435 94
1772813476968 0.00012065485003680284 95
1772813486938 0.00011908265141752586 96
1772813496890 0.00012015299715337116 97
1772813506660 0.00011856237562898447 98
1772813516625 0.00011771751184382984 99
1772813530112 0.00012039859326606455 100
