1772812359927 1.4026878745062277 1
1772812369970 1.5279183749953518 2
1772812379517 1.3583096875081537 3
1772812388989 1.3414320625161054 4
1772812404403 1.3247127710055793 5
1772812413858 1.3515023959917016 6
1772812423379 1.4412567495019175 7
1772812432756 1.3257155415049056 8
1772812442176 1.344633562504896 9
1772812455184 1.3630485830071848 10
1772812464500 1.3406604369956767 11
1772812473951 1.3424070835171733 12
1772812483297 1.314062396006193 13
1772812492666 1.3137461044971133 14
1772812505646 1.3586416040052427 15
1772812515034 1.321043104006094 16
1772812524420 1.3080140624952037 17
1772812533826 1.3386540624924237 18
1772812543062 1.3138053959992249 19
1772812555942 1.3026737084874185 20
1772812572409 1.2700348119979026 11
1772812582891 1.395317853995948 12
1772812593467 1.3610773130058078 13
1772812603833 1.3810597080155276 14
1772812619647 1.2883603124937508 15
1772812629888 1.4848493544996018 16
1772812639849 1.4218087289918913 17
1772812649801 1.2839725840021856 18
1772812659705 1.2856633545015939 19
1772812673402 1.28540272898681 20
1772812683526 1.3178319165017456 21
1772812693498 1.2808711039979244 22
1772812703458 1.2850379164883634 23
1772812713423 1.321159187500598 24
1772812726847 1.2935239579819608 25
1772812736802 1.3370262079988606 26
1772812746676 1.2655382709926926 27
1772812756610 1.2888776455074549 28
1772812766581 1.2839432504988508 29
1772812780039 1.2984661669906927 30
1772812789973 1.2798433125135489 31
1772812799891 1.2922166455100523 32
1772812809826 1.2760108539951034 33
1772812819586 1.278177041996969 34
1772812833115 1.2796737080061575 35
1772812843046 1.292433812006493 36
1772812852860 1.2942970419826452 37
1772812862784 1.3011478335101856 38
1772812872661 1.2917964374937583 39
1772812886288 1.2954827084904537 40
1772812896600 1.3849669579940382 41
1772812906793 1.3183825204905588 42
1772812916915 1.3183051665109815 43
1772812927296 1.4089596245030407 44
1772812941064 1.3149985414929688 45
1772812951269 1.324647563000326 46
1772812961540 1.3146769579907414 47
1772812971669 1.3241734170005657 48
1772812981797 1.2919839379901532 49
1772812995672 1.3292135004885495 50
1772813005961 1.3462485625059344 51
1772813016195 1.3482615209941287 52
1772813026348 1.3386042500060285 53
1772813036440 1.3015356040123152 54
1772813050272 1.3181488329864806 55
1772813060443 1.3138755834952462 56
1772813070664 1.321250229011639 57
1772813080727 1.3993949170107953 58
1772813090706 1.2931662289920496 59
1772813104231 1.2684276255022269 60
1772813114200 1.3391477705008583 61
1772813124414 1.3389378335123183 62
1772813134377 1.3562493334902683 63
1772813144279 1.34197095799027 64
1772813157768 1.2721834584808676 65
1772813167569 1.3280497919913614 66
1772813177463 1.3218844790098956 67
1772813187448 1.3230845624930225 68
1772813197423 1.3382188335090177 69
1772813210910 1.276488083502045 70
1772813220980 1.3387275415007025 71
1772813230904 1.322725416510366 72
1772813240837 1.313967333495384 73
1772813250718 1.3401742704882054 74
1772813264113 1.266933708509896 75
1772813274082 1.304088895994937 76
1772813284172 1.4431368539953837 77
1772813294055 1.2901375204965007 78
1772813303990 1.2871877284924267 79
1772813317385 1.3148338125029113 80
1772813327278 1.2969457290018909 81
1772813337152 1.2963839164876845 82
1772813347067 1.3076738749950891 83
1772813356966 1.2959827500017127 84
1772813370477 1.3108231255027931 85
1772813380414 1.259234312994522 86
1772813390311 1.279106583504472 87
1772813400274 1.2858711459848564 88
1772813410182 1.2722000420035329 89
1772813423518 1.2846257704950403 90
1772813433457 1.317188396002166 91
1772813443451 1.2864123540057335 92
1772813453542 1.2786957090138458 93
1772813463525 1.2959127289941534 94
1772813476968 1.2762286459910683 95
1772813486938 1.2768292295077117 96
1772813496890 1.3033749375026673 97
1772813506660 1.2761462709895568 98
1772813516625 1.2793417084903922 99
1772813530112 1.2967757294973126 100
