1772812369975 8.3796251044987 2
1772812379522 8.497971167002106 3
1772812388994 8.187492875003954 4
1772812404407 8.131574645492947 5
1772812413862 14.077490270487033 6
1772812423383 8.115587395994226 7
1772812432761 8.070847187496838 8
1772812442181 8.055556749503012 9
1772812455188 8.075585854006931 10
1772812464505 11.637064937502146 11
1772812473956 7.982614083492081 12
1772812483301 8.105180854501668 13
1772812492670 8.034307895999518 14
1772812505650 8.054913291489356 15
1772812515038 11.619363208505092 16
1772812524424 8.06825735399616 17
1772812533830 8.076218916496146 18
1772812543066 8.06950043750112 19
1772812555947 7.91918262449326 20
1772812572409 nan 11
1772812582891 8.554241728998022 12
1772812593467 9.091195062501356 13
1772812603833 9.227637208488886 14
1772812619648 8.964784270487144 15
1772812629888 14.526017812007922 16
1772812639849 8.756220520983334 17
1772812649801 8.538577562489081 18
1772812659705 8.668225124492892 19
1772812673402 8.615226771493326 20
1772812683526 12.468295812504948 21
1772812693498 8.74791845800064 22
1772812703458 8.691998957991018 23
1772812713423 8.671549229009543 24
1772812726847 8.64102189600817 25
1772812736803 12.135427917004563 26
1772812746676 8.607245811988832 27
1772812756610 8.607947417011019 28
1772812766581 8.648895791498944 29
1772812780039 8.686718583499896 30
1772812789974 12.170511374511989 31
1772812799891 8.641973437494016 32
1772812809826 8.625528729491634 33
1772812819586 8.661292687989771 34
1772812833115 8.477875625001616 35
1772812843046 12.251136708509875 36
1772812852860 8.64079470850993 37
1772812862784 8.51888147900172 38
1772812872662 8.619688582999515 39
1772812886288 8.58858393751143 40
1772812896600 12.358423229001346 41
1772812906793 8.897709979501087 42
1772812916915 8.87160129151016 43
1772812927296 8.829101062990958 44
1772812941064 8.954217021004297 45
1772812951270 12.440193021000596 46
1772812961540 8.889836000511423 47
1772812971669 8.949805728989304 48
1772812981798 8.801256874998217 49
1772812995672 8.84308252048504 50
1772813005961 12.565805583508336 51
1772813016195 8.923402853994048 52
1772813026348 8.885371271011536 53
1772813036440 8.815628791999188 54
1772813050272 8.78915945799963 55
1772813060443 12.517114041504101 56
1772813070665 8.856055812502746 57
1772813080728 8.899511208495824 58
1772813090707 8.662882249511313 59
1772813104231 8.677850333493552 60
1772813114201 12.277082562504802 61
1772813124415 8.803702000004705 62
1772813134377 8.687157937485608 63
1772813144280 8.607202416504151 64
1772813157768 8.564244312496157 65
1772813167570 12.209580375012592 66
1772813177464 8.476673417011625 67
1772813187448 8.591837333515286 68
1772813197423 8.641347791490261 69
1772813210911 8.636898562501301 70
1772813220980 12.211830062500667 71
1772813230904 8.729074895498343 72
1772813240837 8.598651437991066 73
1772813250718 8.621803896006895 74
1772813264113 8.53772989549907 75
1772813274082 12.126656791500864 76
1772813284172 8.669239437993383 77
1772813294055 8.644135437498335 78
1772813303990 8.594135041508707 79
1772813317386 8.645806271015317 80
1772813327279 12.10007914599555 81
1772813337152 8.58058604200778 82
1772813347067 8.580810229497729 83
1772813356966 8.601346541501698 84
1772813370477 8.60738504199253 85
1772813380415 12.198977895503049 86
1772813390311 8.676165458498872 87
1772813400274 8.613253854506183 88
1772813410182 8.682936416997109 89
1772813423518 8.63009822901222 90
1772813433457 12.066812104501878 91
1772813443451 8.603806334009278 92
1772813453542 8.70738614599395 93
1772813463525 8.8182400414953 94
1772813476968 8.688799812502111 95
1772813486939 12.163633166492218 96
1772813496891 8.695867354501388 97
1772813506661 8.645273583504604 98
1772813516625 8.49457854150387 99
1772813530113 8.692643270987901 100
